486	-135.97	-158.55	269.02	0	255	0
486	-135.97	-158.55	269.02	0	255	0
486	-135.97	-158.55	269.02	0	255	0
486	-135.97	-158.55	269.03	0	255	0
486	-135.97	-158.55	269.03	0	255	0
486	-135.97	-158.55	269.04	0	255	0
486	-135.98	-158.55	269.05	0	255	0
486	-135.98	-158.56	269.07	0	255	0
486	-135.98	-158.56	269.08	0	255	0
486	-135.99	-158.56	269.1	0	255	0
486	-135.99	-158.56	269.12	0	255	0
486	-136.0	-158.56	269.14	0	255	0
486	-136.0	-158.56	269.16	0	255	0
486	-136.01	-158.56	269.18	0	255	0
486	-136.02	-158.56	269.21	0	255	0
486	-136.03	-158.56	269.24	0	255	0
486	-136.03	-158.56	269.27	0	255	0
486	-136.04	-158.57	269.3	0	255	0
486	-136.05	-158.57	269.33	0	255	0
486	-136.06	-158.57	269.36	0	255	0
486	-136.07	-158.57	269.4	0	255	0
486	-136.08	-158.57	269.44	0	255	0
486	-136.09	-158.57	269.47	0	255	0
486	-136.1	-158.57	269.51	0	255	0
486	-136.11	-158.58	269.56	0	255	0
486	-136.12	-158.58	269.6	0	255	0
486	-136.14	-158.58	269.64	0	255	0
486	-136.15	-158.58	269.69	0	255	0
486	-136.16	-158.58	269.74	0	255	0
486	-136.17	-158.59	269.78	0	255	0
486	-136.19	-158.59	269.83	0	255	0
486	-136.2	-158.59	269.88	0	255	0
486	-136.22	-158.59	269.94	0	255	0
486	-136.23	-158.6	269.99	0	255	0
486	-136.24	-158.6	270.04	0	255	0
486	-136.26	-158.6	270.1	0	255	0
486	-136.28	-158.6	270.16	0	255	0
486	-136.29	-158.6	270.22	0	255	0
486	-136.31	-158.61	270.27	0	255	0
486	-136.32	-158.61	270.33	0	255	0
486	-136.34	-158.61	270.4	0	255	0
486	-136.36	-158.62	270.46	0	255	0
486	-136.37	-158.62	270.52	0	255	0
486	-136.39	-158.62	270.58	0	255	0
486	-136.41	-158.62	270.65	0	255	0
486	-136.43	-158.63	270.71	0	255	0
486	-136.44	-158.63	270.78	0	255	0
486	-136.46	-158.63	270.85	0	255	0
486	-136.48	-158.63	270.92	0	255	0
486	-136.5	-158.64	270.98	0	255	0
486	-136.52	-158.64	271.05	0	255	0
486	-136.54	-158.64	271.12	0	255	0
486	-136.56	-158.65	271.2	0	255	0
486	-136.58	-158.65	271.27	0	255	0
486	-136.6	-158.65	271.34	0	255	0
486	-136.62	-158.66	271.41	0	255	0
486	-136.64	-158.66	271.49	0	255	0
486	-136.66	-158.66	271.56	0	255	0
486	-136.68	-158.67	271.63	0	255	0
486	-136.7	-158.67	271.71	0	255	0
486	-136.72	-158.67	271.78	0	255	0
486	-136.74	-158.68	271.86	0	255	0
486	-136.76	-158.68	271.94	0	255	0
486	-136.78	-158.68	272.01	0	255	0
486	-136.8	-158.69	272.09	0	255	0
486	-136.82	-158.69	272.17	0	255	0
486	-136.84	-158.69	272.24	0	255	0
486	-136.86	-158.7	272.32	0	255	0
486	-136.88	-158.7	272.4	0	255	0
486	-136.9	-158.7	272.48	0	255	0
486	-136.92	-158.71	272.55	0	255	0
486	-136.95	-158.71	272.63	0	255	0
486	-136.97	-158.71	272.71	0	255	0
486	-136.99	-158.72	272.79	0	255	0
486	-137.01	-158.72	272.87	0	255	0
486	-137.03	-158.72	272.95	0	255	0
486	-137.05	-158.73	273.03	0	255	0
486	-137.07	-158.73	273.1	0	255	0
486	-137.1	-158.73	273.18	0	255	0
486	-137.12	-158.74	273.26	0	255	0
486	-137.14	-158.74	273.34	0	255	0
486	-137.16	-158.74	273.42	0	255	0
486	-137.18	-158.75	273.5	0	255	0
486	-137.2	-158.75	273.57	0	255	0
486	-137.22	-158.75	273.65	0	255	0
486	-137.24	-158.76	273.73	0	255	0
486	-137.26	-158.76	273.81	0	255	0
486	-137.28	-158.76	273.88	0	255	0
486	-137.31	-158.77	273.96	0	255	0
486	-137.33	-158.77	274.03	0	255	0
486	-137.35	-158.77	274.11	0	255	0
486	-137.37	-158.78	274.19	0	255	0
486	-137.39	-158.78	274.26	0	255	0
486	-137.41	-158.78	274.33	0	255	0
486	-137.43	-158.78	274.41	0	255	0
486	-137.45	-158.79	274.48	0	255	0
486	-137.47	-158.79	274.55	0	255	0
486	-137.49	-158.79	274.63	0	255	0
486	-137.51	-158.8	274.7	0	255	0
486	-137.52	-158.8	274.77	0	255	0
486	-137.54	-158.8	274.84	0	255	0
486	-137.56	-158.81	274.91	0	255	0
486	-137.58	-158.81	274.98	0	255	0
486	-137.6	-158.81	275.05	0	255	0
486	-137.62	-158.81	275.11	0	255	0
486	-137.64	-158.82	275.18	0	255	0
486	-137.65	-158.82	275.25	0	255	0
486	-137.67	-158.82	275.31	0	255	0
486	-137.69	-158.83	275.37	0	255	0
486	-137.71	-158.83	275.44	0	255	0
486	-137.72	-158.83	275.5	0	255	0
486	-137.74	-158.83	275.56	0	255	0
486	-137.76	-158.84	275.62	0	255	0
486	-137.77	-158.84	275.68	0	255	0
486	-137.79	-158.84	275.74	0	255	0
486	-137.8	-158.84	275.79	0	255	0
486	-137.82	-158.85	275.85	0	255	0
486	-137.83	-158.85	275.9	0	255	0
486	-137.85	-158.85	275.96	0	255	0
486	-137.86	-158.85	276.01	0	255	0
486	-137.87	-158.86	276.06	0	255	0
486	-137.89	-158.86	276.11	0	255	0
486	-137.9	-158.86	276.16	0	255	0
486	-137.91	-158.86	276.21	0	255	0
486	-137.93	-158.86	276.25	0	255	0
486	-137.94	-158.87	276.3	0	255	0
486	-137.95	-158.87	276.34	0	255	0
486	-137.96	-158.87	276.38	0	255	0
486	-137.97	-158.87	276.42	0	255	0
486	-137.98	-158.87	276.46	0	255	0
486	-137.99	-158.87	276.5	0	255	0
486	-138.0	-158.88	276.53	0	255	0
486	-138.01	-158.88	276.57	0	255	0
486	-138.02	-158.88	276.6	0	255	0
486	-138.03	-158.88	276.63	0	255	0
486	-138.04	-158.88	276.66	0	255	0
486	-138.04	-158.88	276.68	0	255	0
486	-138.05	-158.88	276.71	0	255	0
486	-138.06	-158.88	276.73	0	255	0
486	-138.06	-158.89	276.76	0	255	0
486	-138.07	-158.89	276.78	0	255	0
486	-138.07	-158.89	276.8	0	255	0
486	-138.08	-158.89	276.81	0	255	0
486	-138.08	-158.89	276.83	0	255	0
486	-138.09	-158.89	276.84	0	255	0
486	-138.09	-158.89	276.85	0	255	0
486	-138.09	-158.89	276.86	0	255	0
486	-138.09	-158.89	276.87	0	255	0
486	-138.1	-158.89	276.87	0	255	0
486	-138.1	-158.89	276.88	0	255	0
486	-138.1	-158.89	276.88	0	255	0
486	-138.1	-158.89	276.88	0	255	0
486	-138.1	-158.89	276.87	0	255	0
486	-138.09	-158.89	276.87	0	255	0
486	-138.09	-158.89	276.86	0	255	0
486	-138.09	-158.89	276.85	0	255	0
486	-138.09	-158.89	276.84	0	255	0
486	-138.08	-158.89	276.83	0	255	0
486	-138.08	-158.89	276.81	0	255	0
486	-138.07	-158.89	276.8	0	255	0
486	-138.07	-158.89	276.78	0	255	0
486	-138.06	-158.89	276.76	0	255	0
486	-138.06	-158.88	276.74	0	255	0
486	-138.05	-158.88	276.71	0	255	0
486	-138.04	-158.88	276.69	0	255	0
486	-138.04	-158.88	276.66	0	255	0
486	-138.03	-158.88	276.63	0	255	0
486	-138.02	-158.88	276.6	0	255	0
486	-138.01	-158.88	276.57	0	255	0
486	-138.0	-158.88	276.54	0	255	0
486	-137.99	-158.87	276.5	0	255	0
486	-137.98	-158.87	276.46	0	255	0
486	-137.97	-158.87	276.43	0	255	0
486	-137.96	-158.87	276.39	0	255	0
486	-137.95	-158.87	276.34	0	255	0
486	-137.94	-158.87	276.3	0	255	0
486	-137.93	-158.86	276.26	0	255	0
486	-137.92	-158.86	276.21	0	255	0
486	-137.9	-158.86	276.17	0	255	0
486	-137.89	-158.86	276.12	0	255	0
486	-137.88	-158.86	276.07	0	255	0
486	-137.86	-158.85	276.02	0	255	0
486	-137.85	-158.85	275.97	0	255	0
486	-137.84	-158.85	275.92	0	255	0
486	-137.82	-158.85	275.86	0	255	0
486	-137.81	-158.84	275.81	0	255	0
486	-137.79	-158.84	275.75	0	255	0
486	-137.78	-158.84	275.69	0	255	0
486	-137.76	-158.84	275.63	0	255	0
486	-137.74	-158.83	275.58	0	255	0
486	-137.73	-158.83	275.51	0	255	0
486	-137.71	-158.83	275.45	0	255	0
486	-137.69	-158.83	275.39	0	255	0
486	-137.68	-158.82	275.33	0	255	0
486	-137.66	-158.82	275.26	0	255	0
486	-137.64	-158.82	275.2	0	255	0
486	-137.62	-158.82	275.13	0	255	0
486	-137.61	-158.81	275.07	0	255	0
486	-137.59	-158.81	275.0	0	255	0
486	-137.57	-158.81	274.93	0	255	0
486	-137.55	-158.8	274.86	0	255	0
486	-137.53	-158.8	274.79	0	255	0
486	-137.51	-158.8	274.72	0	255	0
486	-137.49	-158.8	274.65	0	255	0
486	-137.47	-158.79	274.58	0	255	0
486	-137.45	-158.79	274.51	0	255	0
486	-137.43	-158.79	274.44	0	255	0
486	-137.41	-158.78	274.36	0	255	0
486	-137.39	-158.78	274.29	0	255	0
486	-137.37	-158.78	274.21	0	255	0
486	-137.35	-158.77	274.14	0	255	0
486	-137.33	-158.77	274.07	0	255	0
486	-137.31	-158.77	273.99	0	255	0
486	-137.29	-158.76	273.91	0	255	0
486	-137.27	-158.76	273.84	0	255	0
486	-137.25	-158.76	273.76	0	255	0
486	-137.23	-158.75	273.68	0	255	0
486	-137.21	-158.75	273.61	0	255	0
486	-137.19	-158.75	273.53	0	255	0
486	-137.17	-158.74	273.45	0	255	0
486	-137.15	-158.74	273.38	0	255	0
486	-137.13	-158.74	273.3	0	255	0
486	-137.11	-158.73	273.22	0	255	0
486	-137.08	-158.73	273.14	0	255	0
486	-137.06	-158.73	273.06	0	255	0
486	-137.04	-158.72	272.99	0	255	0
486	-137.02	-158.72	272.91	0	255	0
486	-137.0	-158.72	272.83	0	255	0
486	-136.98	-158.71	272.75	0	255	0
486	-136.96	-158.71	272.67	0	255	0
486	-136.94	-158.71	272.6	0	255	0
486	-136.92	-158.7	272.52	0	255	0
486	-136.89	-158.7	272.44	0	255	0
486	-136.87	-158.7	272.36	0	255	0
486	-136.85	-158.69	272.29	0	255	0
486	-136.83	-158.69	272.21	0	255	0
486	-136.81	-158.69	272.13	0	255	0
486	-136.79	-158.68	272.06	0	255	0
486	-136.77	-158.68	271.98	0	255	0
486	-136.75	-158.68	271.9	0	255	0
486	-136.73	-158.67	271.83	0	255	0
486	-136.71	-158.67	271.75	0	255	0
486	-136.69	-158.67	271.68	0	255	0
486	-136.67	-158.66	271.6	0	255	0
486	-136.65	-158.66	271.53	0	255	0
486	-136.63	-158.66	271.46	0	255	0
486	-136.61	-158.65	271.39	0	255	0
486	-136.59	-158.65	271.31	0	255	0
486	-136.57	-158.65	271.24	0	255	0
486	-136.55	-158.65	271.17	0	255	0
486	-136.53	-158.64	271.1	0	255	0
486	-136.51	-158.64	271.03	0	255	0
486	-136.49	-158.64	270.96	0	255	0
486	-136.48	-158.63	270.89	0	255	0
486	-136.46	-158.63	270.83	0	255	0
486	-136.44	-158.63	270.76	0	255	0
486	-136.42	-158.63	270.69	0	255	0
486	-136.4	-158.62	270.63	0	255	0
486	-136.39	-158.62	270.57	0	255	0
486	-136.37	-158.62	270.5	0	255	0
486	-136.35	-158.61	270.44	0	255	0
486	-136.34	-158.61	270.38	0	255	0
486	-136.32	-158.61	270.32	0	255	0
486	-136.3	-158.61	270.26	0	255	0
486	-136.29	-158.6	270.2	0	255	0
486	-136.27	-158.6	270.14	0	255	0
486	-136.26	-158.6	270.09	0	255	0
486	-136.24	-158.6	270.03	0	255	0
486	-136.23	-158.59	269.98	0	255	0
486	-136.21	-158.59	269.93	0	255	0
486	-136.2	-158.59	269.87	0	255	0
486	-136.19	-158.59	269.82	0	255	0
486	-136.17	-158.59	269.77	0	255	0
486	-136.16	-158.58	269.73	0	255	0
486	-136.15	-158.58	269.68	0	255	0
486	-136.13	-158.58	269.64	0	255	0
486	-136.12	-158.58	269.59	0	255	0
486	-136.11	-158.58	269.55	0	255	0
486	-136.1	-158.57	269.51	0	255	0
486	-136.09	-158.57	269.47	0	255	0
486	-136.08	-158.57	269.43	0	255	0
486	-136.07	-158.57	269.39	0	255	0
486	-136.06	-158.57	269.36	0	255	0
486	-136.05	-158.57	269.32	0	255	0
486	-136.04	-158.57	269.29	0	255	0
486	-136.03	-158.56	269.26	0	255	0
486	-136.03	-158.56	269.23	0	255	0
486	-136.02	-158.56	269.21	0	255	0
486	-136.01	-158.56	269.18	0	255	0
486	-136.0	-158.56	269.16	0	255	0
486	-136.0	-158.56	269.14	0	255	0
486	-135.99	-158.56	269.12	0	255	0
486	-135.99	-158.56	269.1	0	255	0
486	-135.98	-158.56	269.08	0	255	0
486	-135.98	-158.56	269.07	0	255	0
486	-135.98	-158.55	269.05	0	255	0
486	-135.97	-158.55	269.04	0	255	0
486	-135.97	-158.55	269.03	0	255	0
486	-135.97	-158.55	269.03	0	255	0
486	-135.97	-158.55	269.02	0	255	0
486	-135.97	-158.55	269.02	0	255	0
486	-135.97	-158.55	269.02	0	255	0
486	-135.97	-158.55	269.02	0	255	0
486	-135.97	-158.55	269.02	0	255	0
486	-135.97	-158.55	269.02	0	255	0
486	-135.97	-158.55	269.02	0	255	0
486	-135.97	-158.55	269.02	0	255	0
486	-135.97	-158.55	269.02	0	255	0
486	-135.97	-158.55	269.02	0	255	0
486	-135.97	-158.55	269.02	0	255	0
486	-135.97	-158.55	269.02	0	255	0
486	-135.97	-158.55	269.02	0	255	0
486	-135.97	-158.55	269.02	0	255	0
486	-135.97	-158.55	269.02	0	255	0
486	-135.97	-158.55	269.02	0	255	0
486	-135.97	-158.55	269.02	0	255	0
486	-135.97	-158.55	269.02	0	255	0
486	-135.97	-158.55	269.02	0	255	0
486	-135.97	-158.55	269.02	0	255	0
486	-135.97	-158.55	269.02	0	255	0
486	-135.97	-158.55	269.02	0	255	0
486	-135.97	-158.55	269.02	0	255	0
486	-135.97	-158.55	269.02	0	255	0
486	-135.97	-158.55	269.02	0	255	0
486	-135.97	-158.55	269.02	0	255	0
486	-135.97	-158.55	269.02	0	255	0
486	-135.97	-158.55	269.02	0	255	0
486	-135.97	-158.55	269.02	0	255	0
486	-135.97	-158.55	269.02	0	255	0
486	-135.97	-158.55	269.02	0	255	0
486	-135.97	-158.55	269.02	0	255	0
486	-135.97	-158.55	269.02	0	255	0
486	-135.97	-158.55	269.02	0	255	0
486	-135.97	-158.55	269.02	0	255	0
486	-135.97	-158.55	269.02	0	255	0
486	-135.97	-158.55	269.02	0	255	0
486	-135.97	-158.55	269.02	0	255	0
486	-135.97	-158.55	269.02	0	255	0
486	-135.97	-158.55	269.02	0	255	0
486	-135.97	-158.55	269.02	0	255	0
486	-135.97	-158.55	269.02	0	255	0
486	-135.97	-158.55	269.02	0	255	0
486	-135.97	-158.55	269.02	0	255	0
486	-135.97	-158.55	269.02	0	255	0
486	-135.97	-158.55	269.02	0	255	0
486	-135.97	-158.55	269.02	0	255	0
486	-135.97	-158.55	269.02	0	255	0
486	-135.97	-158.55	269.02	0	255	0
486	-135.97	-158.55	269.02	0	255	0
486	-135.97	-158.55	269.02	0	255	0
486	-135.97	-158.55	269.02	0	255	0
486	-135.97	-158.55	269.02	0	255	0
486	-135.97	-158.55	269.02	0	255	0
486	-135.97	-158.55	269.02	0	255	0
486	-135.97	-158.55	269.02	0	255	0
486	-135.97	-158.55	269.02	0	255	0
486	-135.97	-158.55	269.02	0	255	0
486	-135.97	-158.55	269.02	0	255	0
486	-135.97	-158.55	269.02	0	255	0
486	-135.97	-158.55	269.02	0	255	0
486	-135.97	-158.55	269.02	0	255	0
486	-135.97	-158.55	269.02	0	255	0
486	-135.97	-158.55	269.02	0	255	0
486	-135.97	-158.55	269.02	0	255	0
486	-135.97	-158.55	269.02	0	255	0
486	-135.97	-158.55	269.02	0	255	0
486	-135.97	-158.55	269.02	0	255	0
486	-135.97	-158.55	269.02	0	255	0
486	-135.97	-158.55	269.02	0	255	0
486	-135.97	-158.55	269.02	0	255	0
486	-135.97	-158.55	269.02	0	255	0
486	-135.97	-158.55	269.02	0	255	0
486	-135.97	-158.55	269.02	0	255	0
486	-135.97	-158.55	269.02	0	255	0
486	-135.97	-158.55	269.02	0	255	0
486	-135.97	-158.55	269.02	0	255	0
486	-135.97	-158.55	269.02	0	255	0
486	-135.97	-158.55	269.02	0	255	0
486	-135.97	-158.55	269.02	0	255	0
486	-135.97	-158.55	269.02	0	255	0
486	-135.97	-158.55	269.02	0	255	0
486	-135.97	-158.55	269.02	0	255	0
486	-135.97	-158.55	269.02	0	255	0
486	-135.97	-158.55	269.02	0	255	0
486	-135.97	-158.55	269.02	0	255	0
486	-135.97	-158.55	269.02	0	255	0
486	-135.97	-158.55	269.02	0	255	0
486	-135.97	-158.55	269.02	0	255	0
486	-135.97	-158.55	269.02	0	255	0
486	-135.97	-158.55	269.02	0	255	0
486	-135.97	-158.55	269.02	0	255	0
486	-135.97	-158.55	269.02	0	255	0
486	-135.97	-158.55	269.02	0	255	0
486	-135.97	-158.55	269.02	0	255	0
486	-135.97	-158.55	269.02	0	255	0
486	-135.97	-158.55	269.02	0	255	0
486	-135.97	-158.55	269.02	0	255	0
486	-135.97	-158.55	269.02	0	255	0
486	-135.97	-158.55	269.02	0	255	0
486	-135.97	-158.55	269.02	0	255	0
486	-135.97	-158.55	269.02	0	255	0
486	-135.97	-158.55	269.02	0	255	0
486	-135.97	-158.55	269.02	0	255	0
486	-135.97	-158.55	269.02	0	255	0
486	-135.97	-158.55	269.02	0	255	0
486	-135.97	-158.55	269.02	0	255	0
486	-135.97	-158.55	269.02	0	255	0
486	-135.97	-158.55	269.02	0	255	0
486	-135.97	-158.55	269.02	0	255	0
486	-135.97	-158.55	269.02	0	255	0
486	-135.97	-158.55	269.02	0	255	0
486	-135.97	-158.55	269.02	0	255	0
486	-135.97	-158.55	269.02	0	255	0
486	-135.97	-158.55	269.02	0	255	0
486	-135.97	-158.55	269.02	0	255	0
486	-135.97	-158.55	269.02	0	255	0
486	-135.97	-158.55	269.02	0	255	0
486	-135.97	-158.55	269.02	0	255	0
486	-135.97	-158.55	269.02	0	255	0
486	-135.97	-158.55	269.02	0	255	0
486	-135.97	-158.55	269.02	0	255	0
486	-135.97	-158.55	269.02	0	255	0
486	-135.97	-158.55	269.02	0	255	0
486	-135.97	-158.55	269.02	0	255	0
486	-135.97	-158.55	269.02	0	255	0
486	-135.97	-158.55	269.02	0	255	0
486	-135.97	-158.55	269.02	0	255	0
486	-135.97	-158.55	269.02	0	255	0
486	-135.97	-158.55	269.02	0	255	0
486	-135.97	-158.55	269.02	0	255	0
486	-135.97	-158.55	269.02	0	255	0
486	-135.97	-158.55	269.02	0	255	0
486	-135.97	-158.55	269.02	0	255	0
486	-135.97	-158.55	269.02	0	255	0
486	-135.97	-158.55	269.02	0	255	0
486	-135.97	-158.55	269.02	0	255	0
486	-135.97	-158.55	269.02	0	255	0
486	-135.97	-158.55	269.02	0	255	0
486	-135.97	-158.55	269.02	0	255	0
486	-135.97	-158.55	269.02	0	255	0
486	-135.97	-158.55	269.02	0	255	0
486	-135.97	-158.55	269.02	0	255	0
486	-135.97	-158.55	269.02	0	255	0
486	-135.97	-158.55	269.02	0	255	0
486	-135.97	-158.55	269.02	0	255	0
486	-135.97	-158.55	269.02	0	255	0
486	-135.97	-158.55	269.02	0	255	0
486	-135.97	-158.55	269.02	0	255	0
486	-135.97	-158.55	269.02	0	255	0
486	-135.97	-158.55	269.02	0	255	0
486	-135.97	-158.55	269.02	0	255	0
