488	-98.56	-152.63	268.38	0	255	0
488	-98.56	-152.63	268.38	0	255	0
488	-98.56	-152.63	268.39	0	255	0
488	-98.56	-152.63	268.39	0	255	0
488	-98.56	-152.63	268.4	0	255	0
488	-98.55	-152.63	268.41	0	255	0
488	-98.55	-152.63	268.42	0	255	0
488	-98.55	-152.63	268.43	0	255	0
488	-98.54	-152.63	268.45	0	255	0
488	-98.54	-152.63	268.46	0	255	0
488	-98.53	-152.62	268.48	0	255	0
488	-98.53	-152.62	268.5	0	255	0
488	-98.52	-152.62	268.53	0	255	0
488	-98.52	-152.62	268.55	0	255	0
488	-98.51	-152.62	268.57	0	255	0
488	-98.5	-152.62	268.6	0	255	0
488	-98.49	-152.62	268.63	0	255	0
488	-98.48	-152.62	268.66	0	255	0
488	-98.47	-152.62	268.69	0	255	0
488	-98.47	-152.61	268.73	0	255	0
488	-98.46	-152.61	268.76	0	255	0
488	-98.44	-152.61	268.8	0	255	0
488	-98.43	-152.61	268.84	0	255	0
488	-98.42	-152.61	268.88	0	255	0
488	-98.41	-152.61	268.92	0	255	0
488	-98.4	-152.6	268.96	0	255	0
488	-98.39	-152.6	269.0	0	255	0
488	-98.37	-152.6	269.05	0	255	0
488	-98.36	-152.6	269.1	0	255	0
488	-98.35	-152.6	269.14	0	255	0
488	-98.33	-152.59	269.19	0	255	0
488	-98.32	-152.59	269.24	0	255	0
488	-98.31	-152.59	269.3	0	255	0
488	-98.29	-152.59	269.35	0	255	0
488	-98.28	-152.58	269.4	0	255	0
488	-98.26	-152.58	269.46	0	255	0
488	-98.24	-152.58	269.51	0	255	0
488	-98.23	-152.58	269.57	0	255	0
488	-98.21	-152.57	269.63	0	255	0
488	-98.19	-152.57	269.69	0	255	0
488	-98.18	-152.57	269.75	0	255	0
488	-98.16	-152.57	269.81	0	255	0
488	-98.14	-152.56	269.87	0	255	0
488	-98.13	-152.56	269.94	0	255	0
488	-98.11	-152.56	270.0	0	255	0
488	-98.09	-152.55	270.07	0	255	0
488	-98.07	-152.55	270.13	0	255	0
488	-98.05	-152.55	270.2	0	255	0
488	-98.03	-152.55	270.27	0	255	0
488	-98.01	-152.54	270.33	0	255	0
488	-97.99	-152.54	270.4	0	255	0
488	-97.98	-152.54	270.47	0	255	0
488	-97.96	-152.53	270.54	0	255	0
488	-97.94	-152.53	270.61	0	255	0
488	-97.92	-152.53	270.69	0	255	0
488	-97.9	-152.52	270.76	0	255	0
488	-97.87	-152.52	270.83	0	255	0
488	-97.85	-152.52	270.9	0	255	0
488	-97.83	-152.51	270.98	0	255	0
488	-97.81	-152.51	271.05	0	255	0
488	-97.79	-152.51	271.13	0	255	0
488	-97.77	-152.5	271.2	0	255	0
488	-97.75	-152.5	271.28	0	255	0
488	-97.73	-152.5	271.35	0	255	0
488	-97.71	-152.49	271.43	0	255	0
488	-97.69	-152.49	271.5	0	255	0
488	-97.66	-152.49	271.58	0	255	0
488	-97.64	-152.48	271.66	0	255	0
488	-97.62	-152.48	271.73	0	255	0
488	-97.6	-152.48	271.81	0	255	0
488	-97.58	-152.47	271.89	0	255	0
488	-97.56	-152.47	271.97	0	255	0
488	-97.53	-152.47	272.04	0	255	0
488	-97.51	-152.46	272.12	0	255	0
488	-97.49	-152.46	272.2	0	255	0
488	-97.47	-152.46	272.28	0	255	0
488	-97.45	-152.45	272.36	0	255	0
488	-97.42	-152.45	272.43	0	255	0
488	-97.4	-152.45	272.51	0	255	0
488	-97.38	-152.44	272.59	0	255	0
488	-97.36	-152.44	272.67	0	255	0
488	-97.34	-152.44	272.74	0	255	0
488	-97.32	-152.43	272.82	0	255	0
488	-97.29	-152.43	272.9	0	255	0
488	-97.27	-152.42	272.98	0	255	0
488	-97.25	-152.42	273.05	0	255	0
488	-97.23	-152.42	273.13	0	255	0
488	-97.21	-152.41	273.2	0	255	0
488	-97.19	-152.41	273.28	0	255	0
488	-97.17	-152.41	273.36	0	255	0
488	-97.14	-152.4	273.43	0	255	0
488	-97.12	-152.4	273.51	0	255	0
488	-97.1	-152.4	273.58	0	255	0
488	-97.08	-152.39	273.65	0	255	0
488	-97.06	-152.39	273.73	0	255	0
488	-97.04	-152.39	273.8	0	255	0
488	-97.02	-152.38	273.87	0	255	0
488	-97.0	-152.38	273.94	0	255	0
488	-96.98	-152.38	274.01	0	255	0
488	-96.96	-152.38	274.08	0	255	0
488	-96.94	-152.37	274.15	0	255	0
488	-96.92	-152.37	274.22	0	255	0
488	-96.9	-152.37	274.29	0	255	0
488	-96.88	-152.36	274.36	0	255	0
488	-96.87	-152.36	274.42	0	255	0
488	-96.85	-152.36	274.49	0	255	0
488	-96.83	-152.35	274.55	0	255	0
488	-96.81	-152.35	274.62	0	255	0
488	-96.79	-152.35	274.68	0	255	0
488	-96.78	-152.35	274.74	0	255	0
488	-96.76	-152.34	274.81	0	255	0
488	-96.74	-152.34	274.87	0	255	0
488	-96.72	-152.34	274.93	0	255	0
488	-96.71	-152.34	274.98	0	255	0
488	-96.69	-152.33	275.04	0	255	0
488	-96.68	-152.33	275.1	0	255	0
488	-96.66	-152.33	275.15	0	255	0
488	-96.65	-152.33	275.21	0	255	0
488	-96.63	-152.32	275.26	0	255	0
488	-96.62	-152.32	275.31	0	255	0
488	-96.6	-152.32	275.36	0	255	0
488	-96.59	-152.32	275.41	0	255	0
488	-96.58	-152.31	275.46	0	255	0
488	-96.56	-152.31	275.51	0	255	0
488	-96.55	-152.31	275.55	0	255	0
488	-96.54	-152.31	275.6	0	255	0
488	-96.52	-152.31	275.64	0	255	0
488	-96.51	-152.3	275.68	0	255	0
488	-96.5	-152.3	275.72	0	255	0
488	-96.49	-152.3	275.76	0	255	0
488	-96.48	-152.3	275.79	0	255	0
488	-96.47	-152.3	275.83	0	255	0
488	-96.46	-152.3	275.86	0	255	0
488	-96.45	-152.29	275.89	0	255	0
488	-96.44	-152.29	275.93	0	255	0
488	-96.44	-152.29	275.95	0	255	0
488	-96.43	-152.29	275.98	0	255	0
488	-96.42	-152.29	276.01	0	255	0
488	-96.41	-152.29	276.03	0	255	0
488	-96.41	-152.29	276.05	0	255	0
488	-96.4	-152.29	276.07	0	255	0
488	-96.4	-152.29	276.09	0	255	0
488	-96.39	-152.29	276.11	0	255	0
488	-96.39	-152.28	276.12	0	255	0
488	-96.39	-152.28	276.14	0	255	0
488	-96.38	-152.28	276.15	0	255	0
488	-96.38	-152.28	276.16	0	255	0
488	-96.38	-152.28	276.16	0	255	0
488	-96.38	-152.28	276.17	0	255	0
488	-96.38	-152.28	276.17	0	255	0
488	-96.37	-152.28	276.17	0	255	0
488	-96.38	-152.28	276.17	0	255	0
488	-96.38	-152.28	276.17	0	255	0
488	-96.38	-152.28	276.16	0	255	0
488	-96.38	-152.28	276.16	0	255	0
488	-96.38	-152.28	276.15	0	255	0
488	-96.38	-152.28	276.14	0	255	0
488	-96.39	-152.28	276.12	0	255	0
488	-96.39	-152.29	276.11	0	255	0
488	-96.4	-152.29	276.09	0	255	0
488	-96.4	-152.29	276.07	0	255	0
488	-96.41	-152.29	276.05	0	255	0
488	-96.41	-152.29	276.03	0	255	0
488	-96.42	-152.29	276.01	0	255	0
488	-96.43	-152.29	275.98	0	255	0
488	-96.44	-152.29	275.96	0	255	0
488	-96.44	-152.29	275.93	0	255	0
488	-96.45	-152.29	275.9	0	255	0
488	-96.46	-152.3	275.87	0	255	0
488	-96.47	-152.3	275.83	0	255	0
488	-96.48	-152.3	275.8	0	255	0
488	-96.49	-152.3	275.76	0	255	0
488	-96.5	-152.3	275.72	0	255	0
488	-96.51	-152.3	275.69	0	255	0
488	-96.52	-152.31	275.64	0	255	0
488	-96.53	-152.31	275.6	0	255	0
488	-96.55	-152.31	275.56	0	255	0
488	-96.56	-152.31	275.51	0	255	0
488	-96.57	-152.31	275.47	0	255	0
488	-96.59	-152.32	275.42	0	255	0
488	-96.6	-152.32	275.37	0	255	0
488	-96.61	-152.32	275.32	0	255	0
488	-96.63	-152.32	275.27	0	255	0
488	-96.64	-152.32	275.22	0	255	0
488	-96.66	-152.33	275.17	0	255	0
488	-96.67	-152.33	275.11	0	255	0
488	-96.69	-152.33	275.06	0	255	0
488	-96.7	-152.33	275.0	0	255	0
488	-96.72	-152.34	274.94	0	255	0
488	-96.74	-152.34	274.88	0	255	0
488	-96.75	-152.34	274.82	0	255	0
488	-96.77	-152.35	274.76	0	255	0
488	-96.79	-152.35	274.7	0	255	0
488	-96.81	-152.35	274.64	0	255	0
488	-96.82	-152.35	274.57	0	255	0
488	-96.84	-152.36	274.51	0	255	0
488	-96.86	-152.36	274.44	0	255	0
488	-96.88	-152.36	274.38	0	255	0
488	-96.9	-152.37	274.31	0	255	0
488	-96.92	-152.37	274.24	0	255	0
488	-96.94	-152.37	274.18	0	255	0
488	-96.95	-152.37	274.11	0	255	0
488	-96.97	-152.38	274.04	0	255	0
488	-96.99	-152.38	273.97	0	255	0
488	-97.01	-152.38	273.9	0	255	0
488	-97.03	-152.39	273.83	0	255	0
488	-97.05	-152.39	273.75	0	255	0
488	-97.07	-152.39	273.68	0	255	0
488	-97.09	-152.4	273.61	0	255	0
488	-97.12	-152.4	273.53	0	255	0
488	-97.14	-152.4	273.46	0	255	0
488	-97.16	-152.41	273.39	0	255	0
488	-97.18	-152.41	273.31	0	255	0
488	-97.2	-152.41	273.24	0	255	0
488	-97.22	-152.42	273.16	0	255	0
488	-97.24	-152.42	273.09	0	255	0
488	-97.26	-152.42	273.01	0	255	0
488	-97.28	-152.43	272.93	0	255	0
488	-97.31	-152.43	272.86	0	255	0
488	-97.33	-152.43	272.78	0	255	0
488	-97.35	-152.44	272.7	0	255	0
488	-97.37	-152.44	272.63	0	255	0
488	-97.39	-152.44	272.55	0	255	0
488	-97.41	-152.45	272.47	0	255	0
488	-97.44	-152.45	272.39	0	255	0
488	-97.46	-152.45	272.32	0	255	0
488	-97.48	-152.46	272.24	0	255	0
488	-97.5	-152.46	272.16	0	255	0
488	-97.52	-152.46	272.08	0	255	0
488	-97.54	-152.47	272.01	0	255	0
488	-97.57	-152.47	271.93	0	255	0
488	-97.59	-152.47	271.85	0	255	0
488	-97.61	-152.48	271.78	0	255	0
488	-97.63	-152.48	271.7	0	255	0
488	-97.65	-152.48	271.62	0	255	0
488	-97.67	-152.49	271.55	0	255	0
488	-97.69	-152.49	271.47	0	255	0
488	-97.72	-152.5	271.4	0	255	0
488	-97.74	-152.5	271.32	0	255	0
488	-97.76	-152.5	271.24	0	255	0
488	-97.78	-152.51	271.17	0	255	0
488	-97.8	-152.51	271.1	0	255	0
488	-97.82	-152.51	271.02	0	255	0
488	-97.84	-152.51	270.95	0	255	0
488	-97.86	-152.52	270.88	0	255	0
488	-97.88	-152.52	270.8	0	255	0
488	-97.9	-152.52	270.73	0	255	0
488	-97.92	-152.53	270.66	0	255	0
488	-97.94	-152.53	270.59	0	255	0
488	-97.96	-152.53	270.52	0	255	0
488	-97.98	-152.54	270.45	0	255	0
488	-98.0	-152.54	270.38	0	255	0
488	-98.02	-152.54	270.31	0	255	0
488	-98.04	-152.55	270.24	0	255	0
488	-98.06	-152.55	270.18	0	255	0
488	-98.08	-152.55	270.11	0	255	0
488	-98.09	-152.55	270.05	0	255	0
488	-98.11	-152.56	269.98	0	255	0
488	-98.13	-152.56	269.92	0	255	0
488	-98.15	-152.56	269.86	0	255	0
488	-98.17	-152.57	269.79	0	255	0
488	-98.18	-152.57	269.73	0	255	0
488	-98.2	-152.57	269.67	0	255	0
488	-98.22	-152.57	269.62	0	255	0
488	-98.23	-152.58	269.56	0	255	0
488	-98.25	-152.58	269.5	0	255	0
488	-98.26	-152.58	269.45	0	255	0
488	-98.28	-152.58	269.39	0	255	0
488	-98.29	-152.59	269.34	0	255	0
488	-98.31	-152.59	269.28	0	255	0
488	-98.32	-152.59	269.23	0	255	0
488	-98.34	-152.59	269.18	0	255	0
488	-98.35	-152.6	269.14	0	255	0
488	-98.36	-152.6	269.09	0	255	0
488	-98.38	-152.6	269.04	0	255	0
488	-98.39	-152.6	269.0	0	255	0
488	-98.4	-152.6	268.95	0	255	0
488	-98.41	-152.61	268.91	0	255	0
488	-98.42	-152.61	268.87	0	255	0
488	-98.44	-152.61	268.83	0	255	0
488	-98.45	-152.61	268.79	0	255	0
488	-98.46	-152.61	268.76	0	255	0
488	-98.47	-152.61	268.72	0	255	0
488	-98.48	-152.62	268.69	0	255	0
488	-98.48	-152.62	268.66	0	255	0
488	-98.49	-152.62	268.63	0	255	0
488	-98.5	-152.62	268.6	0	255	0
488	-98.51	-152.62	268.57	0	255	0
488	-98.52	-152.62	268.55	0	255	0
488	-98.52	-152.62	268.52	0	255	0
488	-98.53	-152.62	268.5	0	255	0
488	-98.53	-152.62	268.48	0	255	0
488	-98.54	-152.63	268.46	0	255	0
488	-98.54	-152.63	268.45	0	255	0
488	-98.55	-152.63	268.43	0	255	0
488	-98.55	-152.63	268.42	0	255	0
488	-98.55	-152.63	268.41	0	255	0
488	-98.56	-152.63	268.4	0	255	0
488	-98.56	-152.63	268.39	0	255	0
488	-98.56	-152.63	268.39	0	255	0
488	-98.56	-152.63	268.38	0	255	0
488	-98.56	-152.63	268.38	0	255	0
488	-98.56	-152.63	268.38	0	255	0
488	-98.56	-152.63	268.38	0	255	0
488	-98.56	-152.63	268.38	0	255	0
488	-98.56	-152.63	268.38	0	255	0
488	-98.56	-152.63	268.38	0	255	0
488	-98.56	-152.63	268.38	0	255	0
488	-98.56	-152.63	268.38	0	255	0
488	-98.56	-152.63	268.38	0	255	0
488	-98.56	-152.63	268.38	0	255	0
488	-98.56	-152.63	268.38	0	255	0
488	-98.56	-152.63	268.38	0	255	0
488	-98.56	-152.63	268.38	0	255	0
488	-98.56	-152.63	268.38	0	255	0
488	-98.56	-152.63	268.38	0	255	0
488	-98.56	-152.63	268.38	0	255	0
488	-98.56	-152.63	268.38	0	255	0
488	-98.56	-152.63	268.38	0	255	0
488	-98.56	-152.63	268.38	0	255	0
488	-98.56	-152.63	268.38	0	255	0
488	-98.56	-152.63	268.38	0	255	0
488	-98.56	-152.63	268.38	0	255	0
488	-98.56	-152.63	268.38	0	255	0
488	-98.56	-152.63	268.38	0	255	0
488	-98.56	-152.63	268.38	0	255	0
488	-98.56	-152.63	268.38	0	255	0
488	-98.56	-152.63	268.38	0	255	0
488	-98.56	-152.63	268.38	0	255	0
488	-98.56	-152.63	268.38	0	255	0
488	-98.56	-152.63	268.38	0	255	0
488	-98.56	-152.63	268.38	0	255	0
488	-98.56	-152.63	268.38	0	255	0
488	-98.56	-152.63	268.38	0	255	0
488	-98.56	-152.63	268.38	0	255	0
488	-98.56	-152.63	268.38	0	255	0
488	-98.56	-152.63	268.38	0	255	0
488	-98.56	-152.63	268.38	0	255	0
488	-98.56	-152.63	268.38	0	255	0
488	-98.56	-152.63	268.38	0	255	0
488	-98.56	-152.63	268.38	0	255	0
488	-98.56	-152.63	268.38	0	255	0
488	-98.56	-152.63	268.38	0	255	0
488	-98.56	-152.63	268.38	0	255	0
488	-98.56	-152.63	268.38	0	255	0
488	-98.56	-152.63	268.38	0	255	0
488	-98.56	-152.63	268.38	0	255	0
488	-98.56	-152.63	268.38	0	255	0
488	-98.56	-152.63	268.38	0	255	0
488	-98.56	-152.63	268.38	0	255	0
488	-98.56	-152.63	268.38	0	255	0
488	-98.56	-152.63	268.38	0	255	0
488	-98.56	-152.63	268.38	0	255	0
488	-98.56	-152.63	268.38	0	255	0
488	-98.56	-152.63	268.38	0	255	0
488	-98.56	-152.63	268.38	0	255	0
488	-98.56	-152.63	268.38	0	255	0
488	-98.56	-152.63	268.38	0	255	0
488	-98.56	-152.63	268.38	0	255	0
488	-98.56	-152.63	268.38	0	255	0
488	-98.56	-152.63	268.38	0	255	0
488	-98.56	-152.63	268.38	0	255	0
488	-98.56	-152.63	268.38	0	255	0
488	-98.56	-152.63	268.38	0	255	0
488	-98.56	-152.63	268.38	0	255	0
488	-98.56	-152.63	268.38	0	255	0
488	-98.56	-152.63	268.38	0	255	0
488	-98.56	-152.63	268.38	0	255	0
488	-98.56	-152.63	268.38	0	255	0
488	-98.56	-152.63	268.38	0	255	0
488	-98.56	-152.63	268.38	0	255	0
488	-98.56	-152.63	268.38	0	255	0
488	-98.56	-152.63	268.38	0	255	0
488	-98.56	-152.63	268.38	0	255	0
488	-98.56	-152.63	268.38	0	255	0
488	-98.56	-152.63	268.38	0	255	0
488	-98.56	-152.63	268.38	0	255	0
488	-98.56	-152.63	268.38	0	255	0
488	-98.56	-152.63	268.38	0	255	0
488	-98.56	-152.63	268.38	0	255	0
488	-98.56	-152.63	268.38	0	255	0
488	-98.56	-152.63	268.38	0	255	0
488	-98.56	-152.63	268.38	0	255	0
488	-98.56	-152.63	268.38	0	255	0
488	-98.56	-152.63	268.38	0	255	0
488	-98.56	-152.63	268.38	0	255	0
488	-98.56	-152.63	268.38	0	255	0
488	-98.56	-152.63	268.38	0	255	0
488	-98.56	-152.63	268.38	0	255	0
488	-98.56	-152.63	268.38	0	255	0
488	-98.56	-152.63	268.38	0	255	0
488	-98.56	-152.63	268.38	0	255	0
488	-98.56	-152.63	268.38	0	255	0
488	-98.56	-152.63	268.38	0	255	0
488	-98.56	-152.63	268.38	0	255	0
488	-98.56	-152.63	268.38	0	255	0
488	-98.56	-152.63	268.38	0	255	0
488	-98.56	-152.63	268.38	0	255	0
488	-98.56	-152.63	268.38	0	255	0
488	-98.56	-152.63	268.38	0	255	0
488	-98.56	-152.63	268.38	0	255	0
488	-98.56	-152.63	268.38	0	255	0
488	-98.56	-152.63	268.38	0	255	0
488	-98.56	-152.63	268.38	0	255	0
488	-98.56	-152.63	268.38	0	255	0
488	-98.56	-152.63	268.38	0	255	0
488	-98.56	-152.63	268.38	0	255	0
488	-98.56	-152.63	268.38	0	255	0
488	-98.56	-152.63	268.38	0	255	0
488	-98.56	-152.63	268.38	0	255	0
488	-98.56	-152.63	268.38	0	255	0
488	-98.56	-152.63	268.38	0	255	0
488	-98.56	-152.63	268.38	0	255	0
488	-98.56	-152.63	268.38	0	255	0
488	-98.56	-152.63	268.38	0	255	0
488	-98.56	-152.63	268.38	0	255	0
488	-98.56	-152.63	268.38	0	255	0
488	-98.56	-152.63	268.38	0	255	0
488	-98.56	-152.63	268.38	0	255	0
488	-98.56	-152.63	268.38	0	255	0
488	-98.56	-152.63	268.38	0	255	0
488	-98.56	-152.63	268.38	0	255	0
488	-98.56	-152.63	268.38	0	255	0
488	-98.56	-152.63	268.38	0	255	0
488	-98.56	-152.63	268.38	0	255	0
488	-98.56	-152.63	268.38	0	255	0
488	-98.56	-152.63	268.38	0	255	0
488	-98.56	-152.63	268.38	0	255	0
488	-98.56	-152.63	268.38	0	255	0
488	-98.56	-152.63	268.38	0	255	0
488	-98.56	-152.63	268.38	0	255	0
488	-98.56	-152.63	268.38	0	255	0
488	-98.56	-152.63	268.38	0	255	0
488	-98.56	-152.63	268.38	0	255	0
488	-98.56	-152.63	268.38	0	255	0
488	-98.56	-152.63	268.38	0	255	0
488	-98.56	-152.63	268.38	0	255	0
488	-98.56	-152.63	268.38	0	255	0
488	-98.56	-152.63	268.38	0	255	0
488	-98.56	-152.63	268.38	0	255	0
488	-98.56	-152.63	268.38	0	255	0
488	-98.56	-152.63	268.38	0	255	0
488	-98.56	-152.63	268.38	0	255	0
488	-98.56	-152.63	268.38	0	255	0
488	-98.56	-152.63	268.38	0	255	0
488	-98.56	-152.63	268.38	0	255	0
488	-98.56	-152.63	268.38	0	255	0
488	-98.56	-152.63	268.38	0	255	0
488	-98.56	-152.63	268.38	0	255	0
488	-98.56	-152.63	268.38	0	255	0
488	-98.56	-152.63	268.38	0	255	0
