489	-95.96	-152.22	266.97	0	255	0
489	-95.96	-152.22	266.97	0	255	0
489	-95.96	-152.22	266.98	0	255	0
489	-95.95	-152.22	266.98	0	255	0
489	-95.95	-152.22	266.99	0	255	0
489	-95.95	-152.22	267.0	0	255	0
489	-95.95	-152.21	267.01	0	255	0
489	-95.94	-152.21	267.02	0	255	0
489	-95.94	-152.21	267.04	0	255	0
489	-95.93	-152.21	267.05	0	255	0
489	-95.93	-152.21	267.07	0	255	0
489	-95.92	-152.21	267.09	0	255	0
489	-95.91	-152.21	267.11	0	255	0
489	-95.9	-152.21	267.13	0	255	0
489	-95.9	-152.21	267.16	0	255	0
489	-95.89	-152.21	267.19	0	255	0
489	-95.88	-152.2	267.21	0	255	0
489	-95.87	-152.2	267.24	0	255	0
489	-95.86	-152.2	267.28	0	255	0
489	-95.85	-152.2	267.31	0	255	0
489	-95.84	-152.2	267.34	0	255	0
489	-95.82	-152.2	267.38	0	255	0
489	-95.81	-152.19	267.42	0	255	0
489	-95.8	-152.19	267.46	0	255	0
489	-95.79	-152.19	267.5	0	255	0
489	-95.77	-152.19	267.54	0	255	0
489	-95.76	-152.18	267.58	0	255	0
489	-95.74	-152.18	267.62	0	255	0
489	-95.73	-152.18	267.67	0	255	0
489	-95.71	-152.18	267.72	0	255	0
489	-95.7	-152.18	267.77	0	255	0
489	-95.68	-152.17	267.81	0	255	0
489	-95.67	-152.17	267.87	0	255	0
489	-95.65	-152.17	267.92	0	255	0
489	-95.63	-152.16	267.97	0	255	0
489	-95.61	-152.16	268.02	0	255	0
489	-95.6	-152.16	268.08	0	255	0
489	-95.58	-152.16	268.14	0	255	0
489	-95.56	-152.15	268.19	0	255	0
489	-95.54	-152.15	268.25	0	255	0
489	-95.52	-152.15	268.31	0	255	0
489	-95.5	-152.14	268.37	0	255	0
489	-95.48	-152.14	268.43	0	255	0
489	-95.46	-152.14	268.49	0	255	0
489	-95.44	-152.13	268.56	0	255	0
489	-95.42	-152.13	268.62	0	255	0
489	-95.4	-152.13	268.68	0	255	0
489	-95.38	-152.12	268.75	0	255	0
489	-95.36	-152.12	268.82	0	255	0
489	-95.33	-152.12	268.88	0	255	0
489	-95.31	-152.11	268.95	0	255	0
489	-95.29	-152.11	269.02	0	255	0
489	-95.27	-152.11	269.09	0	255	0
489	-95.24	-152.1	269.16	0	255	0
489	-95.22	-152.1	269.23	0	255	0
489	-95.2	-152.1	269.3	0	255	0
489	-95.18	-152.09	269.37	0	255	0
489	-95.15	-152.09	269.44	0	255	0
489	-95.13	-152.09	269.51	0	255	0
489	-95.11	-152.08	269.58	0	255	0
489	-95.08	-152.08	269.66	0	255	0
489	-95.06	-152.07	269.73	0	255	0
489	-95.03	-152.07	269.8	0	255	0
489	-95.01	-152.07	269.88	0	255	0
489	-94.98	-152.06	269.95	0	255	0
489	-94.96	-152.06	270.03	0	255	0
489	-94.94	-152.05	270.1	0	255	0
489	-94.91	-152.05	270.18	0	255	0
489	-94.89	-152.05	270.25	0	255	0
489	-94.86	-152.04	270.33	0	255	0
489	-94.84	-152.04	270.4	0	255	0
489	-94.81	-152.04	270.48	0	255	0
489	-94.79	-152.03	270.56	0	255	0
489	-94.76	-152.03	270.63	0	255	0
489	-94.74	-152.02	270.71	0	255	0
489	-94.71	-152.02	270.79	0	255	0
489	-94.69	-152.02	270.86	0	255	0
489	-94.66	-152.01	270.94	0	255	0
489	-94.64	-152.01	271.01	0	255	0
489	-94.61	-152.0	271.09	0	255	0
489	-94.59	-152.0	271.17	0	255	0
489	-94.56	-152.0	271.24	0	255	0
489	-94.54	-151.99	271.32	0	255	0
489	-94.52	-151.99	271.39	0	255	0
489	-94.49	-151.98	271.47	0	255	0
489	-94.47	-151.98	271.54	0	255	0
489	-94.44	-151.98	271.62	0	255	0
489	-94.42	-151.97	271.69	0	255	0
489	-94.39	-151.97	271.77	0	255	0
489	-94.37	-151.96	271.84	0	255	0
489	-94.35	-151.96	271.91	0	255	0
489	-94.32	-151.96	271.99	0	255	0
489	-94.3	-151.95	272.06	0	255	0
489	-94.27	-151.95	272.13	0	255	0
489	-94.25	-151.95	272.2	0	255	0
489	-94.23	-151.94	272.27	0	255	0
489	-94.2	-151.94	272.34	0	255	0
489	-94.18	-151.94	272.41	0	255	0
489	-94.16	-151.93	272.48	0	255	0
489	-94.14	-151.93	272.55	0	255	0
489	-94.11	-151.92	272.62	0	255	0
489	-94.09	-151.92	272.69	0	255	0
489	-94.07	-151.92	272.76	0	255	0
489	-94.05	-151.91	272.82	0	255	0
489	-94.03	-151.91	272.89	0	255	0
489	-94.01	-151.91	272.95	0	255	0
489	-93.99	-151.9	273.01	0	255	0
489	-93.97	-151.9	273.08	0	255	0
489	-93.95	-151.9	273.14	0	255	0
489	-93.93	-151.89	273.2	0	255	0
489	-93.91	-151.89	273.26	0	255	0
489	-93.89	-151.89	273.32	0	255	0
489	-93.87	-151.89	273.38	0	255	0
489	-93.85	-151.88	273.43	0	255	0
489	-93.83	-151.88	273.49	0	255	0
489	-93.81	-151.88	273.55	0	255	0
489	-93.8	-151.87	273.6	0	255	0
489	-93.78	-151.87	273.65	0	255	0
489	-93.76	-151.87	273.7	0	255	0
489	-93.74	-151.87	273.76	0	255	0
489	-93.73	-151.86	273.8	0	255	0
489	-93.71	-151.86	273.85	0	255	0
489	-93.7	-151.86	273.9	0	255	0
489	-93.68	-151.86	273.95	0	255	0
489	-93.67	-151.85	273.99	0	255	0
489	-93.65	-151.85	274.03	0	255	0
489	-93.64	-151.85	274.07	0	255	0
489	-93.63	-151.85	274.11	0	255	0
489	-93.61	-151.85	274.15	0	255	0
489	-93.6	-151.84	274.19	0	255	0
489	-93.59	-151.84	274.23	0	255	0
489	-93.58	-151.84	274.26	0	255	0
489	-93.57	-151.84	274.29	0	255	0
489	-93.56	-151.84	274.33	0	255	0
489	-93.55	-151.83	274.36	0	255	0
489	-93.54	-151.83	274.38	0	255	0
489	-93.53	-151.83	274.41	0	255	0
489	-93.52	-151.83	274.44	0	255	0
489	-93.52	-151.83	274.46	0	255	0
489	-93.51	-151.83	274.48	0	255	0
489	-93.5	-151.83	274.5	0	255	0
489	-93.5	-151.83	274.52	0	255	0
489	-93.49	-151.83	274.54	0	255	0
489	-93.49	-151.82	274.55	0	255	0
489	-93.48	-151.82	274.56	0	255	0
489	-93.48	-151.82	274.57	0	255	0
489	-93.48	-151.82	274.58	0	255	0
489	-93.47	-151.82	274.59	0	255	0
489	-93.47	-151.82	274.59	0	255	0
489	-93.47	-151.82	274.6	0	255	0
489	-93.47	-151.82	274.6	0	255	0
489	-93.47	-151.82	274.6	0	255	0
489	-93.47	-151.82	274.59	0	255	0
489	-93.47	-151.82	274.59	0	255	0
489	-93.47	-151.82	274.58	0	255	0
489	-93.48	-151.82	274.57	0	255	0
489	-93.48	-151.82	274.56	0	255	0
489	-93.49	-151.82	274.55	0	255	0
489	-93.49	-151.83	274.54	0	255	0
489	-93.5	-151.83	274.52	0	255	0
489	-93.5	-151.83	274.5	0	255	0
489	-93.51	-151.83	274.48	0	255	0
489	-93.51	-151.83	274.46	0	255	0
489	-93.52	-151.83	274.44	0	255	0
489	-93.53	-151.83	274.41	0	255	0
489	-93.54	-151.83	274.39	0	255	0
489	-93.55	-151.83	274.36	0	255	0
489	-93.56	-151.84	274.33	0	255	0
489	-93.57	-151.84	274.3	0	255	0
489	-93.58	-151.84	274.27	0	255	0
489	-93.59	-151.84	274.23	0	255	0
489	-93.6	-151.84	274.2	0	255	0
489	-93.61	-151.85	274.16	0	255	0
489	-93.63	-151.85	274.12	0	255	0
489	-93.64	-151.85	274.08	0	255	0
489	-93.65	-151.85	274.04	0	255	0
489	-93.67	-151.85	274.0	0	255	0
489	-93.68	-151.86	273.95	0	255	0
489	-93.69	-151.86	273.91	0	255	0
489	-93.71	-151.86	273.86	0	255	0
489	-93.73	-151.86	273.81	0	255	0
489	-93.74	-151.87	273.77	0	255	0
489	-93.76	-151.87	273.72	0	255	0
489	-93.77	-151.87	273.66	0	255	0
489	-93.79	-151.87	273.61	0	255	0
489	-93.81	-151.88	273.56	0	255	0
489	-93.83	-151.88	273.5	0	255	0
489	-93.84	-151.88	273.45	0	255	0
489	-93.86	-151.88	273.39	0	255	0
489	-93.88	-151.89	273.33	0	255	0
489	-93.9	-151.89	273.28	0	255	0
489	-93.92	-151.89	273.22	0	255	0
489	-93.94	-151.9	273.16	0	255	0
489	-93.96	-151.9	273.09	0	255	0
489	-93.98	-151.9	273.03	0	255	0
489	-94.0	-151.91	272.97	0	255	0
489	-94.02	-151.91	272.91	0	255	0
489	-94.04	-151.91	272.84	0	255	0
489	-94.06	-151.92	272.78	0	255	0
489	-94.09	-151.92	272.71	0	255	0
489	-94.11	-151.92	272.64	0	255	0
489	-94.13	-151.93	272.58	0	255	0
489	-94.15	-151.93	272.51	0	255	0
489	-94.17	-151.93	272.44	0	255	0
489	-94.2	-151.94	272.37	0	255	0
489	-94.22	-151.94	272.3	0	255	0
489	-94.24	-151.94	272.23	0	255	0
489	-94.27	-151.95	272.16	0	255	0
489	-94.29	-151.95	272.09	0	255	0
489	-94.31	-151.96	272.02	0	255	0
489	-94.34	-151.96	271.94	0	255	0
489	-94.36	-151.96	271.87	0	255	0
489	-94.38	-151.97	271.8	0	255	0
489	-94.41	-151.97	271.72	0	255	0
489	-94.43	-151.97	271.65	0	255	0
489	-94.46	-151.98	271.58	0	255	0
489	-94.48	-151.98	271.5	0	255	0
489	-94.5	-151.99	271.43	0	255	0
489	-94.53	-151.99	271.35	0	255	0
489	-94.55	-151.99	271.28	0	255	0
489	-94.58	-152.0	271.2	0	255	0
489	-94.6	-152.0	271.13	0	255	0
489	-94.63	-152.01	271.05	0	255	0
489	-94.65	-152.01	270.97	0	255	0
489	-94.68	-152.01	270.9	0	255	0
489	-94.7	-152.02	270.82	0	255	0
489	-94.73	-152.02	270.75	0	255	0
489	-94.75	-152.03	270.67	0	255	0
489	-94.78	-152.03	270.6	0	255	0
489	-94.8	-152.03	270.52	0	255	0
489	-94.82	-152.04	270.44	0	255	0
489	-94.85	-152.04	270.37	0	255	0
489	-94.87	-152.04	270.29	0	255	0
489	-94.9	-152.05	270.22	0	255	0
489	-94.92	-152.05	270.14	0	255	0
489	-94.95	-152.06	270.07	0	255	0
489	-94.97	-152.06	269.99	0	255	0
489	-95.0	-152.06	269.92	0	255	0
489	-95.02	-152.07	269.85	0	255	0
489	-95.04	-152.07	269.77	0	255	0
489	-95.07	-152.08	269.7	0	255	0
489	-95.09	-152.08	269.63	0	255	0
489	-95.11	-152.08	269.56	0	255	0
489	-95.14	-152.09	269.48	0	255	0
489	-95.16	-152.09	269.41	0	255	0
489	-95.18	-152.09	269.34	0	255	0
489	-95.21	-152.1	269.27	0	255	0
489	-95.23	-152.1	269.2	0	255	0
489	-95.25	-152.1	269.13	0	255	0
489	-95.28	-152.11	269.06	0	255	0
489	-95.3	-152.11	268.99	0	255	0
489	-95.32	-152.12	268.93	0	255	0
489	-95.34	-152.12	268.86	0	255	0
489	-95.36	-152.12	268.79	0	255	0
489	-95.38	-152.13	268.73	0	255	0
489	-95.41	-152.13	268.66	0	255	0
489	-95.43	-152.13	268.6	0	255	0
489	-95.45	-152.14	268.54	0	255	0
489	-95.47	-152.14	268.48	0	255	0
489	-95.49	-152.14	268.41	0	255	0
489	-95.51	-152.15	268.35	0	255	0
489	-95.53	-152.15	268.29	0	255	0
489	-95.54	-152.15	268.24	0	255	0
489	-95.56	-152.15	268.18	0	255	0
489	-95.58	-152.16	268.12	0	255	0
489	-95.6	-152.16	268.07	0	255	0
489	-95.62	-152.16	268.01	0	255	0
489	-95.64	-152.17	267.96	0	255	0
489	-95.65	-152.17	267.91	0	255	0
489	-95.67	-152.17	267.85	0	255	0
489	-95.69	-152.17	267.8	0	255	0
489	-95.7	-152.18	267.76	0	255	0
489	-95.72	-152.18	267.71	0	255	0
489	-95.73	-152.18	267.66	0	255	0
489	-95.75	-152.18	267.62	0	255	0
489	-95.76	-152.19	267.57	0	255	0
489	-95.77	-152.19	267.53	0	255	0
489	-95.79	-152.19	267.49	0	255	0
489	-95.8	-152.19	267.45	0	255	0
489	-95.81	-152.19	267.41	0	255	0
489	-95.83	-152.2	267.37	0	255	0
489	-95.84	-152.2	267.34	0	255	0
489	-95.85	-152.2	267.3	0	255	0
489	-95.86	-152.2	267.27	0	255	0
489	-95.87	-152.2	267.24	0	255	0
489	-95.88	-152.2	267.21	0	255	0
489	-95.89	-152.21	267.18	0	255	0
489	-95.9	-152.21	267.16	0	255	0
489	-95.9	-152.21	267.13	0	255	0
489	-95.91	-152.21	267.11	0	255	0
489	-95.92	-152.21	267.09	0	255	0
489	-95.93	-152.21	267.07	0	255	0
489	-95.93	-152.21	267.05	0	255	0
489	-95.94	-152.21	267.03	0	255	0
489	-95.94	-152.21	267.02	0	255	0
489	-95.95	-152.21	267.01	0	255	0
489	-95.95	-152.22	267.0	0	255	0
489	-95.95	-152.22	266.99	0	255	0
489	-95.95	-152.22	266.98	0	255	0
489	-95.96	-152.22	266.98	0	255	0
489	-95.96	-152.22	266.97	0	255	0
489	-95.96	-152.22	266.97	0	255	0
489	-95.96	-152.22	266.97	0	255	0
489	-95.96	-152.22	266.97	0	255	0
489	-95.96	-152.22	266.97	0	255	0
489	-95.96	-152.22	266.97	0	255	0
489	-95.96	-152.22	266.97	0	255	0
489	-95.96	-152.22	266.97	0	255	0
489	-95.96	-152.22	266.97	0	255	0
489	-95.96	-152.22	266.97	0	255	0
489	-95.96	-152.22	266.97	0	255	0
489	-95.96	-152.22	266.97	0	255	0
489	-95.96	-152.22	266.97	0	255	0
489	-95.96	-152.22	266.97	0	255	0
489	-95.96	-152.22	266.97	0	255	0
489	-95.96	-152.22	266.97	0	255	0
489	-95.96	-152.22	266.97	0	255	0
489	-95.96	-152.22	266.97	0	255	0
489	-95.96	-152.22	266.97	0	255	0
489	-95.96	-152.22	266.97	0	255	0
489	-95.96	-152.22	266.97	0	255	0
489	-95.96	-152.22	266.97	0	255	0
489	-95.96	-152.22	266.97	0	255	0
489	-95.96	-152.22	266.97	0	255	0
489	-95.96	-152.22	266.97	0	255	0
489	-95.96	-152.22	266.97	0	255	0
489	-95.96	-152.22	266.97	0	255	0
489	-95.96	-152.22	266.97	0	255	0
489	-95.96	-152.22	266.97	0	255	0
489	-95.96	-152.22	266.97	0	255	0
489	-95.96	-152.22	266.97	0	255	0
489	-95.96	-152.22	266.97	0	255	0
489	-95.96	-152.22	266.97	0	255	0
489	-95.96	-152.22	266.97	0	255	0
489	-95.96	-152.22	266.97	0	255	0
489	-95.96	-152.22	266.97	0	255	0
489	-95.96	-152.22	266.97	0	255	0
489	-95.96	-152.22	266.97	0	255	0
489	-95.96	-152.22	266.97	0	255	0
489	-95.96	-152.22	266.97	0	255	0
489	-95.96	-152.22	266.97	0	255	0
489	-95.96	-152.22	266.97	0	255	0
489	-95.96	-152.22	266.97	0	255	0
489	-95.96	-152.22	266.97	0	255	0
489	-95.96	-152.22	266.97	0	255	0
489	-95.96	-152.22	266.97	0	255	0
489	-95.96	-152.22	266.97	0	255	0
489	-95.96	-152.22	266.97	0	255	0
489	-95.96	-152.22	266.97	0	255	0
489	-95.96	-152.22	266.97	0	255	0
489	-95.96	-152.22	266.97	0	255	0
489	-95.96	-152.22	266.97	0	255	0
489	-95.96	-152.22	266.97	0	255	0
489	-95.96	-152.22	266.97	0	255	0
489	-95.96	-152.22	266.97	0	255	0
489	-95.96	-152.22	266.97	0	255	0
489	-95.96	-152.22	266.97	0	255	0
489	-95.96	-152.22	266.97	0	255	0
489	-95.96	-152.22	266.97	0	255	0
489	-95.96	-152.22	266.97	0	255	0
489	-95.96	-152.22	266.97	0	255	0
489	-95.96	-152.22	266.97	0	255	0
489	-95.96	-152.22	266.97	0	255	0
489	-95.96	-152.22	266.97	0	255	0
489	-95.96	-152.22	266.97	0	255	0
489	-95.96	-152.22	266.97	0	255	0
489	-95.96	-152.22	266.97	0	255	0
489	-95.96	-152.22	266.97	0	255	0
489	-95.96	-152.22	266.97	0	255	0
489	-95.96	-152.22	266.97	0	255	0
489	-95.96	-152.22	266.97	0	255	0
489	-95.96	-152.22	266.97	0	255	0
489	-95.96	-152.22	266.97	0	255	0
489	-95.96	-152.22	266.97	0	255	0
489	-95.96	-152.22	266.97	0	255	0
489	-95.96	-152.22	266.97	0	255	0
489	-95.96	-152.22	266.97	0	255	0
489	-95.96	-152.22	266.97	0	255	0
489	-95.96	-152.22	266.97	0	255	0
489	-95.96	-152.22	266.97	0	255	0
489	-95.96	-152.22	266.97	0	255	0
489	-95.96	-152.22	266.97	0	255	0
489	-95.96	-152.22	266.97	0	255	0
489	-95.96	-152.22	266.97	0	255	0
489	-95.96	-152.22	266.97	0	255	0
489	-95.96	-152.22	266.97	0	255	0
489	-95.96	-152.22	266.97	0	255	0
489	-95.96	-152.22	266.97	0	255	0
489	-95.96	-152.22	266.97	0	255	0
489	-95.96	-152.22	266.97	0	255	0
489	-95.96	-152.22	266.97	0	255	0
489	-95.96	-152.22	266.97	0	255	0
489	-95.96	-152.22	266.97	0	255	0
489	-95.96	-152.22	266.97	0	255	0
489	-95.96	-152.22	266.97	0	255	0
489	-95.96	-152.22	266.97	0	255	0
489	-95.96	-152.22	266.97	0	255	0
489	-95.96	-152.22	266.97	0	255	0
489	-95.96	-152.22	266.97	0	255	0
489	-95.96	-152.22	266.97	0	255	0
489	-95.96	-152.22	266.97	0	255	0
489	-95.96	-152.22	266.97	0	255	0
489	-95.96	-152.22	266.97	0	255	0
489	-95.96	-152.22	266.97	0	255	0
489	-95.96	-152.22	266.97	0	255	0
489	-95.96	-152.22	266.97	0	255	0
489	-95.96	-152.22	266.97	0	255	0
489	-95.96	-152.22	266.97	0	255	0
489	-95.96	-152.22	266.97	0	255	0
489	-95.96	-152.22	266.97	0	255	0
489	-95.96	-152.22	266.97	0	255	0
489	-95.96	-152.22	266.97	0	255	0
489	-95.96	-152.22	266.97	0	255	0
489	-95.96	-152.22	266.97	0	255	0
489	-95.96	-152.22	266.97	0	255	0
489	-95.96	-152.22	266.97	0	255	0
489	-95.96	-152.22	266.97	0	255	0
489	-95.96	-152.22	266.97	0	255	0
489	-95.96	-152.22	266.97	0	255	0
489	-95.96	-152.22	266.97	0	255	0
489	-95.96	-152.22	266.97	0	255	0
489	-95.96	-152.22	266.97	0	255	0
489	-95.96	-152.22	266.97	0	255	0
489	-95.96	-152.22	266.97	0	255	0
489	-95.96	-152.22	266.97	0	255	0
489	-95.96	-152.22	266.97	0	255	0
489	-95.96	-152.22	266.97	0	255	0
489	-95.96	-152.22	266.97	0	255	0
489	-95.96	-152.22	266.97	0	255	0
489	-95.96	-152.22	266.97	0	255	0
489	-95.96	-152.22	266.97	0	255	0
489	-95.96	-152.22	266.97	0	255	0
489	-95.96	-152.22	266.97	0	255	0
489	-95.96	-152.22	266.97	0	255	0
489	-95.96	-152.22	266.97	0	255	0
489	-95.96	-152.22	266.97	0	255	0
489	-95.96	-152.22	266.97	0	255	0
489	-95.96	-152.22	266.97	0	255	0
489	-95.96	-152.22	266.97	0	255	0
489	-95.96	-152.22	266.97	0	255	0
489	-95.96	-152.22	266.97	0	255	0
489	-95.96	-152.22	266.97	0	255	0
489	-95.96	-152.22	266.97	0	255	0
489	-95.96	-152.22	266.97	0	255	0
489	-95.96	-152.22	266.97	0	255	0
489	-95.96	-152.22	266.97	0	255	0
489	-95.96	-152.22	266.97	0	255	0
489	-95.96	-152.22	266.97	0	255	0
489	-95.96	-152.22	266.97	0	255	0
489	-95.96	-152.22	266.97	0	255	0
489	-95.96	-152.22	266.97	0	255	0
