492	-181.95	-165.84	242.49	0	255	0
492	-181.95	-165.84	242.49	0	255	0
492	-181.95	-165.84	242.49	0	255	0
492	-181.95	-165.84	242.49	0	255	0
492	-181.96	-165.84	242.5	0	255	0
492	-181.97	-165.84	242.5	0	255	0
492	-181.98	-165.84	242.51	0	255	0
492	-181.99	-165.84	242.52	0	255	0
492	-182.01	-165.85	242.53	0	255	0
492	-182.02	-165.85	242.54	0	255	0
492	-182.04	-165.85	242.55	0	255	0
492	-182.06	-165.85	242.56	0	255	0
492	-182.08	-165.86	242.57	0	255	0
492	-182.1	-165.86	242.59	0	255	0
492	-182.13	-165.86	242.6	0	255	0
492	-182.15	-165.87	242.62	0	255	0
492	-182.18	-165.87	242.64	0	255	0
492	-182.21	-165.88	242.66	0	255	0
492	-182.24	-165.88	242.68	0	255	0
492	-182.27	-165.89	242.7	0	255	0
492	-182.31	-165.89	242.72	0	255	0
492	-182.34	-165.9	242.74	0	255	0
492	-182.38	-165.9	242.77	0	255	0
492	-182.42	-165.91	242.79	0	255	0
492	-182.46	-165.92	242.82	0	255	0
492	-182.5	-165.92	242.84	0	255	0
492	-182.54	-165.93	242.87	0	255	0
492	-182.58	-165.94	242.9	0	255	0
492	-182.63	-165.94	242.93	0	255	0
492	-182.67	-165.95	242.96	0	255	0
492	-182.72	-165.96	242.99	0	255	0
492	-182.77	-165.97	243.02	0	255	0
492	-182.82	-165.97	243.05	0	255	0
492	-182.87	-165.98	243.08	0	255	0
492	-182.92	-165.99	243.11	0	255	0
492	-182.97	-166.0	243.15	0	255	0
492	-183.03	-166.01	243.18	0	255	0
492	-183.08	-166.02	243.22	0	255	0
492	-183.14	-166.02	243.25	0	255	0
492	-183.19	-166.03	243.29	0	255	0
492	-183.25	-166.04	243.33	0	255	0
492	-183.31	-166.05	243.37	0	255	0
492	-183.37	-166.06	243.4	0	255	0
492	-183.43	-166.07	243.44	0	255	0
492	-183.49	-166.08	243.48	0	255	0
492	-183.55	-166.09	243.52	0	255	0
492	-183.61	-166.1	243.56	0	255	0
492	-183.68	-166.11	243.6	0	255	0
492	-183.74	-166.12	243.65	0	255	0
492	-183.81	-166.13	243.69	0	255	0
492	-183.87	-166.14	243.73	0	255	0
492	-183.94	-166.15	243.77	0	255	0
492	-184.01	-166.16	243.82	0	255	0
492	-184.07	-166.17	243.86	0	255	0
492	-184.14	-166.18	243.9	0	255	0
492	-184.21	-166.19	243.95	0	255	0
492	-184.28	-166.21	243.99	0	255	0
492	-184.35	-166.22	244.04	0	255	0
492	-184.42	-166.23	244.08	0	255	0
492	-184.49	-166.24	244.13	0	255	0
492	-184.56	-166.25	244.18	0	255	0
492	-184.63	-166.26	244.22	0	255	0
492	-184.71	-166.27	244.27	0	255	0
492	-184.78	-166.28	244.32	0	255	0
492	-184.85	-166.3	244.36	0	255	0
492	-184.92	-166.31	244.41	0	255	0
492	-185.0	-166.32	244.46	0	255	0
492	-185.07	-166.33	244.5	0	255	0
492	-185.14	-166.34	244.55	0	255	0
492	-185.22	-166.35	244.6	0	255	0
492	-185.29	-166.37	244.65	0	255	0
492	-185.37	-166.38	244.69	0	255	0
492	-185.44	-166.39	244.74	0	255	0
492	-185.52	-166.4	244.79	0	255	0
492	-185.59	-166.41	244.84	0	255	0
492	-185.66	-166.42	244.89	0	255	0
492	-185.74	-166.44	244.93	0	255	0
492	-185.81	-166.45	244.98	0	255	0
492	-185.89	-166.46	245.03	0	255	0
492	-185.96	-166.47	245.08	0	255	0
492	-186.04	-166.48	245.13	0	255	0
492	-186.11	-166.5	245.17	0	255	0
492	-186.18	-166.51	245.22	0	255	0
492	-186.26	-166.52	245.27	0	255	0
492	-186.33	-166.53	245.32	0	255	0
492	-186.4	-166.54	245.36	0	255	0
492	-186.48	-166.55	245.41	0	255	0
492	-186.55	-166.56	245.46	0	255	0
492	-186.62	-166.58	245.5	0	255	0
492	-186.69	-166.59	245.55	0	255	0
492	-186.76	-166.6	245.6	0	255	0
492	-186.84	-166.61	245.64	0	255	0
492	-186.91	-166.62	245.69	0	255	0
492	-186.98	-166.63	245.73	0	255	0
492	-187.05	-166.64	245.78	0	255	0
492	-187.12	-166.65	245.82	0	255	0
492	-187.18	-166.67	245.87	0	255	0
492	-187.25	-166.68	245.91	0	255	0
492	-187.32	-166.69	245.96	0	255	0
492	-187.39	-166.7	246.0	0	255	0
492	-187.45	-166.71	246.04	0	255	0
492	-187.52	-166.72	246.08	0	255	0
492	-187.58	-166.73	246.13	0	255	0
492	-187.65	-166.74	246.17	0	255	0
492	-187.71	-166.75	246.21	0	255	0
492	-187.78	-166.76	246.25	0	255	0
492	-187.84	-166.77	246.29	0	255	0
492	-187.9	-166.78	246.33	0	255	0
492	-187.96	-166.79	246.37	0	255	0
492	-188.02	-166.8	246.41	0	255	0
492	-188.08	-166.81	246.44	0	255	0
492	-188.14	-166.82	246.48	0	255	0
492	-188.19	-166.83	246.52	0	255	0
492	-188.25	-166.83	246.55	0	255	0
492	-188.3	-166.84	246.59	0	255	0
492	-188.36	-166.85	246.62	0	255	0
492	-188.41	-166.86	246.66	0	255	0
492	-188.46	-166.87	246.69	0	255	0
492	-188.51	-166.88	246.72	0	255	0
492	-188.56	-166.88	246.76	0	255	0
492	-188.61	-166.89	246.79	0	255	0
492	-188.66	-166.9	246.82	0	255	0
492	-188.7	-166.91	246.85	0	255	0
492	-188.75	-166.91	246.88	0	255	0
492	-188.79	-166.92	246.9	0	255	0
492	-188.83	-166.93	246.93	0	255	0
492	-188.87	-166.93	246.96	0	255	0
492	-188.91	-166.94	246.98	0	255	0
492	-188.95	-166.94	247.01	0	255	0
492	-188.99	-166.95	247.03	0	255	0
492	-189.02	-166.96	247.05	0	255	0
492	-189.05	-166.96	247.07	0	255	0
492	-189.09	-166.97	247.1	0	255	0
492	-189.12	-166.97	247.12	0	255	0
492	-189.15	-166.98	247.13	0	255	0
492	-189.17	-166.98	247.15	0	255	0
492	-189.2	-166.98	247.17	0	255	0
492	-189.22	-166.99	247.18	0	255	0
492	-189.25	-166.99	247.2	0	255	0
492	-189.27	-167.0	247.21	0	255	0
492	-189.29	-167.0	247.23	0	255	0
492	-189.3	-167.0	247.24	0	255	0
492	-189.32	-167.0	247.25	0	255	0
492	-189.33	-167.01	247.26	0	255	0
492	-189.35	-167.01	247.26	0	255	0
492	-189.36	-167.01	247.27	0	255	0
492	-189.37	-167.01	247.28	0	255	0
492	-189.37	-167.01	247.28	0	255	0
492	-189.38	-167.01	247.28	0	255	0
492	-189.38	-167.01	247.29	0	255	0
492	-189.38	-167.01	247.29	0	255	0
492	-189.38	-167.01	247.29	0	255	0
492	-189.38	-167.01	247.28	0	255	0
492	-189.37	-167.01	247.28	0	255	0
492	-189.37	-167.01	247.28	0	255	0
492	-189.36	-167.01	247.27	0	255	0
492	-189.35	-167.01	247.26	0	255	0
492	-189.34	-167.01	247.26	0	255	0
492	-189.32	-167.0	247.25	0	255	0
492	-189.31	-167.0	247.24	0	255	0
492	-189.29	-167.0	247.23	0	255	0
492	-189.27	-167.0	247.21	0	255	0
492	-189.25	-166.99	247.2	0	255	0
492	-189.23	-166.99	247.19	0	255	0
492	-189.2	-166.98	247.17	0	255	0
492	-189.18	-166.98	247.15	0	255	0
492	-189.15	-166.98	247.14	0	255	0
492	-189.12	-166.97	247.12	0	255	0
492	-189.09	-166.97	247.1	0	255	0
492	-189.06	-166.96	247.08	0	255	0
492	-189.03	-166.96	247.06	0	255	0
492	-188.99	-166.95	247.03	0	255	0
492	-188.95	-166.95	247.01	0	255	0
492	-188.92	-166.94	246.99	0	255	0
492	-188.88	-166.93	246.96	0	255	0
492	-188.84	-166.93	246.94	0	255	0
492	-188.8	-166.92	246.91	0	255	0
492	-188.75	-166.91	246.88	0	255	0
492	-188.71	-166.91	246.85	0	255	0
492	-188.66	-166.9	246.82	0	255	0
492	-188.62	-166.89	246.79	0	255	0
492	-188.57	-166.88	246.76	0	255	0
492	-188.52	-166.88	246.73	0	255	0
492	-188.47	-166.87	246.7	0	255	0
492	-188.42	-166.86	246.67	0	255	0
492	-188.37	-166.85	246.63	0	255	0
492	-188.32	-166.84	246.6	0	255	0
492	-188.26	-166.84	246.56	0	255	0
492	-188.21	-166.83	246.53	0	255	0
492	-188.15	-166.82	246.49	0	255	0
492	-188.09	-166.81	246.45	0	255	0
492	-188.04	-166.8	246.42	0	255	0
492	-187.98	-166.79	246.38	0	255	0
492	-187.92	-166.78	246.34	0	255	0
492	-187.86	-166.77	246.3	0	255	0
492	-187.79	-166.76	246.26	0	255	0
492	-187.73	-166.75	246.22	0	255	0
492	-187.67	-166.74	246.18	0	255	0
492	-187.61	-166.73	246.14	0	255	0
492	-187.54	-166.72	246.1	0	255	0
492	-187.48	-166.71	246.06	0	255	0
492	-187.41	-166.7	246.01	0	255	0
492	-187.34	-166.69	245.97	0	255	0
492	-187.28	-166.68	245.93	0	255	0
492	-187.21	-166.67	245.88	0	255	0
492	-187.14	-166.66	245.84	0	255	0
492	-187.07	-166.65	245.8	0	255	0
492	-187.0	-166.64	245.75	0	255	0
492	-186.93	-166.63	245.71	0	255	0
492	-186.86	-166.61	245.66	0	255	0
492	-186.79	-166.6	245.61	0	255	0
492	-186.72	-166.59	245.57	0	255	0
492	-186.65	-166.58	245.52	0	255	0
492	-186.58	-166.57	245.48	0	255	0
492	-186.51	-166.56	245.43	0	255	0
492	-186.43	-166.55	245.38	0	255	0
492	-186.36	-166.54	245.34	0	255	0
492	-186.29	-166.52	245.29	0	255	0
492	-186.22	-166.51	245.24	0	255	0
492	-186.14	-166.5	245.2	0	255	0
492	-186.07	-166.49	245.15	0	255	0
492	-186.0	-166.48	245.1	0	255	0
492	-185.92	-166.47	245.05	0	255	0
492	-185.85	-166.45	245.01	0	255	0
492	-185.77	-166.44	244.96	0	255	0
492	-185.7	-166.43	244.91	0	255	0
492	-185.63	-166.42	244.86	0	255	0
492	-185.55	-166.41	244.81	0	255	0
492	-185.48	-166.4	244.77	0	255	0
492	-185.41	-166.38	244.72	0	255	0
492	-185.33	-166.37	244.67	0	255	0
492	-185.26	-166.36	244.62	0	255	0
492	-185.18	-166.35	244.58	0	255	0
492	-185.11	-166.34	244.53	0	255	0
492	-185.04	-166.33	244.48	0	255	0
492	-184.97	-166.31	244.44	0	255	0
492	-184.89	-166.3	244.39	0	255	0
492	-184.82	-166.29	244.34	0	255	0
492	-184.75	-166.28	244.3	0	255	0
492	-184.68	-166.27	244.25	0	255	0
492	-184.61	-166.26	244.2	0	255	0
492	-184.54	-166.25	244.16	0	255	0
492	-184.46	-166.23	244.11	0	255	0
492	-184.39	-166.22	244.07	0	255	0
492	-184.32	-166.21	244.02	0	255	0
492	-184.26	-166.2	243.98	0	255	0
492	-184.19	-166.19	243.93	0	255	0
492	-184.12	-166.18	243.89	0	255	0
492	-184.05	-166.17	243.85	0	255	0
492	-183.98	-166.16	243.8	0	255	0
492	-183.92	-166.15	243.76	0	255	0
492	-183.85	-166.14	243.72	0	255	0
492	-183.79	-166.13	243.67	0	255	0
492	-183.72	-166.12	243.63	0	255	0
492	-183.66	-166.11	243.59	0	255	0
492	-183.6	-166.1	243.55	0	255	0
492	-183.53	-166.09	243.51	0	255	0
492	-183.47	-166.08	243.47	0	255	0
492	-183.41	-166.07	243.43	0	255	0
492	-183.35	-166.06	243.39	0	255	0
492	-183.29	-166.05	243.36	0	255	0
492	-183.23	-166.04	243.32	0	255	0
492	-183.18	-166.03	243.28	0	255	0
492	-183.12	-166.02	243.25	0	255	0
492	-183.07	-166.01	243.21	0	255	0
492	-183.01	-166.0	243.17	0	255	0
492	-182.96	-166.0	243.14	0	255	0
492	-182.91	-165.99	243.11	0	255	0
492	-182.86	-165.98	243.07	0	255	0
492	-182.81	-165.97	243.04	0	255	0
492	-182.76	-165.96	243.01	0	255	0
492	-182.71	-165.96	242.98	0	255	0
492	-182.66	-165.95	242.95	0	255	0
492	-182.62	-165.94	242.92	0	255	0
492	-182.57	-165.94	242.89	0	255	0
492	-182.53	-165.93	242.86	0	255	0
492	-182.49	-165.92	242.84	0	255	0
492	-182.45	-165.92	242.81	0	255	0
492	-182.41	-165.91	242.79	0	255	0
492	-182.37	-165.9	242.76	0	255	0
492	-182.34	-165.9	242.74	0	255	0
492	-182.3	-165.89	242.72	0	255	0
492	-182.27	-165.89	242.7	0	255	0
492	-182.24	-165.88	242.67	0	255	0
492	-182.21	-165.88	242.66	0	255	0
492	-182.18	-165.87	242.64	0	255	0
492	-182.15	-165.87	242.62	0	255	0
492	-182.13	-165.86	242.6	0	255	0
492	-182.1	-165.86	242.59	0	255	0
492	-182.08	-165.86	242.57	0	255	0
492	-182.06	-165.85	242.56	0	255	0
492	-182.04	-165.85	242.55	0	255	0
492	-182.02	-165.85	242.54	0	255	0
492	-182.01	-165.85	242.53	0	255	0
492	-181.99	-165.84	242.52	0	255	0
492	-181.98	-165.84	242.51	0	255	0
492	-181.97	-165.84	242.5	0	255	0
492	-181.96	-165.84	242.5	0	255	0
492	-181.95	-165.84	242.49	0	255	0
492	-181.95	-165.84	242.49	0	255	0
492	-181.95	-165.84	242.49	0	255	0
492	-181.95	-165.84	242.49	0	255	0
492	-181.95	-165.84	242.49	0	255	0
492	-181.95	-165.84	242.49	0	255	0
492	-181.95	-165.84	242.49	0	255	0
492	-181.95	-165.84	242.49	0	255	0
492	-181.95	-165.84	242.49	0	255	0
492	-181.95	-165.84	242.49	0	255	0
492	-181.95	-165.84	242.49	0	255	0
492	-181.95	-165.84	242.49	0	255	0
492	-181.95	-165.84	242.49	0	255	0
492	-181.95	-165.84	242.49	0	255	0
492	-181.95	-165.84	242.49	0	255	0
492	-181.95	-165.84	242.49	0	255	0
492	-181.95	-165.84	242.49	0	255	0
492	-181.95	-165.84	242.49	0	255	0
492	-181.95	-165.84	242.49	0	255	0
492	-181.95	-165.84	242.49	0	255	0
492	-181.95	-165.84	242.49	0	255	0
492	-181.95	-165.84	242.49	0	255	0
492	-181.95	-165.84	242.49	0	255	0
492	-181.95	-165.84	242.49	0	255	0
492	-181.95	-165.84	242.49	0	255	0
492	-181.95	-165.84	242.49	0	255	0
492	-181.95	-165.84	242.49	0	255	0
492	-181.95	-165.84	242.49	0	255	0
492	-181.95	-165.84	242.49	0	255	0
492	-181.95	-165.84	242.49	0	255	0
492	-181.95	-165.84	242.49	0	255	0
492	-181.95	-165.84	242.49	0	255	0
492	-181.95	-165.84	242.49	0	255	0
492	-181.95	-165.84	242.49	0	255	0
492	-181.95	-165.84	242.49	0	255	0
492	-181.95	-165.84	242.49	0	255	0
492	-181.95	-165.84	242.49	0	255	0
492	-181.95	-165.84	242.49	0	255	0
492	-181.95	-165.84	242.49	0	255	0
492	-181.95	-165.84	242.49	0	255	0
492	-181.95	-165.84	242.49	0	255	0
492	-181.95	-165.84	242.49	0	255	0
492	-181.95	-165.84	242.49	0	255	0
492	-181.95	-165.84	242.49	0	255	0
492	-181.95	-165.84	242.49	0	255	0
492	-181.95	-165.84	242.49	0	255	0
492	-181.95	-165.84	242.49	0	255	0
492	-181.95	-165.84	242.49	0	255	0
492	-181.95	-165.84	242.49	0	255	0
492	-181.95	-165.84	242.49	0	255	0
492	-181.95	-165.84	242.49	0	255	0
492	-181.95	-165.84	242.49	0	255	0
492	-181.95	-165.84	242.49	0	255	0
492	-181.95	-165.84	242.49	0	255	0
492	-181.95	-165.84	242.49	0	255	0
492	-181.95	-165.84	242.49	0	255	0
492	-181.95	-165.84	242.49	0	255	0
492	-181.95	-165.84	242.49	0	255	0
492	-181.95	-165.84	242.49	0	255	0
492	-181.95	-165.84	242.49	0	255	0
492	-181.95	-165.84	242.49	0	255	0
492	-181.95	-165.84	242.49	0	255	0
492	-181.95	-165.84	242.49	0	255	0
492	-181.95	-165.84	242.49	0	255	0
492	-181.95	-165.84	242.49	0	255	0
492	-181.95	-165.84	242.49	0	255	0
492	-181.95	-165.84	242.49	0	255	0
492	-181.95	-165.84	242.49	0	255	0
492	-181.95	-165.84	242.49	0	255	0
492	-181.95	-165.84	242.49	0	255	0
492	-181.95	-165.84	242.49	0	255	0
492	-181.95	-165.84	242.49	0	255	0
492	-181.95	-165.84	242.49	0	255	0
492	-181.95	-165.84	242.49	0	255	0
492	-181.95	-165.84	242.49	0	255	0
492	-181.95	-165.84	242.49	0	255	0
492	-181.95	-165.84	242.49	0	255	0
492	-181.95	-165.84	242.49	0	255	0
492	-181.95	-165.84	242.49	0	255	0
492	-181.95	-165.84	242.49	0	255	0
492	-181.95	-165.84	242.49	0	255	0
492	-181.95	-165.84	242.49	0	255	0
492	-181.95	-165.84	242.49	0	255	0
492	-181.95	-165.84	242.49	0	255	0
492	-181.95	-165.84	242.49	0	255	0
492	-181.95	-165.84	242.49	0	255	0
492	-181.95	-165.84	242.49	0	255	0
492	-181.95	-165.84	242.49	0	255	0
492	-181.95	-165.84	242.49	0	255	0
492	-181.95	-165.84	242.49	0	255	0
492	-181.95	-165.84	242.49	0	255	0
492	-181.95	-165.84	242.49	0	255	0
492	-181.95	-165.84	242.49	0	255	0
492	-181.95	-165.84	242.49	0	255	0
492	-181.95	-165.84	242.49	0	255	0
492	-181.95	-165.84	242.49	0	255	0
492	-181.95	-165.84	242.49	0	255	0
492	-181.95	-165.84	242.49	0	255	0
492	-181.95	-165.84	242.49	0	255	0
492	-181.95	-165.84	242.49	0	255	0
492	-181.95	-165.84	242.49	0	255	0
492	-181.95	-165.84	242.49	0	255	0
492	-181.95	-165.84	242.49	0	255	0
492	-181.95	-165.84	242.49	0	255	0
492	-181.95	-165.84	242.49	0	255	0
492	-181.95	-165.84	242.49	0	255	0
492	-181.95	-165.84	242.49	0	255	0
492	-181.95	-165.84	242.49	0	255	0
492	-181.95	-165.84	242.49	0	255	0
492	-181.95	-165.84	242.49	0	255	0
492	-181.95	-165.84	242.49	0	255	0
492	-181.95	-165.84	242.49	0	255	0
492	-181.95	-165.84	242.49	0	255	0
492	-181.95	-165.84	242.49	0	255	0
492	-181.95	-165.84	242.49	0	255	0
492	-181.95	-165.84	242.49	0	255	0
492	-181.95	-165.84	242.49	0	255	0
492	-181.95	-165.84	242.49	0	255	0
492	-181.95	-165.84	242.49	0	255	0
492	-181.95	-165.84	242.49	0	255	0
492	-181.95	-165.84	242.49	0	255	0
492	-181.95	-165.84	242.49	0	255	0
492	-181.95	-165.84	242.49	0	255	0
492	-181.95	-165.84	242.49	0	255	0
492	-181.95	-165.84	242.49	0	255	0
492	-181.95	-165.84	242.49	0	255	0
492	-181.95	-165.84	242.49	0	255	0
492	-181.95	-165.84	242.49	0	255	0
492	-181.95	-165.84	242.49	0	255	0
492	-181.95	-165.84	242.49	0	255	0
492	-181.95	-165.84	242.49	0	255	0
492	-181.95	-165.84	242.49	0	255	0
492	-181.95	-165.84	242.49	0	255	0
492	-181.95	-165.84	242.49	0	255	0
492	-181.95	-165.84	242.49	0	255	0
492	-181.95	-165.84	242.49	0	255	0
492	-181.95	-165.84	242.49	0	255	0
492	-181.95	-165.84	242.49	0	255	0
492	-181.95	-165.84	242.49	0	255	0
492	-181.95	-165.84	242.49	0	255	0
492	-181.95	-165.84	242.49	0	255	0
492	-181.95	-165.84	242.49	0	255	0
492	-181.95	-165.84	242.49	0	255	0
492	-181.95	-165.84	242.49	0	255	0
492	-181.95	-165.84	242.49	0	255	0
492	-181.95	-165.84	242.49	0	255	0
492	-181.95	-165.84	242.49	0	255	0
492	-181.95	-165.84	242.49	0	255	0
492	-181.95	-165.84	242.49	0	255	0
492	-181.95	-165.84	242.49	0	255	0
492	-181.95	-165.84	242.49	0	255	0
492	-181.95	-165.84	242.49	0	255	0
492	-181.95	-165.84	242.49	0	255	0
