498	-178.87	-165.35	158.58	0	255	0
498	-178.87	-165.35	158.58	0	255	0
498	-178.87	-165.35	158.58	0	255	0
498	-178.88	-165.35	158.57	0	255	0
498	-178.88	-165.35	158.57	0	255	0
498	-178.89	-165.35	158.56	0	255	0
498	-178.9	-165.35	158.56	0	255	0
498	-178.91	-165.36	158.55	0	255	0
498	-178.93	-165.36	158.54	0	255	0
498	-178.94	-165.36	158.53	0	255	0
498	-178.96	-165.36	158.52	0	255	0
498	-178.98	-165.37	158.51	0	255	0
498	-179.0	-165.37	158.49	0	255	0
498	-179.02	-165.37	158.48	0	255	0
498	-179.04	-165.38	158.46	0	255	0
498	-179.07	-165.38	158.44	0	255	0
498	-179.09	-165.38	158.43	0	255	0
498	-179.12	-165.39	158.41	0	255	0
498	-179.15	-165.39	158.39	0	255	0
498	-179.18	-165.4	158.37	0	255	0
498	-179.21	-165.4	158.34	0	255	0
498	-179.25	-165.41	158.32	0	255	0
498	-179.28	-165.41	158.3	0	255	0
498	-179.32	-165.42	158.27	0	255	0
498	-179.36	-165.43	158.25	0	255	0
498	-179.39	-165.43	158.22	0	255	0
498	-179.43	-165.44	158.19	0	255	0
498	-179.47	-165.44	158.16	0	255	0
498	-179.52	-165.45	158.13	0	255	0
498	-179.56	-165.46	158.1	0	255	0
498	-179.61	-165.47	158.07	0	255	0
498	-179.65	-165.47	158.04	0	255	0
498	-179.7	-165.48	158.01	0	255	0
498	-179.75	-165.49	157.98	0	255	0
498	-179.8	-165.5	157.94	0	255	0
498	-179.85	-165.5	157.91	0	255	0
498	-179.9	-165.51	157.87	0	255	0
498	-179.95	-165.52	157.84	0	255	0
498	-180.0	-165.53	157.8	0	255	0
498	-180.06	-165.54	157.76	0	255	0
498	-180.11	-165.55	157.72	0	255	0
498	-180.17	-165.55	157.69	0	255	0
498	-180.22	-165.56	157.65	0	255	0
498	-180.28	-165.57	157.61	0	255	0
498	-180.34	-165.58	157.57	0	255	0
498	-180.4	-165.59	157.53	0	255	0
498	-180.46	-165.6	157.48	0	255	0
498	-180.52	-165.61	157.44	0	255	0
498	-180.58	-165.62	157.4	0	255	0
498	-180.64	-165.63	157.36	0	255	0
498	-180.71	-165.64	157.31	0	255	0
498	-180.77	-165.65	157.27	0	255	0
498	-180.83	-165.66	157.23	0	255	0
498	-180.9	-165.67	157.18	0	255	0
498	-180.96	-165.68	157.14	0	255	0
498	-181.03	-165.69	157.09	0	255	0
498	-181.09	-165.7	157.05	0	255	0
498	-181.16	-165.71	157.0	0	255	0
498	-181.23	-165.72	156.95	0	255	0
498	-181.29	-165.73	156.91	0	255	0
498	-181.36	-165.74	156.86	0	255	0
498	-181.43	-165.75	156.81	0	255	0
498	-181.5	-165.76	156.77	0	255	0
498	-181.57	-165.78	156.72	0	255	0
498	-181.64	-165.79	156.67	0	255	0
498	-181.71	-165.8	156.62	0	255	0
498	-181.78	-165.81	156.58	0	255	0
498	-181.85	-165.82	156.53	0	255	0
498	-181.92	-165.83	156.48	0	255	0
498	-181.99	-165.84	156.43	0	255	0
498	-182.06	-165.85	156.38	0	255	0
498	-182.13	-165.86	156.33	0	255	0
498	-182.2	-165.88	156.29	0	255	0
498	-182.27	-165.89	156.24	0	255	0
498	-182.34	-165.9	156.19	0	255	0
498	-182.41	-165.91	156.14	0	255	0
498	-182.48	-165.92	156.09	0	255	0
498	-182.55	-165.93	156.04	0	255	0
498	-182.62	-165.94	155.99	0	255	0
498	-182.69	-165.95	155.94	0	255	0
498	-182.76	-165.97	155.89	0	255	0
498	-182.83	-165.98	155.85	0	255	0
498	-182.9	-165.99	155.8	0	255	0
498	-182.97	-166.0	155.75	0	255	0
498	-183.04	-166.01	155.7	0	255	0
498	-183.11	-166.02	155.65	0	255	0
498	-183.18	-166.03	155.61	0	255	0
498	-183.25	-166.04	155.56	0	255	0
498	-183.32	-166.05	155.51	0	255	0
498	-183.39	-166.06	155.46	0	255	0
498	-183.46	-166.08	155.42	0	255	0
498	-183.53	-166.09	155.37	0	255	0
498	-183.59	-166.1	155.32	0	255	0
498	-183.66	-166.11	155.28	0	255	0
498	-183.73	-166.12	155.23	0	255	0
498	-183.79	-166.13	155.19	0	255	0
498	-183.86	-166.14	155.14	0	255	0
498	-183.92	-166.15	155.1	0	255	0
498	-183.99	-166.16	155.05	0	255	0
498	-184.05	-166.17	155.01	0	255	0
498	-184.11	-166.18	154.96	0	255	0
498	-184.18	-166.19	154.92	0	255	0
498	-184.24	-166.2	154.88	0	255	0
498	-184.3	-166.21	154.83	0	255	0
498	-184.36	-166.22	154.79	0	255	0
498	-184.42	-166.23	154.75	0	255	0
498	-184.48	-166.24	154.71	0	255	0
498	-184.54	-166.25	154.67	0	255	0
498	-184.6	-166.26	154.63	0	255	0
498	-184.65	-166.26	154.59	0	255	0
498	-184.71	-166.27	154.55	0	255	0
498	-184.76	-166.28	154.52	0	255	0
498	-184.82	-166.29	154.48	0	255	0
498	-184.87	-166.3	154.44	0	255	0
498	-184.92	-166.31	154.41	0	255	0
498	-184.97	-166.32	154.37	0	255	0
498	-185.02	-166.32	154.34	0	255	0
498	-185.07	-166.33	154.3	0	255	0
498	-185.12	-166.34	154.27	0	255	0
498	-185.17	-166.35	154.24	0	255	0
498	-185.21	-166.35	154.2	0	255	0
498	-185.26	-166.36	154.17	0	255	0
498	-185.3	-166.37	154.14	0	255	0
498	-185.34	-166.37	154.11	0	255	0
498	-185.39	-166.38	154.09	0	255	0
498	-185.43	-166.39	154.06	0	255	0
498	-185.46	-166.39	154.03	0	255	0
498	-185.5	-166.4	154.01	0	255	0
498	-185.54	-166.4	153.98	0	255	0
498	-185.57	-166.41	153.96	0	255	0
498	-185.61	-166.42	153.93	0	255	0
498	-185.64	-166.42	153.91	0	255	0
498	-185.67	-166.43	153.89	0	255	0
498	-185.7	-166.43	153.87	0	255	0
498	-185.73	-166.43	153.85	0	255	0
498	-185.75	-166.44	153.83	0	255	0
498	-185.78	-166.44	153.82	0	255	0
498	-185.8	-166.45	153.8	0	255	0
498	-185.82	-166.45	153.79	0	255	0
498	-185.84	-166.45	153.77	0	255	0
498	-185.86	-166.46	153.76	0	255	0
498	-185.88	-166.46	153.75	0	255	0
498	-185.89	-166.46	153.74	0	255	0
498	-185.91	-166.46	153.73	0	255	0
498	-185.92	-166.46	153.72	0	255	0
498	-185.93	-166.47	153.71	0	255	0
498	-185.94	-166.47	153.71	0	255	0
498	-185.94	-166.47	153.7	0	255	0
498	-185.95	-166.47	153.7	0	255	0
498	-185.95	-166.47	153.7	0	255	0
498	-185.95	-166.47	153.7	0	255	0
498	-185.95	-166.47	153.7	0	255	0
498	-185.95	-166.47	153.7	0	255	0
498	-185.94	-166.47	153.7	0	255	0
498	-185.94	-166.47	153.71	0	255	0
498	-185.93	-166.47	153.71	0	255	0
498	-185.92	-166.46	153.72	0	255	0
498	-185.91	-166.46	153.73	0	255	0
498	-185.89	-166.46	153.74	0	255	0
498	-185.88	-166.46	153.75	0	255	0
498	-185.86	-166.46	153.76	0	255	0
498	-185.84	-166.45	153.77	0	255	0
498	-185.82	-166.45	153.78	0	255	0
498	-185.8	-166.45	153.8	0	255	0
498	-185.78	-166.44	153.82	0	255	0
498	-185.75	-166.44	153.83	0	255	0
498	-185.73	-166.43	153.85	0	255	0
498	-185.7	-166.43	153.87	0	255	0
498	-185.67	-166.43	153.89	0	255	0
498	-185.64	-166.42	153.91	0	255	0
498	-185.61	-166.42	153.93	0	255	0
498	-185.58	-166.41	153.95	0	255	0
498	-185.54	-166.41	153.98	0	255	0
498	-185.51	-166.4	154.0	0	255	0
498	-185.47	-166.39	154.03	0	255	0
498	-185.43	-166.39	154.05	0	255	0
498	-185.39	-166.38	154.08	0	255	0
498	-185.35	-166.38	154.11	0	255	0
498	-185.31	-166.37	154.14	0	255	0
498	-185.27	-166.36	154.17	0	255	0
498	-185.22	-166.35	154.2	0	255	0
498	-185.18	-166.35	154.23	0	255	0
498	-185.13	-166.34	154.26	0	255	0
498	-185.08	-166.33	154.29	0	255	0
498	-185.04	-166.32	154.33	0	255	0
498	-184.99	-166.32	154.36	0	255	0
498	-184.93	-166.31	154.4	0	255	0
498	-184.88	-166.3	154.43	0	255	0
498	-184.83	-166.29	154.47	0	255	0
498	-184.78	-166.28	154.51	0	255	0
498	-184.72	-166.28	154.54	0	255	0
498	-184.67	-166.27	154.58	0	255	0
498	-184.61	-166.26	154.62	0	255	0
498	-184.55	-166.25	154.66	0	255	0
498	-184.5	-166.24	154.7	0	255	0
498	-184.44	-166.23	154.74	0	255	0
498	-184.38	-166.22	154.78	0	255	0
498	-184.32	-166.21	154.82	0	255	0
498	-184.26	-166.2	154.86	0	255	0
498	-184.2	-166.19	154.91	0	255	0
498	-184.14	-166.18	154.95	0	255	0
498	-184.07	-166.17	154.99	0	255	0
498	-184.01	-166.16	155.04	0	255	0
498	-183.95	-166.15	155.08	0	255	0
498	-183.88	-166.14	155.12	0	255	0
498	-183.82	-166.13	155.17	0	255	0
498	-183.75	-166.12	155.21	0	255	0
498	-183.69	-166.11	155.26	0	255	0
498	-183.62	-166.1	155.3	0	255	0
498	-183.55	-166.09	155.35	0	255	0
498	-183.48	-166.08	155.4	0	255	0
498	-183.42	-166.07	155.44	0	255	0
498	-183.35	-166.06	155.49	0	255	0
498	-183.28	-166.05	155.54	0	255	0
498	-183.21	-166.04	155.59	0	255	0
498	-183.14	-166.03	155.63	0	255	0
498	-183.07	-166.01	155.68	0	255	0
498	-183.01	-166.0	155.73	0	255	0
498	-182.94	-165.99	155.78	0	255	0
498	-182.87	-165.98	155.82	0	255	0
498	-182.8	-165.97	155.87	0	255	0
498	-182.73	-165.96	155.92	0	255	0
498	-182.66	-165.95	155.97	0	255	0
498	-182.59	-165.94	156.02	0	255	0
498	-182.52	-165.93	156.07	0	255	0
498	-182.45	-165.91	156.11	0	255	0
498	-182.37	-165.9	156.16	0	255	0
498	-182.3	-165.89	156.21	0	255	0
498	-182.23	-165.88	156.26	0	255	0
498	-182.16	-165.87	156.31	0	255	0
498	-182.09	-165.86	156.36	0	255	0
498	-182.02	-165.85	156.41	0	255	0
498	-181.95	-165.84	156.45	0	255	0
498	-181.88	-165.83	156.5	0	255	0
498	-181.81	-165.81	156.55	0	255	0
498	-181.75	-165.8	156.6	0	255	0
498	-181.68	-165.79	156.64	0	255	0
498	-181.61	-165.78	156.69	0	255	0
498	-181.54	-165.77	156.74	0	255	0
498	-181.47	-165.76	156.79	0	255	0
498	-181.4	-165.75	156.83	0	255	0
498	-181.33	-165.74	156.88	0	255	0
498	-181.27	-165.73	156.93	0	255	0
498	-181.2	-165.72	156.97	0	255	0
498	-181.13	-165.71	157.02	0	255	0
498	-181.07	-165.7	157.06	0	255	0
498	-181.0	-165.69	157.11	0	255	0
498	-180.94	-165.68	157.15	0	255	0
498	-180.87	-165.67	157.2	0	255	0
498	-180.81	-165.66	157.24	0	255	0
498	-180.75	-165.65	157.29	0	255	0
498	-180.68	-165.64	157.33	0	255	0
498	-180.62	-165.63	157.37	0	255	0
498	-180.56	-165.62	157.41	0	255	0
498	-180.5	-165.61	157.46	0	255	0
498	-180.44	-165.6	157.5	0	255	0
498	-180.38	-165.59	157.54	0	255	0
498	-180.32	-165.58	157.58	0	255	0
498	-180.26	-165.57	157.62	0	255	0
498	-180.21	-165.56	157.66	0	255	0
498	-180.15	-165.55	157.7	0	255	0
498	-180.1	-165.54	157.73	0	255	0
498	-180.04	-165.53	157.77	0	255	0
498	-179.99	-165.53	157.81	0	255	0
498	-179.94	-165.52	157.84	0	255	0
498	-179.88	-165.51	157.88	0	255	0
498	-179.83	-165.5	157.91	0	255	0
498	-179.78	-165.49	157.95	0	255	0
498	-179.74	-165.49	157.98	0	255	0
498	-179.69	-165.48	158.02	0	255	0
498	-179.64	-165.47	158.05	0	255	0
498	-179.6	-165.46	158.08	0	255	0
498	-179.55	-165.46	158.11	0	255	0
498	-179.51	-165.45	158.14	0	255	0
498	-179.47	-165.44	158.17	0	255	0
498	-179.43	-165.44	158.2	0	255	0
498	-179.39	-165.43	158.22	0	255	0
498	-179.35	-165.42	158.25	0	255	0
498	-179.31	-165.42	158.27	0	255	0
498	-179.28	-165.41	158.3	0	255	0
498	-179.24	-165.41	158.32	0	255	0
498	-179.21	-165.4	158.35	0	255	0
498	-179.18	-165.4	158.37	0	255	0
498	-179.15	-165.39	158.39	0	255	0
498	-179.12	-165.39	158.41	0	255	0
498	-179.09	-165.38	158.43	0	255	0
498	-179.07	-165.38	158.45	0	255	0
498	-179.04	-165.38	158.46	0	255	0
498	-179.02	-165.37	158.48	0	255	0
498	-179.0	-165.37	158.49	0	255	0
498	-178.98	-165.37	158.51	0	255	0
498	-178.96	-165.36	158.52	0	255	0
498	-178.94	-165.36	158.53	0	255	0
498	-178.93	-165.36	158.54	0	255	0
498	-178.91	-165.36	158.55	0	255	0
498	-178.9	-165.35	158.56	0	255	0
498	-178.89	-165.35	158.56	0	255	0
498	-178.88	-165.35	158.57	0	255	0
498	-178.88	-165.35	158.57	0	255	0
498	-178.87	-165.35	158.58	0	255	0
498	-178.87	-165.35	158.58	0	255	0
498	-178.87	-165.35	158.58	0	255	0
498	-178.87	-165.35	158.58	0	255	0
498	-178.87	-165.35	158.58	0	255	0
498	-178.87	-165.35	158.58	0	255	0
498	-178.87	-165.35	158.58	0	255	0
498	-178.87	-165.35	158.58	0	255	0
498	-178.87	-165.35	158.58	0	255	0
498	-178.87	-165.35	158.58	0	255	0
498	-178.87	-165.35	158.58	0	255	0
498	-178.87	-165.35	158.58	0	255	0
498	-178.87	-165.35	158.58	0	255	0
498	-178.87	-165.35	158.58	0	255	0
498	-178.87	-165.35	158.58	0	255	0
498	-178.87	-165.35	158.58	0	255	0
498	-178.87	-165.35	158.58	0	255	0
498	-178.87	-165.35	158.58	0	255	0
498	-178.87	-165.35	158.58	0	255	0
498	-178.87	-165.35	158.58	0	255	0
498	-178.87	-165.35	158.58	0	255	0
498	-178.87	-165.35	158.58	0	255	0
498	-178.87	-165.35	158.58	0	255	0
498	-178.87	-165.35	158.58	0	255	0
498	-178.87	-165.35	158.58	0	255	0
498	-178.87	-165.35	158.58	0	255	0
498	-178.87	-165.35	158.58	0	255	0
498	-178.87	-165.35	158.58	0	255	0
498	-178.87	-165.35	158.58	0	255	0
498	-178.87	-165.35	158.58	0	255	0
498	-178.87	-165.35	158.58	0	255	0
498	-178.87	-165.35	158.58	0	255	0
498	-178.87	-165.35	158.58	0	255	0
498	-178.87	-165.35	158.58	0	255	0
498	-178.87	-165.35	158.58	0	255	0
498	-178.87	-165.35	158.58	0	255	0
498	-178.87	-165.35	158.58	0	255	0
498	-178.87	-165.35	158.58	0	255	0
498	-178.87	-165.35	158.58	0	255	0
498	-178.87	-165.35	158.58	0	255	0
498	-178.87	-165.35	158.58	0	255	0
498	-178.87	-165.35	158.58	0	255	0
498	-178.87	-165.35	158.58	0	255	0
498	-178.87	-165.35	158.58	0	255	0
498	-178.87	-165.35	158.58	0	255	0
498	-178.87	-165.35	158.58	0	255	0
498	-178.87	-165.35	158.58	0	255	0
498	-178.87	-165.35	158.58	0	255	0
498	-178.87	-165.35	158.58	0	255	0
498	-178.87	-165.35	158.58	0	255	0
498	-178.87	-165.35	158.58	0	255	0
498	-178.87	-165.35	158.58	0	255	0
498	-178.87	-165.35	158.58	0	255	0
498	-178.87	-165.35	158.58	0	255	0
498	-178.87	-165.35	158.58	0	255	0
498	-178.87	-165.35	158.58	0	255	0
498	-178.87	-165.35	158.58	0	255	0
498	-178.87	-165.35	158.58	0	255	0
498	-178.87	-165.35	158.58	0	255	0
498	-178.87	-165.35	158.58	0	255	0
498	-178.87	-165.35	158.58	0	255	0
498	-178.87	-165.35	158.58	0	255	0
498	-178.87	-165.35	158.58	0	255	0
498	-178.87	-165.35	158.58	0	255	0
498	-178.87	-165.35	158.58	0	255	0
498	-178.87	-165.35	158.58	0	255	0
498	-178.87	-165.35	158.58	0	255	0
498	-178.87	-165.35	158.58	0	255	0
498	-178.87	-165.35	158.58	0	255	0
498	-178.87	-165.35	158.58	0	255	0
498	-178.87	-165.35	158.58	0	255	0
498	-178.87	-165.35	158.58	0	255	0
498	-178.87	-165.35	158.58	0	255	0
498	-178.87	-165.35	158.58	0	255	0
498	-178.87	-165.35	158.58	0	255	0
498	-178.87	-165.35	158.58	0	255	0
498	-178.87	-165.35	158.58	0	255	0
498	-178.87	-165.35	158.58	0	255	0
498	-178.87	-165.35	158.58	0	255	0
498	-178.87	-165.35	158.58	0	255	0
498	-178.87	-165.35	158.58	0	255	0
498	-178.87	-165.35	158.58	0	255	0
498	-178.87	-165.35	158.58	0	255	0
498	-178.87	-165.35	158.58	0	255	0
498	-178.87	-165.35	158.58	0	255	0
498	-178.87	-165.35	158.58	0	255	0
498	-178.87	-165.35	158.58	0	255	0
498	-178.87	-165.35	158.58	0	255	0
498	-178.87	-165.35	158.58	0	255	0
498	-178.87	-165.35	158.58	0	255	0
498	-178.87	-165.35	158.58	0	255	0
498	-178.87	-165.35	158.58	0	255	0
498	-178.87	-165.35	158.58	0	255	0
498	-178.87	-165.35	158.58	0	255	0
498	-178.87	-165.35	158.58	0	255	0
498	-178.87	-165.35	158.58	0	255	0
498	-178.87	-165.35	158.58	0	255	0
498	-178.87	-165.35	158.58	0	255	0
498	-178.87	-165.35	158.58	0	255	0
498	-178.87	-165.35	158.58	0	255	0
498	-178.87	-165.35	158.58	0	255	0
498	-178.87	-165.35	158.58	0	255	0
498	-178.87	-165.35	158.58	0	255	0
498	-178.87	-165.35	158.58	0	255	0
498	-178.87	-165.35	158.58	0	255	0
498	-178.87	-165.35	158.58	0	255	0
498	-178.87	-165.35	158.58	0	255	0
498	-178.87	-165.35	158.58	0	255	0
498	-178.87	-165.35	158.58	0	255	0
498	-178.87	-165.35	158.58	0	255	0
498	-178.87	-165.35	158.58	0	255	0
498	-178.87	-165.35	158.58	0	255	0
498	-178.87	-165.35	158.58	0	255	0
498	-178.87	-165.35	158.58	0	255	0
498	-178.87	-165.35	158.58	0	255	0
498	-178.87	-165.35	158.58	0	255	0
498	-178.87	-165.35	158.58	0	255	0
498	-178.87	-165.35	158.58	0	255	0
498	-178.87	-165.35	158.58	0	255	0
498	-178.87	-165.35	158.58	0	255	0
498	-178.87	-165.35	158.58	0	255	0
498	-178.87	-165.35	158.58	0	255	0
498	-178.87	-165.35	158.58	0	255	0
498	-178.87	-165.35	158.58	0	255	0
498	-178.87	-165.35	158.58	0	255	0
498	-178.87	-165.35	158.58	0	255	0
498	-178.87	-165.35	158.58	0	255	0
498	-178.87	-165.35	158.58	0	255	0
498	-178.87	-165.35	158.58	0	255	0
498	-178.87	-165.35	158.58	0	255	0
498	-178.87	-165.35	158.58	0	255	0
498	-178.87	-165.35	158.58	0	255	0
498	-178.87	-165.35	158.58	0	255	0
498	-178.87	-165.35	158.58	0	255	0
498	-178.87	-165.35	158.58	0	255	0
498	-178.87	-165.35	158.58	0	255	0
498	-178.87	-165.35	158.58	0	255	0
498	-178.87	-165.35	158.58	0	255	0
498	-178.87	-165.35	158.58	0	255	0
498	-178.87	-165.35	158.58	0	255	0
498	-178.87	-165.35	158.58	0	255	0
498	-178.87	-165.35	158.58	0	255	0
498	-178.87	-165.35	158.58	0	255	0
498	-178.87	-165.35	158.58	0	255	0
498	-178.87	-165.35	158.58	0	255	0
498	-178.87	-165.35	158.58	0	255	0
498	-178.87	-165.35	158.58	0	255	0
498	-178.87	-165.35	158.58	0	255	0
498	-178.87	-165.35	158.58	0	255	0
498	-178.87	-165.35	158.58	0	255	0
498	-178.87	-165.35	158.58	0	255	0
498	-178.87	-165.35	158.58	0	255	0
