501	-184.97	-166.31	165.22	0	255	0
501	-184.97	-166.32	165.22	0	255	0
501	-184.98	-166.32	165.21	0	255	0
501	-184.98	-166.32	165.21	0	255	0
501	-184.99	-166.32	165.21	0	255	0
501	-185.0	-166.32	165.2	0	255	0
501	-185.01	-166.32	165.2	0	255	0
501	-185.02	-166.32	165.19	0	255	0
501	-185.04	-166.33	165.18	0	255	0
501	-185.05	-166.33	165.17	0	255	0
501	-185.07	-166.33	165.16	0	255	0
501	-185.09	-166.33	165.15	0	255	0
501	-185.11	-166.34	165.14	0	255	0
501	-185.14	-166.34	165.13	0	255	0
501	-185.16	-166.35	165.12	0	255	0
501	-185.19	-166.35	165.1	0	255	0
501	-185.22	-166.35	165.09	0	255	0
501	-185.25	-166.36	165.07	0	255	0
501	-185.28	-166.36	165.05	0	255	0
501	-185.31	-166.37	165.03	0	255	0
501	-185.35	-166.37	165.02	0	255	0
501	-185.39	-166.38	165.0	0	255	0
501	-185.42	-166.39	164.98	0	255	0
501	-185.46	-166.39	164.96	0	255	0
501	-185.51	-166.4	164.93	0	255	0
501	-185.55	-166.41	164.91	0	255	0
501	-185.59	-166.41	164.89	0	255	0
501	-185.64	-166.42	164.86	0	255	0
501	-185.68	-166.43	164.84	0	255	0
501	-185.73	-166.44	164.81	0	255	0
501	-185.78	-166.44	164.79	0	255	0
501	-185.83	-166.45	164.76	0	255	0
501	-185.88	-166.46	164.73	0	255	0
501	-185.94	-166.47	164.71	0	255	0
501	-185.99	-166.48	164.68	0	255	0
501	-186.04	-166.48	164.65	0	255	0
501	-186.1	-166.49	164.62	0	255	0
501	-186.16	-166.5	164.59	0	255	0
501	-186.22	-166.51	164.56	0	255	0
501	-186.28	-166.52	164.53	0	255	0
501	-186.34	-166.53	164.49	0	255	0
501	-186.4	-166.54	164.46	0	255	0
501	-186.46	-166.55	164.43	0	255	0
501	-186.52	-166.56	164.4	0	255	0
501	-186.59	-166.57	164.36	0	255	0
501	-186.65	-166.58	164.33	0	255	0
501	-186.72	-166.59	164.29	0	255	0
501	-186.79	-166.6	164.26	0	255	0
501	-186.85	-166.61	164.22	0	255	0
501	-186.92	-166.62	164.19	0	255	0
501	-186.99	-166.63	164.15	0	255	0
501	-187.06	-166.65	164.11	0	255	0
501	-187.13	-166.66	164.08	0	255	0
501	-187.2	-166.67	164.04	0	255	0
501	-187.27	-166.68	164.0	0	255	0
501	-187.34	-166.69	163.96	0	255	0
501	-187.42	-166.7	163.92	0	255	0
501	-187.49	-166.71	163.88	0	255	0
501	-187.56	-166.73	163.85	0	255	0
501	-187.64	-166.74	163.81	0	255	0
501	-187.71	-166.75	163.77	0	255	0
501	-187.79	-166.76	163.73	0	255	0
501	-187.86	-166.77	163.69	0	255	0
501	-187.94	-166.78	163.65	0	255	0
501	-188.01	-166.8	163.61	0	255	0
501	-188.09	-166.81	163.57	0	255	0
501	-188.17	-166.82	163.53	0	255	0
501	-188.24	-166.83	163.49	0	255	0
501	-188.32	-166.85	163.45	0	255	0
501	-188.4	-166.86	163.4	0	255	0
501	-188.48	-166.87	163.36	0	255	0
501	-188.55	-166.88	163.32	0	255	0
501	-188.63	-166.89	163.28	0	255	0
501	-188.71	-166.91	163.24	0	255	0
501	-188.79	-166.92	163.2	0	255	0
501	-188.86	-166.93	163.16	0	255	0
501	-188.94	-166.94	163.12	0	255	0
501	-189.02	-166.96	163.08	0	255	0
501	-189.1	-166.97	163.03	0	255	0
501	-189.17	-166.98	162.99	0	255	0
501	-189.25	-166.99	162.95	0	255	0
501	-189.33	-167.01	162.91	0	255	0
501	-189.41	-167.02	162.87	0	255	0
501	-189.48	-167.03	162.83	0	255	0
501	-189.56	-167.04	162.79	0	255	0
501	-189.64	-167.05	162.75	0	255	0
501	-189.71	-167.07	162.71	0	255	0
501	-189.79	-167.08	162.67	0	255	0
501	-189.87	-167.09	162.63	0	255	0
501	-189.94	-167.1	162.59	0	255	0
501	-190.02	-167.11	162.55	0	255	0
501	-190.09	-167.13	162.51	0	255	0
501	-190.16	-167.14	162.47	0	255	0
501	-190.24	-167.15	162.43	0	255	0
501	-190.31	-167.16	162.39	0	255	0
501	-190.38	-167.17	162.35	0	255	0
501	-190.46	-167.18	162.32	0	255	0
501	-190.53	-167.19	162.28	0	255	0
501	-190.6	-167.21	162.24	0	255	0
501	-190.67	-167.22	162.2	0	255	0
501	-190.74	-167.23	162.17	0	255	0
501	-190.81	-167.24	162.13	0	255	0
501	-190.88	-167.25	162.09	0	255	0
501	-190.94	-167.26	162.06	0	255	0
501	-191.01	-167.27	162.02	0	255	0
501	-191.07	-167.28	161.99	0	255	0
501	-191.14	-167.29	161.95	0	255	0
501	-191.2	-167.3	161.92	0	255	0
501	-191.27	-167.31	161.89	0	255	0
501	-191.33	-167.32	161.85	0	255	0
501	-191.39	-167.33	161.82	0	255	0
501	-191.45	-167.34	161.79	0	255	0
501	-191.51	-167.35	161.76	0	255	0
501	-191.57	-167.36	161.73	0	255	0
501	-191.63	-167.37	161.7	0	255	0
501	-191.68	-167.38	161.67	0	255	0
501	-191.74	-167.39	161.64	0	255	0
501	-191.79	-167.4	161.61	0	255	0
501	-191.84	-167.4	161.58	0	255	0
501	-191.9	-167.41	161.55	0	255	0
501	-191.95	-167.42	161.53	0	255	0
501	-192.0	-167.43	161.5	0	255	0
501	-192.04	-167.44	161.48	0	255	0
501	-192.09	-167.44	161.45	0	255	0
501	-192.14	-167.45	161.43	0	255	0
501	-192.18	-167.46	161.4	0	255	0
501	-192.22	-167.46	161.38	0	255	0
501	-192.26	-167.47	161.36	0	255	0
501	-192.3	-167.48	161.34	0	255	0
501	-192.34	-167.48	161.32	0	255	0
501	-192.38	-167.49	161.3	0	255	0
501	-192.41	-167.49	161.28	0	255	0
501	-192.45	-167.5	161.26	0	255	0
501	-192.48	-167.5	161.25	0	255	0
501	-192.51	-167.51	161.23	0	255	0
501	-192.54	-167.51	161.21	0	255	0
501	-192.57	-167.52	161.2	0	255	0
501	-192.59	-167.52	161.19	0	255	0
501	-192.62	-167.53	161.17	0	255	0
501	-192.64	-167.53	161.16	0	255	0
501	-192.66	-167.53	161.15	0	255	0
501	-192.68	-167.54	161.14	0	255	0
501	-192.69	-167.54	161.13	0	255	0
501	-192.71	-167.54	161.13	0	255	0
501	-192.72	-167.54	161.12	0	255	0
501	-192.73	-167.54	161.11	0	255	0
501	-192.74	-167.55	161.11	0	255	0
501	-192.75	-167.55	161.1	0	255	0
501	-192.75	-167.55	161.1	0	255	0
501	-192.76	-167.55	161.1	0	255	0
501	-192.76	-167.55	161.1	0	255	0
501	-192.76	-167.55	161.1	0	255	0
501	-192.75	-167.55	161.1	0	255	0
501	-192.75	-167.55	161.1	0	255	0
501	-192.74	-167.55	161.11	0	255	0
501	-192.73	-167.54	161.11	0	255	0
501	-192.72	-167.54	161.12	0	255	0
501	-192.71	-167.54	161.12	0	255	0
501	-192.69	-167.54	161.13	0	255	0
501	-192.68	-167.54	161.14	0	255	0
501	-192.66	-167.53	161.15	0	255	0
501	-192.64	-167.53	161.16	0	255	0
501	-192.62	-167.53	161.17	0	255	0
501	-192.59	-167.52	161.19	0	255	0
501	-192.57	-167.52	161.2	0	255	0
501	-192.54	-167.51	161.21	0	255	0
501	-192.51	-167.51	161.23	0	255	0
501	-192.48	-167.5	161.24	0	255	0
501	-192.45	-167.5	161.26	0	255	0
501	-192.42	-167.49	161.28	0	255	0
501	-192.38	-167.49	161.3	0	255	0
501	-192.35	-167.48	161.32	0	255	0
501	-192.31	-167.48	161.34	0	255	0
501	-192.27	-167.47	161.36	0	255	0
501	-192.23	-167.46	161.38	0	255	0
501	-192.19	-167.46	161.4	0	255	0
501	-192.14	-167.45	161.42	0	255	0
501	-192.1	-167.44	161.45	0	255	0
501	-192.05	-167.44	161.47	0	255	0
501	-192.01	-167.43	161.5	0	255	0
501	-191.96	-167.42	161.52	0	255	0
501	-191.91	-167.41	161.55	0	255	0
501	-191.86	-167.41	161.58	0	255	0
501	-191.8	-167.4	161.6	0	255	0
501	-191.75	-167.39	161.63	0	255	0
501	-191.7	-167.38	161.66	0	255	0
501	-191.64	-167.37	161.69	0	255	0
501	-191.58	-167.36	161.72	0	255	0
501	-191.53	-167.35	161.75	0	255	0
501	-191.47	-167.34	161.78	0	255	0
501	-191.41	-167.33	161.81	0	255	0
501	-191.35	-167.32	161.84	0	255	0
501	-191.28	-167.31	161.88	0	255	0
501	-191.22	-167.3	161.91	0	255	0
501	-191.16	-167.29	161.94	0	255	0
501	-191.09	-167.28	161.98	0	255	0
501	-191.03	-167.27	162.01	0	255	0
501	-190.96	-167.26	162.05	0	255	0
501	-190.9	-167.25	162.08	0	255	0
501	-190.83	-167.24	162.12	0	255	0
501	-190.76	-167.23	162.15	0	255	0
501	-190.69	-167.22	162.19	0	255	0
501	-190.62	-167.21	162.23	0	255	0
501	-190.55	-167.2	162.26	0	255	0
501	-190.48	-167.19	162.3	0	255	0
501	-190.41	-167.18	162.34	0	255	0
501	-190.34	-167.16	162.38	0	255	0
501	-190.27	-167.15	162.42	0	255	0
501	-190.19	-167.14	162.45	0	255	0
501	-190.12	-167.13	162.49	0	255	0
501	-190.05	-167.12	162.53	0	255	0
501	-189.97	-167.11	162.57	0	255	0
501	-189.9	-167.1	162.61	0	255	0
501	-189.82	-167.08	162.65	0	255	0
501	-189.75	-167.07	162.69	0	255	0
501	-189.67	-167.06	162.73	0	255	0
501	-189.59	-167.05	162.77	0	255	0
501	-189.52	-167.04	162.81	0	255	0
501	-189.44	-167.02	162.85	0	255	0
501	-189.37	-167.01	162.89	0	255	0
501	-189.29	-167.0	162.93	0	255	0
501	-189.21	-166.99	162.97	0	255	0
501	-189.13	-166.97	163.01	0	255	0
501	-189.06	-166.96	163.06	0	255	0
501	-188.98	-166.95	163.1	0	255	0
501	-188.9	-166.94	163.14	0	255	0
501	-188.83	-166.93	163.18	0	255	0
501	-188.75	-166.91	163.22	0	255	0
501	-188.67	-166.9	163.26	0	255	0
501	-188.59	-166.89	163.3	0	255	0
501	-188.52	-166.88	163.34	0	255	0
501	-188.44	-166.86	163.38	0	255	0
501	-188.36	-166.85	163.42	0	255	0
501	-188.29	-166.84	163.46	0	255	0
501	-188.21	-166.83	163.5	0	255	0
501	-188.13	-166.82	163.54	0	255	0
501	-188.06	-166.8	163.58	0	255	0
501	-187.98	-166.79	163.62	0	255	0
501	-187.91	-166.78	163.66	0	255	0
501	-187.83	-166.77	163.7	0	255	0
501	-187.76	-166.76	163.74	0	255	0
501	-187.68	-166.74	163.78	0	255	0
501	-187.61	-166.73	163.82	0	255	0
501	-187.53	-166.72	163.86	0	255	0
501	-187.46	-166.71	163.9	0	255	0
501	-187.39	-166.7	163.94	0	255	0
501	-187.32	-166.69	163.98	0	255	0
501	-187.25	-166.68	164.01	0	255	0
501	-187.18	-166.66	164.05	0	255	0
501	-187.11	-166.65	164.09	0	255	0
501	-187.04	-166.64	164.12	0	255	0
501	-186.97	-166.63	164.16	0	255	0
501	-186.9	-166.62	164.2	0	255	0
501	-186.83	-166.61	164.23	0	255	0
501	-186.76	-166.6	164.27	0	255	0
501	-186.7	-166.59	164.3	0	255	0
501	-186.63	-166.58	164.34	0	255	0
501	-186.57	-166.57	164.37	0	255	0
501	-186.51	-166.56	164.4	0	255	0
501	-186.44	-166.55	164.44	0	255	0
501	-186.38	-166.54	164.47	0	255	0
501	-186.32	-166.53	164.5	0	255	0
501	-186.26	-166.52	164.53	0	255	0
501	-186.2	-166.51	164.57	0	255	0
501	-186.14	-166.5	164.6	0	255	0
501	-186.09	-166.49	164.63	0	255	0
501	-186.03	-166.48	164.66	0	255	0
501	-185.98	-166.47	164.68	0	255	0
501	-185.92	-166.47	164.71	0	255	0
501	-185.87	-166.46	164.74	0	255	0
501	-185.82	-166.45	164.77	0	255	0
501	-185.77	-166.44	164.79	0	255	0
501	-185.72	-166.43	164.82	0	255	0
501	-185.67	-166.43	164.84	0	255	0
501	-185.63	-166.42	164.87	0	255	0
501	-185.58	-166.41	164.89	0	255	0
501	-185.54	-166.41	164.92	0	255	0
501	-185.5	-166.4	164.94	0	255	0
501	-185.46	-166.39	164.96	0	255	0
501	-185.42	-166.39	164.98	0	255	0
501	-185.38	-166.38	165.0	0	255	0
501	-185.34	-166.37	165.02	0	255	0
501	-185.31	-166.37	165.04	0	255	0
501	-185.28	-166.36	165.05	0	255	0
501	-185.24	-166.36	165.07	0	255	0
501	-185.21	-166.35	165.09	0	255	0
501	-185.19	-166.35	165.1	0	255	0
501	-185.16	-166.34	165.12	0	255	0
501	-185.13	-166.34	165.13	0	255	0
501	-185.11	-166.34	165.14	0	255	0
501	-185.09	-166.33	165.15	0	255	0
501	-185.07	-166.33	165.16	0	255	0
501	-185.05	-166.33	165.17	0	255	0
501	-185.03	-166.32	165.18	0	255	0
501	-185.02	-166.32	165.19	0	255	0
501	-185.01	-166.32	165.2	0	255	0
501	-185.0	-166.32	165.2	0	255	0
501	-184.99	-166.32	165.21	0	255	0
501	-184.98	-166.32	165.21	0	255	0
501	-184.98	-166.32	165.21	0	255	0
501	-184.97	-166.32	165.22	0	255	0
501	-184.97	-166.31	165.22	0	255	0
501	-184.97	-166.31	165.22	0	255	0
501	-184.97	-166.31	165.22	0	255	0
501	-184.97	-166.31	165.22	0	255	0
501	-184.97	-166.31	165.22	0	255	0
501	-184.97	-166.31	165.22	0	255	0
501	-184.97	-166.31	165.22	0	255	0
501	-184.97	-166.31	165.22	0	255	0
501	-184.97	-166.31	165.22	0	255	0
501	-184.97	-166.31	165.22	0	255	0
501	-184.97	-166.31	165.22	0	255	0
501	-184.97	-166.31	165.22	0	255	0
501	-184.97	-166.31	165.22	0	255	0
501	-184.97	-166.31	165.22	0	255	0
501	-184.97	-166.31	165.22	0	255	0
501	-184.97	-166.31	165.22	0	255	0
501	-184.97	-166.31	165.22	0	255	0
501	-184.97	-166.31	165.22	0	255	0
501	-184.97	-166.31	165.22	0	255	0
501	-184.97	-166.31	165.22	0	255	0
501	-184.97	-166.31	165.22	0	255	0
501	-184.97	-166.31	165.22	0	255	0
501	-184.97	-166.31	165.22	0	255	0
501	-184.97	-166.31	165.22	0	255	0
501	-184.97	-166.31	165.22	0	255	0
501	-184.97	-166.31	165.22	0	255	0
501	-184.97	-166.31	165.22	0	255	0
501	-184.97	-166.31	165.22	0	255	0
501	-184.97	-166.31	165.22	0	255	0
501	-184.97	-166.31	165.22	0	255	0
501	-184.97	-166.31	165.22	0	255	0
501	-184.97	-166.31	165.22	0	255	0
501	-184.97	-166.31	165.22	0	255	0
501	-184.97	-166.31	165.22	0	255	0
501	-184.97	-166.31	165.22	0	255	0
501	-184.97	-166.31	165.22	0	255	0
501	-184.97	-166.31	165.22	0	255	0
501	-184.97	-166.31	165.22	0	255	0
501	-184.97	-166.31	165.22	0	255	0
501	-184.97	-166.31	165.22	0	255	0
501	-184.97	-166.31	165.22	0	255	0
501	-184.97	-166.31	165.22	0	255	0
501	-184.97	-166.31	165.22	0	255	0
501	-184.97	-166.31	165.22	0	255	0
501	-184.97	-166.31	165.22	0	255	0
501	-184.97	-166.31	165.22	0	255	0
501	-184.97	-166.31	165.22	0	255	0
501	-184.97	-166.31	165.22	0	255	0
501	-184.97	-166.31	165.22	0	255	0
501	-184.97	-166.31	165.22	0	255	0
501	-184.97	-166.31	165.22	0	255	0
501	-184.97	-166.31	165.22	0	255	0
501	-184.97	-166.31	165.22	0	255	0
501	-184.97	-166.31	165.22	0	255	0
501	-184.97	-166.31	165.22	0	255	0
501	-184.97	-166.31	165.22	0	255	0
501	-184.97	-166.31	165.22	0	255	0
501	-184.97	-166.31	165.22	0	255	0
501	-184.97	-166.31	165.22	0	255	0
501	-184.97	-166.31	165.22	0	255	0
501	-184.97	-166.31	165.22	0	255	0
501	-184.97	-166.31	165.22	0	255	0
501	-184.97	-166.31	165.22	0	255	0
501	-184.97	-166.31	165.22	0	255	0
501	-184.97	-166.31	165.22	0	255	0
501	-184.97	-166.31	165.22	0	255	0
501	-184.97	-166.31	165.22	0	255	0
501	-184.97	-166.31	165.22	0	255	0
501	-184.97	-166.31	165.22	0	255	0
501	-184.97	-166.31	165.22	0	255	0
501	-184.97	-166.31	165.22	0	255	0
501	-184.97	-166.31	165.22	0	255	0
501	-184.97	-166.31	165.22	0	255	0
501	-184.97	-166.31	165.22	0	255	0
501	-184.97	-166.31	165.22	0	255	0
501	-184.97	-166.31	165.22	0	255	0
501	-184.97	-166.31	165.22	0	255	0
501	-184.97	-166.31	165.22	0	255	0
501	-184.97	-166.31	165.22	0	255	0
501	-184.97	-166.31	165.22	0	255	0
501	-184.97	-166.31	165.22	0	255	0
501	-184.97	-166.31	165.22	0	255	0
501	-184.97	-166.31	165.22	0	255	0
501	-184.97	-166.31	165.22	0	255	0
501	-184.97	-166.31	165.22	0	255	0
501	-184.97	-166.31	165.22	0	255	0
501	-184.97	-166.31	165.22	0	255	0
501	-184.97	-166.31	165.22	0	255	0
501	-184.97	-166.31	165.22	0	255	0
501	-184.97	-166.31	165.22	0	255	0
501	-184.97	-166.31	165.22	0	255	0
501	-184.97	-166.31	165.22	0	255	0
501	-184.97	-166.31	165.22	0	255	0
501	-184.97	-166.31	165.22	0	255	0
501	-184.97	-166.31	165.22	0	255	0
501	-184.97	-166.31	165.22	0	255	0
501	-184.97	-166.31	165.22	0	255	0
501	-184.97	-166.31	165.22	0	255	0
501	-184.97	-166.31	165.22	0	255	0
501	-184.97	-166.31	165.22	0	255	0
501	-184.97	-166.31	165.22	0	255	0
501	-184.97	-166.31	165.22	0	255	0
501	-184.97	-166.31	165.22	0	255	0
501	-184.97	-166.31	165.22	0	255	0
501	-184.97	-166.31	165.22	0	255	0
501	-184.97	-166.31	165.22	0	255	0
501	-184.97	-166.31	165.22	0	255	0
501	-184.97	-166.31	165.22	0	255	0
501	-184.97	-166.31	165.22	0	255	0
501	-184.97	-166.31	165.22	0	255	0
501	-184.97	-166.31	165.22	0	255	0
501	-184.97	-166.31	165.22	0	255	0
501	-184.97	-166.31	165.22	0	255	0
501	-184.97	-166.31	165.22	0	255	0
501	-184.97	-166.31	165.22	0	255	0
501	-184.97	-166.31	165.22	0	255	0
501	-184.97	-166.31	165.22	0	255	0
501	-184.97	-166.31	165.22	0	255	0
501	-184.97	-166.31	165.22	0	255	0
501	-184.97	-166.31	165.22	0	255	0
501	-184.97	-166.31	165.22	0	255	0
501	-184.97	-166.31	165.22	0	255	0
501	-184.97	-166.31	165.22	0	255	0
501	-184.97	-166.31	165.22	0	255	0
501	-184.97	-166.31	165.22	0	255	0
501	-184.97	-166.31	165.22	0	255	0
501	-184.97	-166.31	165.22	0	255	0
501	-184.97	-166.31	165.22	0	255	0
501	-184.97	-166.31	165.22	0	255	0
501	-184.97	-166.31	165.22	0	255	0
501	-184.97	-166.31	165.22	0	255	0
501	-184.97	-166.31	165.22	0	255	0
501	-184.97	-166.31	165.22	0	255	0
501	-184.97	-166.31	165.22	0	255	0
501	-184.97	-166.31	165.22	0	255	0
501	-184.97	-166.31	165.22	0	255	0
501	-184.97	-166.31	165.22	0	255	0
501	-184.97	-166.31	165.22	0	255	0
501	-184.97	-166.31	165.22	0	255	0
501	-184.97	-166.31	165.22	0	255	0
501	-184.97	-166.31	165.22	0	255	0
501	-184.97	-166.31	165.22	0	255	0
501	-184.97	-166.31	165.22	0	255	0
501	-184.97	-166.31	165.22	0	255	0
501	-184.97	-166.31	165.22	0	255	0
501	-184.97	-166.31	165.22	0	255	0
501	-184.97	-166.31	165.22	0	255	0
501	-184.97	-166.31	165.22	0	255	0
501	-184.97	-166.31	165.22	0	255	0
501	-184.97	-166.31	165.22	0	255	0
