508	-184.94	-166.31	187.2	0	255	0
508	-184.94	-166.31	187.2	0	255	0
508	-184.94	-166.31	187.2	0	255	0
508	-184.95	-166.31	187.2	0	255	0
508	-184.95	-166.31	187.2	0	255	0
508	-184.96	-166.31	187.2	0	255	0
508	-184.97	-166.32	187.19	0	255	0
508	-184.99	-166.32	187.19	0	255	0
508	-185.0	-166.32	187.19	0	255	0
508	-185.02	-166.32	187.19	0	255	0
508	-185.03	-166.32	187.18	0	255	0
508	-185.06	-166.33	187.18	0	255	0
508	-185.08	-166.33	187.17	0	255	0
508	-185.1	-166.34	187.17	0	255	0
508	-185.13	-166.34	187.16	0	255	0
508	-185.15	-166.34	187.16	0	255	0
508	-185.18	-166.35	187.15	0	255	0
508	-185.21	-166.35	187.15	0	255	0
508	-185.25	-166.36	187.14	0	255	0
508	-185.28	-166.36	187.13	0	255	0
508	-185.31	-166.37	187.13	0	255	0
508	-185.35	-166.37	187.12	0	255	0
508	-185.39	-166.38	187.11	0	255	0
508	-185.43	-166.39	187.1	0	255	0
508	-185.47	-166.39	187.09	0	255	0
508	-185.51	-166.4	187.09	0	255	0
508	-185.56	-166.41	187.08	0	255	0
508	-185.6	-166.41	187.07	0	255	0
508	-185.65	-166.42	187.06	0	255	0
508	-185.7	-166.43	187.05	0	255	0
508	-185.75	-166.44	187.04	0	255	0
508	-185.8	-166.45	187.03	0	255	0
508	-185.85	-166.45	187.02	0	255	0
508	-185.9	-166.46	187.01	0	255	0
508	-185.95	-166.47	187.0	0	255	0
508	-186.01	-166.48	186.98	0	255	0
508	-186.07	-166.49	186.97	0	255	0
508	-186.12	-166.5	186.96	0	255	0
508	-186.18	-166.51	186.95	0	255	0
508	-186.24	-166.52	186.94	0	255	0
508	-186.3	-166.53	186.93	0	255	0
508	-186.36	-166.54	186.91	0	255	0
508	-186.42	-166.55	186.9	0	255	0
508	-186.49	-166.56	186.89	0	255	0
508	-186.55	-166.57	186.87	0	255	0
508	-186.62	-166.58	186.86	0	255	0
508	-186.68	-166.59	186.85	0	255	0
508	-186.75	-166.6	186.83	0	255	0
508	-186.82	-166.61	186.82	0	255	0
508	-186.88	-166.62	186.81	0	255	0
508	-186.95	-166.63	186.79	0	255	0
508	-187.02	-166.64	186.78	0	255	0
508	-187.09	-166.65	186.76	0	255	0
508	-187.16	-166.66	186.75	0	255	0
508	-187.24	-166.67	186.74	0	255	0
508	-187.31	-166.68	186.72	0	255	0
508	-187.38	-166.7	186.71	0	255	0
508	-187.45	-166.71	186.69	0	255	0
508	-187.53	-166.72	186.68	0	255	0
508	-187.6	-166.73	186.66	0	255	0
508	-187.67	-166.74	186.65	0	255	0
508	-187.75	-166.75	186.63	0	255	0
508	-187.82	-166.77	186.62	0	255	0
508	-187.9	-166.78	186.6	0	255	0
508	-187.98	-166.79	186.58	0	255	0
508	-188.05	-166.8	186.57	0	255	0
508	-188.13	-166.82	186.55	0	255	0
508	-188.21	-166.83	186.54	0	255	0
508	-188.28	-166.84	186.52	0	255	0
508	-188.36	-166.85	186.51	0	255	0
508	-188.44	-166.86	186.49	0	255	0
508	-188.52	-166.88	186.48	0	255	0
508	-188.59	-166.89	186.46	0	255	0
508	-188.67	-166.9	186.44	0	255	0
508	-188.75	-166.91	186.43	0	255	0
508	-188.83	-166.93	186.41	0	255	0
508	-188.9	-166.94	186.4	0	255	0
508	-188.98	-166.95	186.38	0	255	0
508	-189.06	-166.96	186.36	0	255	0
508	-189.14	-166.97	186.35	0	255	0
508	-189.21	-166.99	186.33	0	255	0
508	-189.29	-167.0	186.32	0	255	0
508	-189.37	-167.01	186.3	0	255	0
508	-189.45	-167.02	186.29	0	255	0
508	-189.52	-167.04	186.27	0	255	0
508	-189.6	-167.05	186.26	0	255	0
508	-189.68	-167.06	186.24	0	255	0
508	-189.75	-167.07	186.22	0	255	0
508	-189.83	-167.08	186.21	0	255	0
508	-189.9	-167.1	186.19	0	255	0
508	-189.98	-167.11	186.18	0	255	0
508	-190.05	-167.12	186.16	0	255	0
508	-190.13	-167.13	186.15	0	255	0
508	-190.2	-167.14	186.13	0	255	0
508	-190.27	-167.15	186.12	0	255	0
508	-190.35	-167.17	186.1	0	255	0
508	-190.42	-167.18	186.09	0	255	0
508	-190.49	-167.19	186.07	0	255	0
508	-190.56	-167.2	186.06	0	255	0
508	-190.63	-167.21	186.05	0	255	0
508	-190.7	-167.22	186.03	0	255	0
508	-190.77	-167.23	186.02	0	255	0
508	-190.84	-167.24	186.0	0	255	0
508	-190.9	-167.25	185.99	0	255	0
508	-190.97	-167.27	185.98	0	255	0
508	-191.04	-167.28	185.96	0	255	0
508	-191.1	-167.29	185.95	0	255	0
508	-191.17	-167.3	185.94	0	255	0
508	-191.23	-167.31	185.92	0	255	0
508	-191.29	-167.32	185.91	0	255	0
508	-191.35	-167.33	185.9	0	255	0
508	-191.41	-167.34	185.89	0	255	0
508	-191.47	-167.34	185.87	0	255	0
508	-191.53	-167.35	185.86	0	255	0
508	-191.59	-167.36	185.85	0	255	0
508	-191.64	-167.37	185.84	0	255	0
508	-191.7	-167.38	185.83	0	255	0
508	-191.75	-167.39	185.82	0	255	0
508	-191.81	-167.4	185.81	0	255	0
508	-191.86	-167.41	185.8	0	255	0
508	-191.91	-167.41	185.79	0	255	0
508	-191.96	-167.42	185.78	0	255	0
508	-192.0	-167.43	185.77	0	255	0
508	-192.05	-167.44	185.76	0	255	0
508	-192.1	-167.44	185.75	0	255	0
508	-192.14	-167.45	185.74	0	255	0
508	-192.18	-167.46	185.73	0	255	0
508	-192.22	-167.46	185.72	0	255	0
508	-192.26	-167.47	185.71	0	255	0
508	-192.3	-167.48	185.71	0	255	0
508	-192.34	-167.48	185.7	0	255	0
508	-192.37	-167.49	185.69	0	255	0
508	-192.41	-167.49	185.68	0	255	0
508	-192.44	-167.5	185.68	0	255	0
508	-192.47	-167.5	185.67	0	255	0
508	-192.5	-167.51	185.67	0	255	0
508	-192.53	-167.51	185.66	0	255	0
508	-192.55	-167.52	185.66	0	255	0
508	-192.58	-167.52	185.65	0	255	0
508	-192.6	-167.52	185.65	0	255	0
508	-192.62	-167.53	185.64	0	255	0
508	-192.64	-167.53	185.64	0	255	0
508	-192.65	-167.53	185.64	0	255	0
508	-192.67	-167.53	185.63	0	255	0
508	-192.68	-167.54	185.63	0	255	0
508	-192.69	-167.54	185.63	0	255	0
508	-192.7	-167.54	185.63	0	255	0
508	-192.71	-167.54	185.62	0	255	0
508	-192.71	-167.54	185.62	0	255	0
508	-192.72	-167.54	185.62	0	255	0
508	-192.72	-167.54	185.62	0	255	0
508	-192.72	-167.54	185.62	0	255	0
508	-192.71	-167.54	185.62	0	255	0
508	-192.71	-167.54	185.62	0	255	0
508	-192.7	-167.54	185.63	0	255	0
508	-192.69	-167.54	185.63	0	255	0
508	-192.68	-167.54	185.63	0	255	0
508	-192.67	-167.53	185.63	0	255	0
508	-192.65	-167.53	185.63	0	255	0
508	-192.64	-167.53	185.64	0	255	0
508	-192.62	-167.53	185.64	0	255	0
508	-192.6	-167.52	185.65	0	255	0
508	-192.58	-167.52	185.65	0	255	0
508	-192.55	-167.52	185.66	0	255	0
508	-192.53	-167.51	185.66	0	255	0
508	-192.5	-167.51	185.67	0	255	0
508	-192.47	-167.5	185.67	0	255	0
508	-192.44	-167.5	185.68	0	255	0
508	-192.41	-167.49	185.68	0	255	0
508	-192.38	-167.49	185.69	0	255	0
508	-192.34	-167.48	185.7	0	255	0
508	-192.31	-167.48	185.71	0	255	0
508	-192.27	-167.47	185.71	0	255	0
508	-192.23	-167.46	185.72	0	255	0
508	-192.19	-167.46	185.73	0	255	0
508	-192.15	-167.45	185.74	0	255	0
508	-192.1	-167.44	185.75	0	255	0
508	-192.06	-167.44	185.76	0	255	0
508	-192.01	-167.43	185.76	0	255	0
508	-191.97	-167.42	185.77	0	255	0
508	-191.92	-167.42	185.78	0	255	0
508	-191.87	-167.41	185.79	0	255	0
508	-191.82	-167.4	185.8	0	255	0
508	-191.76	-167.39	185.82	0	255	0
508	-191.71	-167.38	185.83	0	255	0
508	-191.66	-167.37	185.84	0	255	0
508	-191.6	-167.36	185.85	0	255	0
508	-191.54	-167.36	185.86	0	255	0
508	-191.49	-167.35	185.87	0	255	0
508	-191.43	-167.34	185.88	0	255	0
508	-191.37	-167.33	185.9	0	255	0
508	-191.31	-167.32	185.91	0	255	0
508	-191.25	-167.31	185.92	0	255	0
508	-191.18	-167.3	185.93	0	255	0
508	-191.12	-167.29	185.95	0	255	0
508	-191.06	-167.28	185.96	0	255	0
508	-190.99	-167.27	185.97	0	255	0
508	-190.92	-167.26	185.99	0	255	0
508	-190.86	-167.25	186.0	0	255	0
508	-190.79	-167.24	186.01	0	255	0
508	-190.72	-167.23	186.03	0	255	0
508	-190.65	-167.21	186.04	0	255	0
508	-190.58	-167.2	186.06	0	255	0
508	-190.51	-167.19	186.07	0	255	0
508	-190.44	-167.18	186.08	0	255	0
508	-190.37	-167.17	186.1	0	255	0
508	-190.3	-167.16	186.11	0	255	0
508	-190.23	-167.15	186.13	0	255	0
508	-190.15	-167.14	186.14	0	255	0
508	-190.08	-167.12	186.16	0	255	0
508	-190.01	-167.11	186.17	0	255	0
508	-189.93	-167.1	186.19	0	255	0
508	-189.86	-167.09	186.2	0	255	0
508	-189.78	-167.08	186.22	0	255	0
508	-189.71	-167.07	186.23	0	255	0
508	-189.63	-167.05	186.25	0	255	0
508	-189.56	-167.04	186.26	0	255	0
508	-189.48	-167.03	186.28	0	255	0
508	-189.4	-167.02	186.29	0	255	0
508	-189.33	-167.0	186.31	0	255	0
508	-189.25	-166.99	186.33	0	255	0
508	-189.17	-166.98	186.34	0	255	0
508	-189.1	-166.97	186.36	0	255	0
508	-189.02	-166.96	186.37	0	255	0
508	-188.94	-166.94	186.39	0	255	0
508	-188.87	-166.93	186.4	0	255	0
508	-188.79	-166.92	186.42	0	255	0
508	-188.71	-166.91	186.44	0	255	0
508	-188.63	-166.89	186.45	0	255	0
508	-188.56	-166.88	186.47	0	255	0
508	-188.48	-166.87	186.48	0	255	0
508	-188.4	-166.86	186.5	0	255	0
508	-188.33	-166.85	186.51	0	255	0
508	-188.25	-166.83	186.53	0	255	0
508	-188.17	-166.82	186.55	0	255	0
508	-188.1	-166.81	186.56	0	255	0
508	-188.02	-166.8	186.58	0	255	0
508	-187.94	-166.79	186.59	0	255	0
508	-187.87	-166.77	186.61	0	255	0
508	-187.79	-166.76	186.62	0	255	0
508	-187.72	-166.75	186.64	0	255	0
508	-187.65	-166.74	186.65	0	255	0
508	-187.57	-166.73	186.67	0	255	0
508	-187.5	-166.72	186.68	0	255	0
508	-187.43	-166.7	186.7	0	255	0
508	-187.35	-166.69	186.71	0	255	0
508	-187.28	-166.68	186.73	0	255	0
508	-187.21	-166.67	186.74	0	255	0
508	-187.14	-166.66	186.75	0	255	0
508	-187.07	-166.65	186.77	0	255	0
508	-187.0	-166.64	186.78	0	255	0
508	-186.93	-166.63	186.8	0	255	0
508	-186.86	-166.61	186.81	0	255	0
508	-186.79	-166.6	186.82	0	255	0
508	-186.73	-166.59	186.84	0	255	0
508	-186.66	-166.58	186.85	0	255	0
508	-186.6	-166.57	186.86	0	255	0
508	-186.53	-166.56	186.88	0	255	0
508	-186.47	-166.55	186.89	0	255	0
508	-186.41	-166.54	186.9	0	255	0
508	-186.35	-166.53	186.92	0	255	0
508	-186.28	-166.52	186.93	0	255	0
508	-186.22	-166.51	186.94	0	255	0
508	-186.17	-166.5	186.95	0	255	0
508	-186.11	-166.49	186.96	0	255	0
508	-186.05	-166.49	186.98	0	255	0
508	-186.0	-166.48	186.99	0	255	0
508	-185.94	-166.47	187.0	0	255	0
508	-185.89	-166.46	187.01	0	255	0
508	-185.84	-166.45	187.02	0	255	0
508	-185.79	-166.44	187.03	0	255	0
508	-185.74	-166.44	187.04	0	255	0
508	-185.69	-166.43	187.05	0	255	0
508	-185.64	-166.42	187.06	0	255	0
508	-185.59	-166.41	187.07	0	255	0
508	-185.55	-166.41	187.08	0	255	0
508	-185.51	-166.4	187.09	0	255	0
508	-185.46	-166.39	187.1	0	255	0
508	-185.42	-166.39	187.1	0	255	0
508	-185.38	-166.38	187.11	0	255	0
508	-185.35	-166.37	187.12	0	255	0
508	-185.31	-166.37	187.13	0	255	0
508	-185.27	-166.36	187.13	0	255	0
508	-185.24	-166.36	187.14	0	255	0
508	-185.21	-166.35	187.15	0	255	0
508	-185.18	-166.35	187.15	0	255	0
508	-185.15	-166.34	187.16	0	255	0
508	-185.12	-166.34	187.16	0	255	0
508	-185.1	-166.34	187.17	0	255	0
508	-185.08	-166.33	187.17	0	255	0
508	-185.05	-166.33	187.18	0	255	0
508	-185.03	-166.32	187.18	0	255	0
508	-185.02	-166.32	187.19	0	255	0
508	-185.0	-166.32	187.19	0	255	0
508	-184.98	-166.32	187.19	0	255	0
508	-184.97	-166.31	187.19	0	255	0
508	-184.96	-166.31	187.2	0	255	0
508	-184.95	-166.31	187.2	0	255	0
508	-184.94	-166.31	187.2	0	255	0
508	-184.94	-166.31	187.2	0	255	0
508	-184.94	-166.31	187.2	0	255	0
508	-184.94	-166.31	187.2	0	255	0
508	-184.94	-166.31	187.2	0	255	0
508	-184.94	-166.31	187.2	0	255	0
508	-184.94	-166.31	187.2	0	255	0
508	-184.94	-166.31	187.2	0	255	0
508	-184.94	-166.31	187.2	0	255	0
508	-184.94	-166.31	187.2	0	255	0
508	-184.94	-166.31	187.2	0	255	0
508	-184.94	-166.31	187.2	0	255	0
508	-184.94	-166.31	187.2	0	255	0
508	-184.94	-166.31	187.2	0	255	0
508	-184.94	-166.31	187.2	0	255	0
508	-184.94	-166.31	187.2	0	255	0
508	-184.94	-166.31	187.2	0	255	0
508	-184.94	-166.31	187.2	0	255	0
508	-184.94	-166.31	187.2	0	255	0
508	-184.94	-166.31	187.2	0	255	0
508	-184.94	-166.31	187.2	0	255	0
508	-184.94	-166.31	187.2	0	255	0
508	-184.94	-166.31	187.2	0	255	0
508	-184.94	-166.31	187.2	0	255	0
508	-184.94	-166.31	187.2	0	255	0
508	-184.94	-166.31	187.2	0	255	0
508	-184.94	-166.31	187.2	0	255	0
508	-184.94	-166.31	187.2	0	255	0
508	-184.94	-166.31	187.2	0	255	0
508	-184.94	-166.31	187.2	0	255	0
508	-184.94	-166.31	187.2	0	255	0
508	-184.94	-166.31	187.2	0	255	0
508	-184.94	-166.31	187.2	0	255	0
508	-184.94	-166.31	187.2	0	255	0
508	-184.94	-166.31	187.2	0	255	0
508	-184.94	-166.31	187.2	0	255	0
508	-184.94	-166.31	187.2	0	255	0
508	-184.94	-166.31	187.2	0	255	0
508	-184.94	-166.31	187.2	0	255	0
508	-184.94	-166.31	187.2	0	255	0
508	-184.94	-166.31	187.2	0	255	0
508	-184.94	-166.31	187.2	0	255	0
508	-184.94	-166.31	187.2	0	255	0
508	-184.94	-166.31	187.2	0	255	0
508	-184.94	-166.31	187.2	0	255	0
508	-184.94	-166.31	187.2	0	255	0
508	-184.94	-166.31	187.2	0	255	0
508	-184.94	-166.31	187.2	0	255	0
508	-184.94	-166.31	187.2	0	255	0
508	-184.94	-166.31	187.2	0	255	0
508	-184.94	-166.31	187.2	0	255	0
508	-184.94	-166.31	187.2	0	255	0
508	-184.94	-166.31	187.2	0	255	0
508	-184.94	-166.31	187.2	0	255	0
508	-184.94	-166.31	187.2	0	255	0
508	-184.94	-166.31	187.2	0	255	0
508	-184.94	-166.31	187.2	0	255	0
508	-184.94	-166.31	187.2	0	255	0
508	-184.94	-166.31	187.2	0	255	0
508	-184.94	-166.31	187.2	0	255	0
508	-184.94	-166.31	187.2	0	255	0
508	-184.94	-166.31	187.2	0	255	0
508	-184.94	-166.31	187.2	0	255	0
508	-184.94	-166.31	187.2	0	255	0
508	-184.94	-166.31	187.2	0	255	0
508	-184.94	-166.31	187.2	0	255	0
508	-184.94	-166.31	187.2	0	255	0
508	-184.94	-166.31	187.2	0	255	0
508	-184.94	-166.31	187.2	0	255	0
508	-184.94	-166.31	187.2	0	255	0
508	-184.94	-166.31	187.2	0	255	0
508	-184.94	-166.31	187.2	0	255	0
508	-184.94	-166.31	187.2	0	255	0
508	-184.94	-166.31	187.2	0	255	0
508	-184.94	-166.31	187.2	0	255	0
508	-184.94	-166.31	187.2	0	255	0
508	-184.94	-166.31	187.2	0	255	0
508	-184.94	-166.31	187.2	0	255	0
508	-184.94	-166.31	187.2	0	255	0
508	-184.94	-166.31	187.2	0	255	0
508	-184.94	-166.31	187.2	0	255	0
508	-184.94	-166.31	187.2	0	255	0
508	-184.94	-166.31	187.2	0	255	0
508	-184.94	-166.31	187.2	0	255	0
508	-184.94	-166.31	187.2	0	255	0
508	-184.94	-166.31	187.2	0	255	0
508	-184.94	-166.31	187.2	0	255	0
508	-184.94	-166.31	187.2	0	255	0
508	-184.94	-166.31	187.2	0	255	0
508	-184.94	-166.31	187.2	0	255	0
508	-184.94	-166.31	187.2	0	255	0
508	-184.94	-166.31	187.2	0	255	0
508	-184.94	-166.31	187.2	0	255	0
508	-184.94	-166.31	187.2	0	255	0
508	-184.94	-166.31	187.2	0	255	0
508	-184.94	-166.31	187.2	0	255	0
508	-184.94	-166.31	187.2	0	255	0
508	-184.94	-166.31	187.2	0	255	0
508	-184.94	-166.31	187.2	0	255	0
508	-184.94	-166.31	187.2	0	255	0
508	-184.94	-166.31	187.2	0	255	0
508	-184.94	-166.31	187.2	0	255	0
508	-184.94	-166.31	187.2	0	255	0
508	-184.94	-166.31	187.2	0	255	0
508	-184.94	-166.31	187.2	0	255	0
508	-184.94	-166.31	187.2	0	255	0
508	-184.94	-166.31	187.2	0	255	0
508	-184.94	-166.31	187.2	0	255	0
508	-184.94	-166.31	187.2	0	255	0
508	-184.94	-166.31	187.2	0	255	0
508	-184.94	-166.31	187.2	0	255	0
508	-184.94	-166.31	187.2	0	255	0
508	-184.94	-166.31	187.2	0	255	0
508	-184.94	-166.31	187.2	0	255	0
508	-184.94	-166.31	187.2	0	255	0
508	-184.94	-166.31	187.2	0	255	0
508	-184.94	-166.31	187.2	0	255	0
508	-184.94	-166.31	187.2	0	255	0
508	-184.94	-166.31	187.2	0	255	0
508	-184.94	-166.31	187.2	0	255	0
508	-184.94	-166.31	187.2	0	255	0
508	-184.94	-166.31	187.2	0	255	0
508	-184.94	-166.31	187.2	0	255	0
508	-184.94	-166.31	187.2	0	255	0
508	-184.94	-166.31	187.2	0	255	0
508	-184.94	-166.31	187.2	0	255	0
508	-184.94	-166.31	187.2	0	255	0
508	-184.94	-166.31	187.2	0	255	0
508	-184.94	-166.31	187.2	0	255	0
508	-184.94	-166.31	187.2	0	255	0
508	-184.94	-166.31	187.2	0	255	0
508	-184.94	-166.31	187.2	0	255	0
508	-184.94	-166.31	187.2	0	255	0
508	-184.94	-166.31	187.2	0	255	0
508	-184.94	-166.31	187.2	0	255	0
508	-184.94	-166.31	187.2	0	255	0
508	-184.94	-166.31	187.2	0	255	0
508	-184.94	-166.31	187.2	0	255	0
508	-184.94	-166.31	187.2	0	255	0
508	-184.94	-166.31	187.2	0	255	0
508	-184.94	-166.31	187.2	0	255	0
508	-184.94	-166.31	187.2	0	255	0
508	-184.94	-166.31	187.2	0	255	0
508	-184.94	-166.31	187.2	0	255	0
508	-184.94	-166.31	187.2	0	255	0
508	-184.94	-166.31	187.2	0	255	0
508	-184.94	-166.31	187.2	0	255	0
508	-184.94	-166.31	187.2	0	255	0
508	-184.94	-166.31	187.2	0	255	0
508	-184.94	-166.31	187.2	0	255	0
508	-184.94	-166.31	187.2	0	255	0
508	-184.94	-166.31	187.2	0	255	0
508	-184.94	-166.31	187.2	0	255	0
