513	-184.94	-166.31	204.32	0	255	0
513	-184.94	-166.31	204.32	0	255	0
513	-184.94	-166.31	204.32	0	255	0
513	-184.95	-166.31	204.32	0	255	0
513	-184.95	-166.31	204.32	0	255	0
513	-184.96	-166.31	204.32	0	255	0
513	-184.97	-166.32	204.32	0	255	0
513	-184.99	-166.32	204.32	0	255	0
513	-185.0	-166.32	204.32	0	255	0
513	-185.02	-166.32	204.32	0	255	0
513	-185.03	-166.32	204.32	0	255	0
513	-185.06	-166.33	204.32	0	255	0
513	-185.08	-166.33	204.33	0	255	0
513	-185.1	-166.34	204.33	0	255	0
513	-185.13	-166.34	204.33	0	255	0
513	-185.15	-166.34	204.33	0	255	0
513	-185.18	-166.35	204.33	0	255	0
513	-185.21	-166.35	204.33	0	255	0
513	-185.25	-166.36	204.33	0	255	0
513	-185.28	-166.36	204.34	0	255	0
513	-185.31	-166.37	204.34	0	255	0
513	-185.35	-166.37	204.34	0	255	0
513	-185.39	-166.38	204.34	0	255	0
513	-185.43	-166.39	204.34	0	255	0
513	-185.47	-166.39	204.35	0	255	0
513	-185.51	-166.4	204.35	0	255	0
513	-185.56	-166.41	204.35	0	255	0
513	-185.6	-166.41	204.35	0	255	0
513	-185.65	-166.42	204.35	0	255	0
513	-185.7	-166.43	204.36	0	255	0
513	-185.75	-166.44	204.36	0	255	0
513	-185.8	-166.45	204.36	0	255	0
513	-185.85	-166.45	204.36	0	255	0
513	-185.9	-166.46	204.37	0	255	0
513	-185.95	-166.47	204.37	0	255	0
513	-186.01	-166.48	204.37	0	255	0
513	-186.07	-166.49	204.38	0	255	0
513	-186.12	-166.5	204.38	0	255	0
513	-186.18	-166.51	204.38	0	255	0
513	-186.24	-166.52	204.38	0	255	0
513	-186.3	-166.53	204.39	0	255	0
513	-186.36	-166.54	204.39	0	255	0
513	-186.42	-166.55	204.39	0	255	0
513	-186.49	-166.56	204.4	0	255	0
513	-186.55	-166.57	204.4	0	255	0
513	-186.62	-166.58	204.4	0	255	0
513	-186.68	-166.59	204.41	0	255	0
513	-186.75	-166.6	204.41	0	255	0
513	-186.82	-166.61	204.41	0	255	0
513	-186.88	-166.62	204.42	0	255	0
513	-186.95	-166.63	204.42	0	255	0
513	-187.02	-166.64	204.42	0	255	0
513	-187.09	-166.65	204.43	0	255	0
513	-187.16	-166.66	204.43	0	255	0
513	-187.24	-166.67	204.44	0	255	0
513	-187.31	-166.68	204.44	0	255	0
513	-187.38	-166.7	204.44	0	255	0
513	-187.45	-166.71	204.45	0	255	0
513	-187.53	-166.72	204.45	0	255	0
513	-187.6	-166.73	204.45	0	255	0
513	-187.67	-166.74	204.46	0	255	0
513	-187.75	-166.75	204.46	0	255	0
513	-187.82	-166.77	204.47	0	255	0
513	-187.9	-166.78	204.47	0	255	0
513	-187.98	-166.79	204.47	0	255	0
513	-188.05	-166.8	204.48	0	255	0
513	-188.13	-166.82	204.48	0	255	0
513	-188.21	-166.83	204.48	0	255	0
513	-188.28	-166.84	204.49	0	255	0
513	-188.36	-166.85	204.49	0	255	0
513	-188.44	-166.86	204.5	0	255	0
513	-188.52	-166.88	204.5	0	255	0
513	-188.59	-166.89	204.5	0	255	0
513	-188.67	-166.9	204.51	0	255	0
513	-188.75	-166.91	204.51	0	255	0
513	-188.83	-166.93	204.52	0	255	0
513	-188.9	-166.94	204.52	0	255	0
513	-188.98	-166.95	204.52	0	255	0
513	-189.06	-166.96	204.53	0	255	0
513	-189.14	-166.97	204.53	0	255	0
513	-189.21	-166.99	204.54	0	255	0
513	-189.29	-167.0	204.54	0	255	0
513	-189.37	-167.01	204.54	0	255	0
513	-189.45	-167.02	204.55	0	255	0
513	-189.52	-167.04	204.55	0	255	0
513	-189.6	-167.05	204.56	0	255	0
513	-189.68	-167.06	204.56	0	255	0
513	-189.75	-167.07	204.56	0	255	0
513	-189.83	-167.08	204.57	0	255	0
513	-189.9	-167.1	204.57	0	255	0
513	-189.98	-167.11	204.57	0	255	0
513	-190.05	-167.12	204.58	0	255	0
513	-190.13	-167.13	204.58	0	255	0
513	-190.2	-167.14	204.59	0	255	0
513	-190.27	-167.15	204.59	0	255	0
513	-190.35	-167.17	204.59	0	255	0
513	-190.42	-167.18	204.6	0	255	0
513	-190.49	-167.19	204.6	0	255	0
513	-190.56	-167.2	204.6	0	255	0
513	-190.63	-167.21	204.61	0	255	0
513	-190.7	-167.22	204.61	0	255	0
513	-190.77	-167.23	204.61	0	255	0
513	-190.84	-167.24	204.62	0	255	0
513	-190.9	-167.25	204.62	0	255	0
513	-190.97	-167.27	204.63	0	255	0
513	-191.04	-167.28	204.63	0	255	0
513	-191.1	-167.29	204.63	0	255	0
513	-191.17	-167.3	204.64	0	255	0
513	-191.23	-167.31	204.64	0	255	0
513	-191.29	-167.32	204.64	0	255	0
513	-191.35	-167.33	204.64	0	255	0
513	-191.41	-167.34	204.65	0	255	0
513	-191.47	-167.34	204.65	0	255	0
513	-191.53	-167.35	204.65	0	255	0
513	-191.59	-167.36	204.66	0	255	0
513	-191.64	-167.37	204.66	0	255	0
513	-191.7	-167.38	204.66	0	255	0
513	-191.75	-167.39	204.66	0	255	0
513	-191.81	-167.4	204.67	0	255	0
513	-191.86	-167.41	204.67	0	255	0
513	-191.91	-167.41	204.67	0	255	0
513	-191.96	-167.42	204.68	0	255	0
513	-192.0	-167.43	204.68	0	255	0
513	-192.05	-167.44	204.68	0	255	0
513	-192.1	-167.44	204.68	0	255	0
513	-192.14	-167.45	204.68	0	255	0
513	-192.18	-167.46	204.69	0	255	0
513	-192.22	-167.46	204.69	0	255	0
513	-192.26	-167.47	204.69	0	255	0
513	-192.3	-167.48	204.69	0	255	0
513	-192.34	-167.48	204.69	0	255	0
513	-192.37	-167.49	204.7	0	255	0
513	-192.41	-167.49	204.7	0	255	0
513	-192.44	-167.5	204.7	0	255	0
513	-192.47	-167.5	204.7	0	255	0
513	-192.5	-167.51	204.7	0	255	0
513	-192.53	-167.51	204.7	0	255	0
513	-192.55	-167.52	204.71	0	255	0
513	-192.58	-167.52	204.71	0	255	0
513	-192.6	-167.52	204.71	0	255	0
513	-192.62	-167.53	204.71	0	255	0
513	-192.64	-167.53	204.71	0	255	0
513	-192.65	-167.53	204.71	0	255	0
513	-192.67	-167.53	204.71	0	255	0
513	-192.68	-167.54	204.71	0	255	0
513	-192.69	-167.54	204.71	0	255	0
513	-192.7	-167.54	204.71	0	255	0
513	-192.71	-167.54	204.71	0	255	0
513	-192.71	-167.54	204.71	0	255	0
513	-192.72	-167.54	204.71	0	255	0
513	-192.72	-167.54	204.71	0	255	0
513	-192.72	-167.54	204.71	0	255	0
513	-192.71	-167.54	204.71	0	255	0
513	-192.71	-167.54	204.71	0	255	0
513	-192.7	-167.54	204.71	0	255	0
513	-192.69	-167.54	204.71	0	255	0
513	-192.68	-167.54	204.71	0	255	0
513	-192.67	-167.53	204.71	0	255	0
513	-192.65	-167.53	204.71	0	255	0
513	-192.64	-167.53	204.71	0	255	0
513	-192.62	-167.53	204.71	0	255	0
513	-192.6	-167.52	204.71	0	255	0
513	-192.58	-167.52	204.71	0	255	0
513	-192.55	-167.52	204.71	0	255	0
513	-192.53	-167.51	204.7	0	255	0
513	-192.5	-167.51	204.7	0	255	0
513	-192.47	-167.5	204.7	0	255	0
513	-192.44	-167.5	204.7	0	255	0
513	-192.41	-167.49	204.7	0	255	0
513	-192.38	-167.49	204.7	0	255	0
513	-192.34	-167.48	204.69	0	255	0
513	-192.31	-167.48	204.69	0	255	0
513	-192.27	-167.47	204.69	0	255	0
513	-192.23	-167.46	204.69	0	255	0
513	-192.19	-167.46	204.69	0	255	0
513	-192.15	-167.45	204.68	0	255	0
513	-192.1	-167.44	204.68	0	255	0
513	-192.06	-167.44	204.68	0	255	0
513	-192.01	-167.43	204.68	0	255	0
513	-191.97	-167.42	204.68	0	255	0
513	-191.92	-167.42	204.67	0	255	0
513	-191.87	-167.41	204.67	0	255	0
513	-191.82	-167.4	204.67	0	255	0
513	-191.76	-167.39	204.67	0	255	0
513	-191.71	-167.38	204.66	0	255	0
513	-191.66	-167.37	204.66	0	255	0
513	-191.6	-167.36	204.66	0	255	0
513	-191.54	-167.36	204.65	0	255	0
513	-191.49	-167.35	204.65	0	255	0
513	-191.43	-167.34	204.65	0	255	0
513	-191.37	-167.33	204.65	0	255	0
513	-191.31	-167.32	204.64	0	255	0
513	-191.25	-167.31	204.64	0	255	0
513	-191.18	-167.3	204.64	0	255	0
513	-191.12	-167.29	204.63	0	255	0
513	-191.06	-167.28	204.63	0	255	0
513	-190.99	-167.27	204.63	0	255	0
513	-190.92	-167.26	204.62	0	255	0
513	-190.86	-167.25	204.62	0	255	0
513	-190.79	-167.24	204.62	0	255	0
513	-190.72	-167.23	204.61	0	255	0
513	-190.65	-167.21	204.61	0	255	0
513	-190.58	-167.2	204.61	0	255	0
513	-190.51	-167.19	204.6	0	255	0
513	-190.44	-167.18	204.6	0	255	0
513	-190.37	-167.17	204.59	0	255	0
513	-190.3	-167.16	204.59	0	255	0
513	-190.23	-167.15	204.59	0	255	0
513	-190.15	-167.14	204.58	0	255	0
513	-190.08	-167.12	204.58	0	255	0
513	-190.01	-167.11	204.58	0	255	0
513	-189.93	-167.1	204.57	0	255	0
513	-189.86	-167.09	204.57	0	255	0
513	-189.78	-167.08	204.56	0	255	0
513	-189.71	-167.07	204.56	0	255	0
513	-189.63	-167.05	204.56	0	255	0
513	-189.56	-167.04	204.55	0	255	0
513	-189.48	-167.03	204.55	0	255	0
513	-189.4	-167.02	204.55	0	255	0
513	-189.33	-167.0	204.54	0	255	0
513	-189.25	-166.99	204.54	0	255	0
513	-189.17	-166.98	204.53	0	255	0
513	-189.1	-166.97	204.53	0	255	0
513	-189.02	-166.96	204.53	0	255	0
513	-188.94	-166.94	204.52	0	255	0
513	-188.87	-166.93	204.52	0	255	0
513	-188.79	-166.92	204.51	0	255	0
513	-188.71	-166.91	204.51	0	255	0
513	-188.63	-166.89	204.51	0	255	0
513	-188.56	-166.88	204.5	0	255	0
513	-188.48	-166.87	204.5	0	255	0
513	-188.4	-166.86	204.49	0	255	0
513	-188.33	-166.85	204.49	0	255	0
513	-188.25	-166.83	204.49	0	255	0
513	-188.17	-166.82	204.48	0	255	0
513	-188.1	-166.81	204.48	0	255	0
513	-188.02	-166.8	204.48	0	255	0
513	-187.94	-166.79	204.47	0	255	0
513	-187.87	-166.77	204.47	0	255	0
513	-187.79	-166.76	204.46	0	255	0
513	-187.72	-166.75	204.46	0	255	0
513	-187.65	-166.74	204.46	0	255	0
513	-187.57	-166.73	204.45	0	255	0
513	-187.5	-166.72	204.45	0	255	0
513	-187.43	-166.7	204.45	0	255	0
513	-187.35	-166.69	204.44	0	255	0
513	-187.28	-166.68	204.44	0	255	0
513	-187.21	-166.67	204.43	0	255	0
513	-187.14	-166.66	204.43	0	255	0
513	-187.07	-166.65	204.43	0	255	0
513	-187.0	-166.64	204.42	0	255	0
513	-186.93	-166.63	204.42	0	255	0
513	-186.86	-166.61	204.42	0	255	0
513	-186.79	-166.6	204.41	0	255	0
513	-186.73	-166.59	204.41	0	255	0
513	-186.66	-166.58	204.41	0	255	0
513	-186.6	-166.57	204.4	0	255	0
513	-186.53	-166.56	204.4	0	255	0
513	-186.47	-166.55	204.4	0	255	0
513	-186.41	-166.54	204.39	0	255	0
513	-186.35	-166.53	204.39	0	255	0
513	-186.28	-166.52	204.39	0	255	0
513	-186.22	-166.51	204.38	0	255	0
513	-186.17	-166.5	204.38	0	255	0
513	-186.11	-166.49	204.38	0	255	0
513	-186.05	-166.49	204.38	0	255	0
513	-186.0	-166.48	204.37	0	255	0
513	-185.94	-166.47	204.37	0	255	0
513	-185.89	-166.46	204.37	0	255	0
513	-185.84	-166.45	204.36	0	255	0
513	-185.79	-166.44	204.36	0	255	0
513	-185.74	-166.44	204.36	0	255	0
513	-185.69	-166.43	204.36	0	255	0
513	-185.64	-166.42	204.35	0	255	0
513	-185.59	-166.41	204.35	0	255	0
513	-185.55	-166.41	204.35	0	255	0
513	-185.51	-166.4	204.35	0	255	0
513	-185.46	-166.39	204.35	0	255	0
513	-185.42	-166.39	204.34	0	255	0
513	-185.38	-166.38	204.34	0	255	0
513	-185.35	-166.37	204.34	0	255	0
513	-185.31	-166.37	204.34	0	255	0
513	-185.27	-166.36	204.34	0	255	0
513	-185.24	-166.36	204.33	0	255	0
513	-185.21	-166.35	204.33	0	255	0
513	-185.18	-166.35	204.33	0	255	0
513	-185.15	-166.34	204.33	0	255	0
513	-185.12	-166.34	204.33	0	255	0
513	-185.1	-166.34	204.33	0	255	0
513	-185.08	-166.33	204.33	0	255	0
513	-185.05	-166.33	204.32	0	255	0
513	-185.03	-166.32	204.32	0	255	0
513	-185.02	-166.32	204.32	0	255	0
513	-185.0	-166.32	204.32	0	255	0
513	-184.98	-166.32	204.32	0	255	0
513	-184.97	-166.31	204.32	0	255	0
513	-184.96	-166.31	204.32	0	255	0
513	-184.95	-166.31	204.32	0	255	0
513	-184.94	-166.31	204.32	0	255	0
513	-184.94	-166.31	204.32	0	255	0
513	-184.94	-166.31	204.32	0	255	0
513	-184.94	-166.31	204.32	0	255	0
513	-184.94	-166.31	204.32	0	255	0
513	-184.94	-166.31	204.32	0	255	0
513	-184.94	-166.31	204.32	0	255	0
513	-184.94	-166.31	204.32	0	255	0
513	-184.94	-166.31	204.32	0	255	0
513	-184.94	-166.31	204.32	0	255	0
513	-184.94	-166.31	204.32	0	255	0
513	-184.94	-166.31	204.32	0	255	0
513	-184.94	-166.31	204.32	0	255	0
513	-184.94	-166.31	204.32	0	255	0
513	-184.94	-166.31	204.32	0	255	0
513	-184.94	-166.31	204.32	0	255	0
513	-184.94	-166.31	204.32	0	255	0
513	-184.94	-166.31	204.32	0	255	0
513	-184.94	-166.31	204.32	0	255	0
513	-184.94	-166.31	204.32	0	255	0
513	-184.94	-166.31	204.32	0	255	0
513	-184.94	-166.31	204.32	0	255	0
513	-184.94	-166.31	204.32	0	255	0
513	-184.94	-166.31	204.32	0	255	0
513	-184.94	-166.31	204.32	0	255	0
513	-184.94	-166.31	204.32	0	255	0
513	-184.94	-166.31	204.32	0	255	0
513	-184.94	-166.31	204.32	0	255	0
513	-184.94	-166.31	204.32	0	255	0
513	-184.94	-166.31	204.32	0	255	0
513	-184.94	-166.31	204.32	0	255	0
513	-184.94	-166.31	204.32	0	255	0
513	-184.94	-166.31	204.32	0	255	0
513	-184.94	-166.31	204.32	0	255	0
513	-184.94	-166.31	204.32	0	255	0
513	-184.94	-166.31	204.32	0	255	0
513	-184.94	-166.31	204.32	0	255	0
513	-184.94	-166.31	204.32	0	255	0
513	-184.94	-166.31	204.32	0	255	0
513	-184.94	-166.31	204.32	0	255	0
513	-184.94	-166.31	204.32	0	255	0
513	-184.94	-166.31	204.32	0	255	0
513	-184.94	-166.31	204.32	0	255	0
513	-184.94	-166.31	204.32	0	255	0
513	-184.94	-166.31	204.32	0	255	0
513	-184.94	-166.31	204.32	0	255	0
513	-184.94	-166.31	204.32	0	255	0
513	-184.94	-166.31	204.32	0	255	0
513	-184.94	-166.31	204.32	0	255	0
513	-184.94	-166.31	204.32	0	255	0
513	-184.94	-166.31	204.32	0	255	0
513	-184.94	-166.31	204.32	0	255	0
513	-184.94	-166.31	204.32	0	255	0
513	-184.94	-166.31	204.32	0	255	0
513	-184.94	-166.31	204.32	0	255	0
513	-184.94	-166.31	204.32	0	255	0
513	-184.94	-166.31	204.32	0	255	0
513	-184.94	-166.31	204.32	0	255	0
513	-184.94	-166.31	204.32	0	255	0
513	-184.94	-166.31	204.32	0	255	0
513	-184.94	-166.31	204.32	0	255	0
513	-184.94	-166.31	204.32	0	255	0
513	-184.94	-166.31	204.32	0	255	0
513	-184.94	-166.31	204.32	0	255	0
513	-184.94	-166.31	204.32	0	255	0
513	-184.94	-166.31	204.32	0	255	0
513	-184.94	-166.31	204.32	0	255	0
513	-184.94	-166.31	204.32	0	255	0
513	-184.94	-166.31	204.32	0	255	0
513	-184.94	-166.31	204.32	0	255	0
513	-184.94	-166.31	204.32	0	255	0
513	-184.94	-166.31	204.32	0	255	0
513	-184.94	-166.31	204.32	0	255	0
513	-184.94	-166.31	204.32	0	255	0
513	-184.94	-166.31	204.32	0	255	0
513	-184.94	-166.31	204.32	0	255	0
513	-184.94	-166.31	204.32	0	255	0
513	-184.94	-166.31	204.32	0	255	0
513	-184.94	-166.31	204.32	0	255	0
513	-184.94	-166.31	204.32	0	255	0
513	-184.94	-166.31	204.32	0	255	0
513	-184.94	-166.31	204.32	0	255	0
513	-184.94	-166.31	204.32	0	255	0
513	-184.94	-166.31	204.32	0	255	0
513	-184.94	-166.31	204.32	0	255	0
513	-184.94	-166.31	204.32	0	255	0
513	-184.94	-166.31	204.32	0	255	0
513	-184.94	-166.31	204.32	0	255	0
513	-184.94	-166.31	204.32	0	255	0
513	-184.94	-166.31	204.32	0	255	0
513	-184.94	-166.31	204.32	0	255	0
513	-184.94	-166.31	204.32	0	255	0
513	-184.94	-166.31	204.32	0	255	0
513	-184.94	-166.31	204.32	0	255	0
513	-184.94	-166.31	204.32	0	255	0
513	-184.94	-166.31	204.32	0	255	0
513	-184.94	-166.31	204.32	0	255	0
513	-184.94	-166.31	204.32	0	255	0
513	-184.94	-166.31	204.32	0	255	0
513	-184.94	-166.31	204.32	0	255	0
513	-184.94	-166.31	204.32	0	255	0
513	-184.94	-166.31	204.32	0	255	0
513	-184.94	-166.31	204.32	0	255	0
513	-184.94	-166.31	204.32	0	255	0
513	-184.94	-166.31	204.32	0	255	0
513	-184.94	-166.31	204.32	0	255	0
513	-184.94	-166.31	204.32	0	255	0
513	-184.94	-166.31	204.32	0	255	0
513	-184.94	-166.31	204.32	0	255	0
513	-184.94	-166.31	204.32	0	255	0
513	-184.94	-166.31	204.32	0	255	0
513	-184.94	-166.31	204.32	0	255	0
513	-184.94	-166.31	204.32	0	255	0
513	-184.94	-166.31	204.32	0	255	0
513	-184.94	-166.31	204.32	0	255	0
513	-184.94	-166.31	204.32	0	255	0
513	-184.94	-166.31	204.32	0	255	0
513	-184.94	-166.31	204.32	0	255	0
513	-184.94	-166.31	204.32	0	255	0
513	-184.94	-166.31	204.32	0	255	0
513	-184.94	-166.31	204.32	0	255	0
513	-184.94	-166.31	204.32	0	255	0
513	-184.94	-166.31	204.32	0	255	0
513	-184.94	-166.31	204.32	0	255	0
513	-184.94	-166.31	204.32	0	255	0
513	-184.94	-166.31	204.32	0	255	0
513	-184.94	-166.31	204.32	0	255	0
513	-184.94	-166.31	204.32	0	255	0
513	-184.94	-166.31	204.32	0	255	0
513	-184.94	-166.31	204.32	0	255	0
513	-184.94	-166.31	204.32	0	255	0
513	-184.94	-166.31	204.32	0	255	0
513	-184.94	-166.31	204.32	0	255	0
513	-184.94	-166.31	204.32	0	255	0
513	-184.94	-166.31	204.32	0	255	0
513	-184.94	-166.31	204.32	0	255	0
513	-184.94	-166.31	204.32	0	255	0
513	-184.94	-166.31	204.32	0	255	0
513	-184.94	-166.31	204.32	0	255	0
513	-184.94	-166.31	204.32	0	255	0
513	-184.94	-166.31	204.32	0	255	0
513	-184.94	-166.31	204.32	0	255	0
513	-184.94	-166.31	204.32	0	255	0
513	-184.94	-166.31	204.32	0	255	0
513	-184.94	-166.31	204.32	0	255	0
513	-184.94	-166.31	204.32	0	255	0
513	-184.94	-166.31	204.32	0	255	0
513	-184.94	-166.31	204.32	0	255	0
513	-184.94	-166.31	204.32	0	255	0
513	-184.94	-166.31	204.32	0	255	0
513	-184.94	-166.31	204.32	0	255	0
513	-184.94	-166.31	204.32	0	255	0
513	-184.94	-166.31	204.32	0	255	0
