516	-184.94	-166.31	213.51	0	255	0
516	-184.94	-166.31	213.51	0	255	0
516	-184.94	-166.31	213.51	0	255	0
516	-184.95	-166.31	213.51	0	255	0
516	-184.95	-166.31	213.51	0	255	0
516	-184.96	-166.31	213.51	0	255	0
516	-184.97	-166.32	213.51	0	255	0
516	-184.99	-166.32	213.52	0	255	0
516	-185.0	-166.32	213.52	0	255	0
516	-185.02	-166.32	213.52	0	255	0
516	-185.03	-166.32	213.53	0	255	0
516	-185.06	-166.33	213.53	0	255	0
516	-185.08	-166.33	213.53	0	255	0
516	-185.1	-166.34	213.54	0	255	0
516	-185.13	-166.34	213.54	0	255	0
516	-185.15	-166.34	213.55	0	255	0
516	-185.18	-166.35	213.55	0	255	0
516	-185.21	-166.35	213.56	0	255	0
516	-185.25	-166.36	213.57	0	255	0
516	-185.28	-166.36	213.57	0	255	0
516	-185.31	-166.37	213.58	0	255	0
516	-185.35	-166.37	213.59	0	255	0
516	-185.39	-166.38	213.59	0	255	0
516	-185.43	-166.39	213.6	0	255	0
516	-185.47	-166.39	213.61	0	255	0
516	-185.51	-166.4	213.62	0	255	0
516	-185.56	-166.41	213.62	0	255	0
516	-185.6	-166.41	213.63	0	255	0
516	-185.65	-166.42	213.64	0	255	0
516	-185.7	-166.43	213.65	0	255	0
516	-185.75	-166.44	213.66	0	255	0
516	-185.8	-166.45	213.67	0	255	0
516	-185.85	-166.45	213.68	0	255	0
516	-185.9	-166.46	213.69	0	255	0
516	-185.95	-166.47	213.7	0	255	0
516	-186.01	-166.48	213.71	0	255	0
516	-186.07	-166.49	213.72	0	255	0
516	-186.12	-166.5	213.73	0	255	0
516	-186.18	-166.51	213.74	0	255	0
516	-186.24	-166.52	213.75	0	255	0
516	-186.3	-166.53	213.76	0	255	0
516	-186.36	-166.54	213.77	0	255	0
516	-186.42	-166.55	213.79	0	255	0
516	-186.49	-166.56	213.8	0	255	0
516	-186.55	-166.57	213.81	0	255	0
516	-186.62	-166.58	213.82	0	255	0
516	-186.68	-166.59	213.83	0	255	0
516	-186.75	-166.6	213.85	0	255	0
516	-186.82	-166.61	213.86	0	255	0
516	-186.88	-166.62	213.87	0	255	0
516	-186.95	-166.63	213.89	0	255	0
516	-187.02	-166.64	213.9	0	255	0
516	-187.09	-166.65	213.91	0	255	0
516	-187.16	-166.66	213.92	0	255	0
516	-187.24	-166.67	213.94	0	255	0
516	-187.31	-166.68	213.95	0	255	0
516	-187.38	-166.7	213.96	0	255	0
516	-187.45	-166.71	213.98	0	255	0
516	-187.53	-166.72	213.99	0	255	0
516	-187.6	-166.73	214.01	0	255	0
516	-187.67	-166.74	214.02	0	255	0
516	-187.75	-166.75	214.03	0	255	0
516	-187.82	-166.77	214.05	0	255	0
516	-187.9	-166.78	214.06	0	255	0
516	-187.98	-166.79	214.08	0	255	0
516	-188.05	-166.8	214.09	0	255	0
516	-188.13	-166.82	214.11	0	255	0
516	-188.21	-166.83	214.12	0	255	0
516	-188.28	-166.84	214.13	0	255	0
516	-188.36	-166.85	214.15	0	255	0
516	-188.44	-166.86	214.16	0	255	0
516	-188.52	-166.88	214.18	0	255	0
516	-188.59	-166.89	214.19	0	255	0
516	-188.67	-166.9	214.21	0	255	0
516	-188.75	-166.91	214.22	0	255	0
516	-188.83	-166.93	214.24	0	255	0
516	-188.9	-166.94	214.25	0	255	0
516	-188.98	-166.95	214.26	0	255	0
516	-189.06	-166.96	214.28	0	255	0
516	-189.14	-166.97	214.29	0	255	0
516	-189.21	-166.99	214.31	0	255	0
516	-189.29	-167.0	214.32	0	255	0
516	-189.37	-167.01	214.34	0	255	0
516	-189.45	-167.02	214.35	0	255	0
516	-189.52	-167.04	214.37	0	255	0
516	-189.6	-167.05	214.38	0	255	0
516	-189.68	-167.06	214.39	0	255	0
516	-189.75	-167.07	214.41	0	255	0
516	-189.83	-167.08	214.42	0	255	0
516	-189.9	-167.1	214.44	0	255	0
516	-189.98	-167.11	214.45	0	255	0
516	-190.05	-167.12	214.46	0	255	0
516	-190.13	-167.13	214.48	0	255	0
516	-190.2	-167.14	214.49	0	255	0
516	-190.27	-167.15	214.51	0	255	0
516	-190.35	-167.17	214.52	0	255	0
516	-190.42	-167.18	214.53	0	255	0
516	-190.49	-167.19	214.55	0	255	0
516	-190.56	-167.2	214.56	0	255	0
516	-190.63	-167.21	214.57	0	255	0
516	-190.7	-167.22	214.59	0	255	0
516	-190.77	-167.23	214.6	0	255	0
516	-190.84	-167.24	214.61	0	255	0
516	-190.9	-167.25	214.62	0	255	0
516	-190.97	-167.27	214.64	0	255	0
516	-191.04	-167.28	214.65	0	255	0
516	-191.1	-167.29	214.66	0	255	0
516	-191.17	-167.3	214.67	0	255	0
516	-191.23	-167.31	214.68	0	255	0
516	-191.29	-167.32	214.7	0	255	0
516	-191.35	-167.33	214.71	0	255	0
516	-191.41	-167.34	214.72	0	255	0
516	-191.47	-167.34	214.73	0	255	0
516	-191.53	-167.35	214.74	0	255	0
516	-191.59	-167.36	214.75	0	255	0
516	-191.64	-167.37	214.76	0	255	0
516	-191.7	-167.38	214.77	0	255	0
516	-191.75	-167.39	214.78	0	255	0
516	-191.81	-167.4	214.79	0	255	0
516	-191.86	-167.41	214.8	0	255	0
516	-191.91	-167.41	214.81	0	255	0
516	-191.96	-167.42	214.82	0	255	0
516	-192.0	-167.43	214.83	0	255	0
516	-192.05	-167.44	214.84	0	255	0
516	-192.1	-167.44	214.85	0	255	0
516	-192.14	-167.45	214.86	0	255	0
516	-192.18	-167.46	214.86	0	255	0
516	-192.22	-167.46	214.87	0	255	0
516	-192.26	-167.47	214.88	0	255	0
516	-192.3	-167.48	214.89	0	255	0
516	-192.34	-167.48	214.89	0	255	0
516	-192.37	-167.49	214.9	0	255	0
516	-192.41	-167.49	214.91	0	255	0
516	-192.44	-167.5	214.91	0	255	0
516	-192.47	-167.5	214.92	0	255	0
516	-192.5	-167.51	214.92	0	255	0
516	-192.53	-167.51	214.93	0	255	0
516	-192.55	-167.52	214.93	0	255	0
516	-192.58	-167.52	214.94	0	255	0
516	-192.6	-167.52	214.94	0	255	0
516	-192.62	-167.53	214.94	0	255	0
516	-192.64	-167.53	214.95	0	255	0
516	-192.65	-167.53	214.95	0	255	0
516	-192.67	-167.53	214.95	0	255	0
516	-192.68	-167.54	214.96	0	255	0
516	-192.69	-167.54	214.96	0	255	0
516	-192.7	-167.54	214.96	0	255	0
516	-192.71	-167.54	214.96	0	255	0
516	-192.71	-167.54	214.96	0	255	0
516	-192.72	-167.54	214.96	0	255	0
516	-192.72	-167.54	214.96	0	255	0
516	-192.72	-167.54	214.96	0	255	0
516	-192.71	-167.54	214.96	0	255	0
516	-192.71	-167.54	214.96	0	255	0
516	-192.7	-167.54	214.96	0	255	0
516	-192.69	-167.54	214.96	0	255	0
516	-192.68	-167.54	214.96	0	255	0
516	-192.67	-167.53	214.95	0	255	0
516	-192.65	-167.53	214.95	0	255	0
516	-192.64	-167.53	214.95	0	255	0
516	-192.62	-167.53	214.94	0	255	0
516	-192.6	-167.52	214.94	0	255	0
516	-192.58	-167.52	214.94	0	255	0
516	-192.55	-167.52	214.93	0	255	0
516	-192.53	-167.51	214.93	0	255	0
516	-192.5	-167.51	214.92	0	255	0
516	-192.47	-167.5	214.92	0	255	0
516	-192.44	-167.5	214.91	0	255	0
516	-192.41	-167.49	214.91	0	255	0
516	-192.38	-167.49	214.9	0	255	0
516	-192.34	-167.48	214.89	0	255	0
516	-192.31	-167.48	214.89	0	255	0
516	-192.27	-167.47	214.88	0	255	0
516	-192.23	-167.46	214.87	0	255	0
516	-192.19	-167.46	214.86	0	255	0
516	-192.15	-167.45	214.86	0	255	0
516	-192.1	-167.44	214.85	0	255	0
516	-192.06	-167.44	214.84	0	255	0
516	-192.01	-167.43	214.83	0	255	0
516	-191.97	-167.42	214.82	0	255	0
516	-191.92	-167.42	214.81	0	255	0
516	-191.87	-167.41	214.8	0	255	0
516	-191.82	-167.4	214.79	0	255	0
516	-191.76	-167.39	214.79	0	255	0
516	-191.71	-167.38	214.78	0	255	0
516	-191.66	-167.37	214.76	0	255	0
516	-191.6	-167.36	214.75	0	255	0
516	-191.54	-167.36	214.74	0	255	0
516	-191.49	-167.35	214.73	0	255	0
516	-191.43	-167.34	214.72	0	255	0
516	-191.37	-167.33	214.71	0	255	0
516	-191.31	-167.32	214.7	0	255	0
516	-191.25	-167.31	214.69	0	255	0
516	-191.18	-167.3	214.68	0	255	0
516	-191.12	-167.29	214.66	0	255	0
516	-191.06	-167.28	214.65	0	255	0
516	-190.99	-167.27	214.64	0	255	0
516	-190.92	-167.26	214.63	0	255	0
516	-190.86	-167.25	214.62	0	255	0
516	-190.79	-167.24	214.6	0	255	0
516	-190.72	-167.23	214.59	0	255	0
516	-190.65	-167.21	214.58	0	255	0
516	-190.58	-167.2	214.56	0	255	0
516	-190.51	-167.19	214.55	0	255	0
516	-190.44	-167.18	214.54	0	255	0
516	-190.37	-167.17	214.52	0	255	0
516	-190.3	-167.16	214.51	0	255	0
516	-190.23	-167.15	214.5	0	255	0
516	-190.15	-167.14	214.48	0	255	0
516	-190.08	-167.12	214.47	0	255	0
516	-190.01	-167.11	214.46	0	255	0
516	-189.93	-167.1	214.44	0	255	0
516	-189.86	-167.09	214.43	0	255	0
516	-189.78	-167.08	214.41	0	255	0
516	-189.71	-167.07	214.4	0	255	0
516	-189.63	-167.05	214.39	0	255	0
516	-189.56	-167.04	214.37	0	255	0
516	-189.48	-167.03	214.36	0	255	0
516	-189.4	-167.02	214.34	0	255	0
516	-189.33	-167.0	214.33	0	255	0
516	-189.25	-166.99	214.31	0	255	0
516	-189.17	-166.98	214.3	0	255	0
516	-189.1	-166.97	214.29	0	255	0
516	-189.02	-166.96	214.27	0	255	0
516	-188.94	-166.94	214.26	0	255	0
516	-188.87	-166.93	214.24	0	255	0
516	-188.79	-166.92	214.23	0	255	0
516	-188.71	-166.91	214.21	0	255	0
516	-188.63	-166.89	214.2	0	255	0
516	-188.56	-166.88	214.18	0	255	0
516	-188.48	-166.87	214.17	0	255	0
516	-188.4	-166.86	214.16	0	255	0
516	-188.33	-166.85	214.14	0	255	0
516	-188.25	-166.83	214.13	0	255	0
516	-188.17	-166.82	214.11	0	255	0
516	-188.1	-166.81	214.1	0	255	0
516	-188.02	-166.8	214.08	0	255	0
516	-187.94	-166.79	214.07	0	255	0
516	-187.87	-166.77	214.06	0	255	0
516	-187.79	-166.76	214.04	0	255	0
516	-187.72	-166.75	214.03	0	255	0
516	-187.65	-166.74	214.01	0	255	0
516	-187.57	-166.73	214.0	0	255	0
516	-187.5	-166.72	213.99	0	255	0
516	-187.43	-166.7	213.97	0	255	0
516	-187.35	-166.69	213.96	0	255	0
516	-187.28	-166.68	213.95	0	255	0
516	-187.21	-166.67	213.93	0	255	0
516	-187.14	-166.66	213.92	0	255	0
516	-187.07	-166.65	213.91	0	255	0
516	-187.0	-166.64	213.89	0	255	0
516	-186.93	-166.63	213.88	0	255	0
516	-186.86	-166.61	213.87	0	255	0
516	-186.79	-166.6	213.86	0	255	0
516	-186.73	-166.59	213.84	0	255	0
516	-186.66	-166.58	213.83	0	255	0
516	-186.6	-166.57	213.82	0	255	0
516	-186.53	-166.56	213.81	0	255	0
516	-186.47	-166.55	213.79	0	255	0
516	-186.41	-166.54	213.78	0	255	0
516	-186.35	-166.53	213.77	0	255	0
516	-186.28	-166.52	213.76	0	255	0
516	-186.22	-166.51	213.75	0	255	0
516	-186.17	-166.5	213.74	0	255	0
516	-186.11	-166.49	213.73	0	255	0
516	-186.05	-166.49	213.72	0	255	0
516	-186.0	-166.48	213.71	0	255	0
516	-185.94	-166.47	213.7	0	255	0
516	-185.89	-166.46	213.69	0	255	0
516	-185.84	-166.45	213.68	0	255	0
516	-185.79	-166.44	213.67	0	255	0
516	-185.74	-166.44	213.66	0	255	0
516	-185.69	-166.43	213.65	0	255	0
516	-185.64	-166.42	213.64	0	255	0
516	-185.59	-166.41	213.63	0	255	0
516	-185.55	-166.41	213.62	0	255	0
516	-185.51	-166.4	213.61	0	255	0
516	-185.46	-166.39	213.61	0	255	0
516	-185.42	-166.39	213.6	0	255	0
516	-185.38	-166.38	213.59	0	255	0
516	-185.35	-166.37	213.58	0	255	0
516	-185.31	-166.37	213.58	0	255	0
516	-185.27	-166.36	213.57	0	255	0
516	-185.24	-166.36	213.56	0	255	0
516	-185.21	-166.35	213.56	0	255	0
516	-185.18	-166.35	213.55	0	255	0
516	-185.15	-166.34	213.55	0	255	0
516	-185.12	-166.34	213.54	0	255	0
516	-185.1	-166.34	213.54	0	255	0
516	-185.08	-166.33	213.53	0	255	0
516	-185.05	-166.33	213.53	0	255	0
516	-185.03	-166.32	213.53	0	255	0
516	-185.02	-166.32	213.52	0	255	0
516	-185.0	-166.32	213.52	0	255	0
516	-184.98	-166.32	213.52	0	255	0
516	-184.97	-166.31	213.51	0	255	0
516	-184.96	-166.31	213.51	0	255	0
516	-184.95	-166.31	213.51	0	255	0
516	-184.94	-166.31	213.51	0	255	0
516	-184.94	-166.31	213.51	0	255	0
516	-184.94	-166.31	213.51	0	255	0
516	-184.94	-166.31	213.51	0	255	0
516	-184.94	-166.31	213.51	0	255	0
516	-184.94	-166.31	213.51	0	255	0
516	-184.94	-166.31	213.51	0	255	0
516	-184.94	-166.31	213.51	0	255	0
516	-184.94	-166.31	213.51	0	255	0
516	-184.94	-166.31	213.51	0	255	0
516	-184.94	-166.31	213.51	0	255	0
516	-184.94	-166.31	213.51	0	255	0
516	-184.94	-166.31	213.51	0	255	0
516	-184.94	-166.31	213.51	0	255	0
516	-184.94	-166.31	213.51	0	255	0
516	-184.94	-166.31	213.51	0	255	0
516	-184.94	-166.31	213.51	0	255	0
516	-184.94	-166.31	213.51	0	255	0
516	-184.94	-166.31	213.51	0	255	0
516	-184.94	-166.31	213.51	0	255	0
516	-184.94	-166.31	213.51	0	255	0
516	-184.94	-166.31	213.51	0	255	0
516	-184.94	-166.31	213.51	0	255	0
516	-184.94	-166.31	213.51	0	255	0
516	-184.94	-166.31	213.51	0	255	0
516	-184.94	-166.31	213.51	0	255	0
516	-184.94	-166.31	213.51	0	255	0
516	-184.94	-166.31	213.51	0	255	0
516	-184.94	-166.31	213.51	0	255	0
516	-184.94	-166.31	213.51	0	255	0
516	-184.94	-166.31	213.51	0	255	0
516	-184.94	-166.31	213.51	0	255	0
516	-184.94	-166.31	213.51	0	255	0
516	-184.94	-166.31	213.51	0	255	0
516	-184.94	-166.31	213.51	0	255	0
516	-184.94	-166.31	213.51	0	255	0
516	-184.94	-166.31	213.51	0	255	0
516	-184.94	-166.31	213.51	0	255	0
516	-184.94	-166.31	213.51	0	255	0
516	-184.94	-166.31	213.51	0	255	0
516	-184.94	-166.31	213.51	0	255	0
516	-184.94	-166.31	213.51	0	255	0
516	-184.94	-166.31	213.51	0	255	0
516	-184.94	-166.31	213.51	0	255	0
516	-184.94	-166.31	213.51	0	255	0
516	-184.94	-166.31	213.51	0	255	0
516	-184.94	-166.31	213.51	0	255	0
516	-184.94	-166.31	213.51	0	255	0
516	-184.94	-166.31	213.51	0	255	0
516	-184.94	-166.31	213.51	0	255	0
516	-184.94	-166.31	213.51	0	255	0
516	-184.94	-166.31	213.51	0	255	0
516	-184.94	-166.31	213.51	0	255	0
516	-184.94	-166.31	213.51	0	255	0
516	-184.94	-166.31	213.51	0	255	0
516	-184.94	-166.31	213.51	0	255	0
516	-184.94	-166.31	213.51	0	255	0
516	-184.94	-166.31	213.51	0	255	0
516	-184.94	-166.31	213.51	0	255	0
516	-184.94	-166.31	213.51	0	255	0
516	-184.94	-166.31	213.51	0	255	0
516	-184.94	-166.31	213.51	0	255	0
516	-184.94	-166.31	213.51	0	255	0
516	-184.94	-166.31	213.51	0	255	0
516	-184.94	-166.31	213.51	0	255	0
516	-184.94	-166.31	213.51	0	255	0
516	-184.94	-166.31	213.51	0	255	0
516	-184.94	-166.31	213.51	0	255	0
516	-184.94	-166.31	213.51	0	255	0
516	-184.94	-166.31	213.51	0	255	0
516	-184.94	-166.31	213.51	0	255	0
516	-184.94	-166.31	213.51	0	255	0
516	-184.94	-166.31	213.51	0	255	0
516	-184.94	-166.31	213.51	0	255	0
516	-184.94	-166.31	213.51	0	255	0
516	-184.94	-166.31	213.51	0	255	0
516	-184.94	-166.31	213.51	0	255	0
516	-184.94	-166.31	213.51	0	255	0
516	-184.94	-166.31	213.51	0	255	0
516	-184.94	-166.31	213.51	0	255	0
516	-184.94	-166.31	213.51	0	255	0
516	-184.94	-166.31	213.51	0	255	0
516	-184.94	-166.31	213.51	0	255	0
516	-184.94	-166.31	213.51	0	255	0
516	-184.94	-166.31	213.51	0	255	0
516	-184.94	-166.31	213.51	0	255	0
516	-184.94	-166.31	213.51	0	255	0
516	-184.94	-166.31	213.51	0	255	0
516	-184.94	-166.31	213.51	0	255	0
516	-184.94	-166.31	213.51	0	255	0
516	-184.94	-166.31	213.51	0	255	0
516	-184.94	-166.31	213.51	0	255	0
516	-184.94	-166.31	213.51	0	255	0
516	-184.94	-166.31	213.51	0	255	0
516	-184.94	-166.31	213.51	0	255	0
516	-184.94	-166.31	213.51	0	255	0
516	-184.94	-166.31	213.51	0	255	0
516	-184.94	-166.31	213.51	0	255	0
516	-184.94	-166.31	213.51	0	255	0
516	-184.94	-166.31	213.51	0	255	0
516	-184.94	-166.31	213.51	0	255	0
516	-184.94	-166.31	213.51	0	255	0
516	-184.94	-166.31	213.51	0	255	0
516	-184.94	-166.31	213.51	0	255	0
516	-184.94	-166.31	213.51	0	255	0
516	-184.94	-166.31	213.51	0	255	0
516	-184.94	-166.31	213.51	0	255	0
516	-184.94	-166.31	213.51	0	255	0
516	-184.94	-166.31	213.51	0	255	0
516	-184.94	-166.31	213.51	0	255	0
516	-184.94	-166.31	213.51	0	255	0
516	-184.94	-166.31	213.51	0	255	0
516	-184.94	-166.31	213.51	0	255	0
516	-184.94	-166.31	213.51	0	255	0
516	-184.94	-166.31	213.51	0	255	0
516	-184.94	-166.31	213.51	0	255	0
516	-184.94	-166.31	213.51	0	255	0
516	-184.94	-166.31	213.51	0	255	0
516	-184.94	-166.31	213.51	0	255	0
516	-184.94	-166.31	213.51	0	255	0
516	-184.94	-166.31	213.51	0	255	0
516	-184.94	-166.31	213.51	0	255	0
516	-184.94	-166.31	213.51	0	255	0
516	-184.94	-166.31	213.51	0	255	0
516	-184.94	-166.31	213.51	0	255	0
516	-184.94	-166.31	213.51	0	255	0
516	-184.94	-166.31	213.51	0	255	0
516	-184.94	-166.31	213.51	0	255	0
516	-184.94	-166.31	213.51	0	255	0
516	-184.94	-166.31	213.51	0	255	0
516	-184.94	-166.31	213.51	0	255	0
516	-184.94	-166.31	213.51	0	255	0
516	-184.94	-166.31	213.51	0	255	0
516	-184.94	-166.31	213.51	0	255	0
516	-184.94	-166.31	213.51	0	255	0
516	-184.94	-166.31	213.51	0	255	0
516	-184.94	-166.31	213.51	0	255	0
516	-184.94	-166.31	213.51	0	255	0
516	-184.94	-166.31	213.51	0	255	0
516	-184.94	-166.31	213.51	0	255	0
516	-184.94	-166.31	213.51	0	255	0
516	-184.94	-166.31	213.51	0	255	0
516	-184.94	-166.31	213.51	0	255	0
516	-184.94	-166.31	213.51	0	255	0
516	-184.94	-166.31	213.51	0	255	0
516	-184.94	-166.31	213.51	0	255	0
516	-184.94	-166.31	213.51	0	255	0
516	-184.94	-166.31	213.51	0	255	0
516	-184.94	-166.31	213.51	0	255	0
516	-184.94	-166.31	213.51	0	255	0
516	-184.94	-166.31	213.51	0	255	0
516	-184.94	-166.31	213.51	0	255	0
516	-184.94	-166.31	213.51	0	255	0
