531	-50.16	-144.96	233.83	0	255	0
531	-50.15	-144.96	233.83	0	255	0
531	-50.15	-144.96	233.83	0	255	0
531	-50.15	-144.96	233.83	0	255	0
531	-50.14	-144.96	233.83	0	255	0
531	-50.13	-144.96	233.84	0	255	0
531	-50.12	-144.96	233.84	0	255	0
531	-50.11	-144.95	233.85	0	255	0
531	-50.09	-144.95	233.86	0	255	0
531	-50.07	-144.95	233.86	0	255	0
531	-50.06	-144.95	233.87	0	255	0
531	-50.04	-144.94	233.88	0	255	0
531	-50.01	-144.94	233.89	0	255	0
531	-49.99	-144.94	233.91	0	255	0
531	-49.96	-144.93	233.92	0	255	0
531	-49.94	-144.93	233.93	0	255	0
531	-49.91	-144.92	233.95	0	255	0
531	-49.88	-144.92	233.96	0	255	0
531	-49.85	-144.91	233.98	0	255	0
531	-49.81	-144.91	233.99	0	255	0
531	-49.78	-144.9	234.01	0	255	0
531	-49.74	-144.9	234.03	0	255	0
531	-49.7	-144.89	234.05	0	255	0
531	-49.66	-144.88	234.07	0	255	0
531	-49.62	-144.88	234.09	0	255	0
531	-49.58	-144.87	234.11	0	255	0
531	-49.54	-144.86	234.13	0	255	0
531	-49.49	-144.86	234.15	0	255	0
531	-49.44	-144.85	234.17	0	255	0
531	-49.4	-144.84	234.2	0	255	0
531	-49.35	-144.83	234.22	0	255	0
531	-49.3	-144.83	234.25	0	255	0
531	-49.25	-144.82	234.27	0	255	0
531	-49.19	-144.81	234.3	0	255	0
531	-49.14	-144.8	234.32	0	255	0
531	-49.08	-144.79	234.35	0	255	0
531	-49.03	-144.78	234.38	0	255	0
531	-48.97	-144.77	234.4	0	255	0
531	-48.91	-144.77	234.43	0	255	0
531	-48.85	-144.76	234.46	0	255	0
531	-48.79	-144.75	234.49	0	255	0
531	-48.73	-144.74	234.52	0	255	0
531	-48.67	-144.73	234.55	0	255	0
531	-48.61	-144.72	234.58	0	255	0
531	-48.54	-144.71	234.61	0	255	0
531	-48.48	-144.7	234.65	0	255	0
531	-48.41	-144.69	234.68	0	255	0
531	-48.34	-144.68	234.71	0	255	0
531	-48.28	-144.66	234.74	0	255	0
531	-48.21	-144.65	234.78	0	255	0
531	-48.14	-144.64	234.81	0	255	0
531	-48.07	-144.63	234.84	0	255	0
531	-48.0	-144.62	234.88	0	255	0
531	-47.93	-144.61	234.91	0	255	0
531	-47.86	-144.6	234.95	0	255	0
531	-47.79	-144.59	234.98	0	255	0
531	-47.71	-144.58	235.02	0	255	0
531	-47.64	-144.56	235.05	0	255	0
531	-47.57	-144.55	235.09	0	255	0
531	-47.49	-144.54	235.13	0	255	0
531	-47.42	-144.53	235.16	0	255	0
531	-47.34	-144.52	235.2	0	255	0
531	-47.27	-144.51	235.24	0	255	0
531	-47.19	-144.49	235.27	0	255	0
531	-47.12	-144.48	235.31	0	255	0
531	-47.04	-144.47	235.35	0	255	0
531	-46.97	-144.46	235.39	0	255	0
531	-46.89	-144.44	235.42	0	255	0
531	-46.81	-144.43	235.46	0	255	0
531	-46.73	-144.42	235.5	0	255	0
531	-46.66	-144.41	235.54	0	255	0
531	-46.58	-144.4	235.57	0	255	0
531	-46.5	-144.38	235.61	0	255	0
531	-46.42	-144.37	235.65	0	255	0
531	-46.35	-144.36	235.69	0	255	0
531	-46.27	-144.35	235.73	0	255	0
531	-46.19	-144.33	235.76	0	255	0
531	-46.11	-144.32	235.8	0	255	0
531	-46.04	-144.31	235.84	0	255	0
531	-45.96	-144.3	235.88	0	255	0
531	-45.88	-144.29	235.92	0	255	0
531	-45.8	-144.27	235.95	0	255	0
531	-45.73	-144.26	235.99	0	255	0
531	-45.65	-144.25	236.03	0	255	0
531	-45.57	-144.24	236.07	0	255	0
531	-45.5	-144.22	236.1	0	255	0
531	-45.42	-144.21	236.14	0	255	0
531	-45.34	-144.2	236.18	0	255	0
531	-45.27	-144.19	236.21	0	255	0
531	-45.19	-144.18	236.25	0	255	0
531	-45.12	-144.16	236.29	0	255	0
531	-45.04	-144.15	236.32	0	255	0
531	-44.97	-144.14	236.36	0	255	0
531	-44.9	-144.13	236.4	0	255	0
531	-44.82	-144.12	236.43	0	255	0
531	-44.75	-144.11	236.47	0	255	0
531	-44.68	-144.09	236.5	0	255	0
531	-44.61	-144.08	236.54	0	255	0
531	-44.54	-144.07	236.57	0	255	0
531	-44.47	-144.06	236.61	0	255	0
531	-44.4	-144.05	236.64	0	255	0
531	-44.33	-144.04	236.67	0	255	0
531	-44.26	-144.03	236.71	0	255	0
531	-44.19	-144.02	236.74	0	255	0
531	-44.13	-144.01	236.77	0	255	0
531	-44.06	-144.0	236.8	0	255	0
531	-44.0	-143.99	236.84	0	255	0
531	-43.93	-143.98	236.87	0	255	0
531	-43.87	-143.97	236.9	0	255	0
531	-43.81	-143.96	236.93	0	255	0
531	-43.75	-143.95	236.96	0	255	0
531	-43.69	-143.94	236.99	0	255	0
531	-43.63	-143.93	237.02	0	255	0
531	-43.57	-143.92	237.05	0	255	0
531	-43.51	-143.91	237.07	0	255	0
531	-43.45	-143.9	237.1	0	255	0
531	-43.4	-143.89	237.13	0	255	0
531	-43.35	-143.88	237.15	0	255	0
531	-43.29	-143.88	237.18	0	255	0
531	-43.24	-143.87	237.21	0	255	0
531	-43.19	-143.86	237.23	0	255	0
531	-43.14	-143.85	237.25	0	255	0
531	-43.09	-143.84	237.28	0	255	0
531	-43.05	-143.84	237.3	0	255	0
531	-43.0	-143.83	237.32	0	255	0
531	-42.96	-143.82	237.34	0	255	0
531	-42.92	-143.82	237.36	0	255	0
531	-42.87	-143.81	237.38	0	255	0
531	-42.84	-143.8	237.4	0	255	0
531	-42.8	-143.8	237.42	0	255	0
531	-42.76	-143.79	237.44	0	255	0
531	-42.73	-143.79	237.46	0	255	0
531	-42.69	-143.78	237.47	0	255	0
531	-42.66	-143.77	237.49	0	255	0
531	-42.63	-143.77	237.51	0	255	0
531	-42.6	-143.77	237.52	0	255	0
531	-42.57	-143.76	237.53	0	255	0
531	-42.55	-143.76	237.54	0	255	0
531	-42.52	-143.75	237.56	0	255	0
531	-42.5	-143.75	237.57	0	255	0
531	-42.48	-143.75	237.58	0	255	0
531	-42.46	-143.74	237.59	0	255	0
531	-42.45	-143.74	237.59	0	255	0
531	-42.43	-143.74	237.6	0	255	0
531	-42.42	-143.74	237.61	0	255	0
531	-42.41	-143.74	237.61	0	255	0
531	-42.4	-143.73	237.62	0	255	0
531	-42.39	-143.73	237.62	0	255	0
531	-42.39	-143.73	237.62	0	255	0
531	-42.38	-143.73	237.63	0	255	0
531	-42.38	-143.73	237.63	0	255	0
531	-42.38	-143.73	237.63	0	255	0
531	-42.39	-143.73	237.62	0	255	0
531	-42.39	-143.73	237.62	0	255	0
531	-42.4	-143.73	237.62	0	255	0
531	-42.41	-143.74	237.61	0	255	0
531	-42.42	-143.74	237.61	0	255	0
531	-42.43	-143.74	237.6	0	255	0
531	-42.45	-143.74	237.59	0	255	0
531	-42.46	-143.74	237.59	0	255	0
531	-42.48	-143.75	237.58	0	255	0
531	-42.5	-143.75	237.57	0	255	0
531	-42.52	-143.75	237.56	0	255	0
531	-42.55	-143.76	237.55	0	255	0
531	-42.57	-143.76	237.53	0	255	0
531	-42.6	-143.77	237.52	0	255	0
531	-42.63	-143.77	237.51	0	255	0
531	-42.66	-143.77	237.49	0	255	0
531	-42.69	-143.78	237.48	0	255	0
531	-42.72	-143.78	237.46	0	255	0
531	-42.76	-143.79	237.44	0	255	0
531	-42.79	-143.8	237.43	0	255	0
531	-42.83	-143.8	237.41	0	255	0
531	-42.87	-143.81	237.39	0	255	0
531	-42.91	-143.81	237.37	0	255	0
531	-42.95	-143.82	237.35	0	255	0
531	-42.99	-143.83	237.33	0	255	0
531	-43.04	-143.84	237.3	0	255	0
531	-43.09	-143.84	237.28	0	255	0
531	-43.13	-143.85	237.26	0	255	0
531	-43.18	-143.86	237.24	0	255	0
531	-43.23	-143.87	237.21	0	255	0
531	-43.28	-143.87	237.19	0	255	0
531	-43.33	-143.88	237.16	0	255	0
531	-43.39	-143.89	237.13	0	255	0
531	-43.44	-143.9	237.11	0	255	0
531	-43.5	-143.91	237.08	0	255	0
531	-43.55	-143.92	237.05	0	255	0
531	-43.61	-143.93	237.02	0	255	0
531	-43.67	-143.94	237.0	0	255	0
531	-43.73	-143.94	236.97	0	255	0
531	-43.79	-143.95	236.94	0	255	0
531	-43.85	-143.96	236.91	0	255	0
531	-43.91	-143.97	236.88	0	255	0
531	-43.98	-143.98	236.85	0	255	0
531	-44.04	-143.99	236.81	0	255	0
531	-44.11	-144.0	236.78	0	255	0
531	-44.17	-144.01	236.75	0	255	0
531	-44.24	-144.03	236.72	0	255	0
531	-44.31	-144.04	236.68	0	255	0
531	-44.38	-144.05	236.65	0	255	0
531	-44.44	-144.06	236.62	0	255	0
531	-44.51	-144.07	236.58	0	255	0
531	-44.58	-144.08	236.55	0	255	0
531	-44.65	-144.09	236.52	0	255	0
531	-44.73	-144.1	236.48	0	255	0
531	-44.8	-144.11	236.45	0	255	0
531	-44.87	-144.12	236.41	0	255	0
531	-44.94	-144.14	236.37	0	255	0
531	-45.02	-144.15	236.34	0	255	0
531	-45.09	-144.16	236.3	0	255	0
531	-45.16	-144.17	236.27	0	255	0
531	-45.24	-144.18	236.23	0	255	0
531	-45.31	-144.2	236.19	0	255	0
531	-45.39	-144.21	236.16	0	255	0
531	-45.46	-144.22	236.12	0	255	0
531	-45.54	-144.23	236.08	0	255	0
531	-45.62	-144.24	236.04	0	255	0
531	-45.69	-144.26	236.01	0	255	0
531	-45.77	-144.27	235.97	0	255	0
531	-45.85	-144.28	235.93	0	255	0
531	-45.92	-144.29	235.9	0	255	0
531	-46.0	-144.3	235.86	0	255	0
531	-46.08	-144.32	235.82	0	255	0
531	-46.15	-144.33	235.78	0	255	0
531	-46.23	-144.34	235.74	0	255	0
531	-46.31	-144.35	235.71	0	255	0
531	-46.38	-144.36	235.67	0	255	0
531	-46.46	-144.38	235.63	0	255	0
531	-46.54	-144.39	235.59	0	255	0
531	-46.62	-144.4	235.56	0	255	0
531	-46.69	-144.41	235.52	0	255	0
531	-46.77	-144.43	235.48	0	255	0
531	-46.85	-144.44	235.44	0	255	0
531	-46.92	-144.45	235.41	0	255	0
531	-47.0	-144.46	235.37	0	255	0
531	-47.07	-144.47	235.33	0	255	0
531	-47.15	-144.49	235.29	0	255	0
531	-47.23	-144.5	235.26	0	255	0
531	-47.3	-144.51	235.22	0	255	0
531	-47.37	-144.52	235.18	0	255	0
531	-47.45	-144.53	235.15	0	255	0
531	-47.52	-144.55	235.11	0	255	0
531	-47.6	-144.56	235.08	0	255	0
531	-47.67	-144.57	235.04	0	255	0
531	-47.74	-144.58	235.01	0	255	0
531	-47.81	-144.59	234.97	0	255	0
531	-47.88	-144.6	234.94	0	255	0
531	-47.95	-144.61	234.9	0	255	0
531	-48.03	-144.62	234.87	0	255	0
531	-48.09	-144.64	234.83	0	255	0
531	-48.16	-144.65	234.8	0	255	0
531	-48.23	-144.66	234.77	0	255	0
531	-48.3	-144.67	234.73	0	255	0
531	-48.37	-144.68	234.7	0	255	0
531	-48.43	-144.69	234.67	0	255	0
531	-48.5	-144.7	234.64	0	255	0
531	-48.56	-144.71	234.61	0	255	0
531	-48.62	-144.72	234.57	0	255	0
531	-48.69	-144.73	234.54	0	255	0
531	-48.75	-144.74	234.51	0	255	0
531	-48.81	-144.75	234.48	0	255	0
531	-48.87	-144.76	234.45	0	255	0
531	-48.93	-144.77	234.43	0	255	0
531	-48.98	-144.78	234.4	0	255	0
531	-49.04	-144.79	234.37	0	255	0
531	-49.1	-144.79	234.34	0	255	0
531	-49.15	-144.8	234.32	0	255	0
531	-49.2	-144.81	234.29	0	255	0
531	-49.26	-144.82	234.26	0	255	0
531	-49.31	-144.83	234.24	0	255	0
531	-49.36	-144.84	234.22	0	255	0
531	-49.41	-144.84	234.19	0	255	0
531	-49.45	-144.85	234.17	0	255	0
531	-49.5	-144.86	234.15	0	255	0
531	-49.54	-144.87	234.12	0	255	0
531	-49.59	-144.87	234.1	0	255	0
531	-49.63	-144.88	234.08	0	255	0
531	-49.67	-144.89	234.06	0	255	0
531	-49.71	-144.89	234.04	0	255	0
531	-49.75	-144.9	234.03	0	255	0
531	-49.78	-144.9	234.01	0	255	0
531	-49.82	-144.91	233.99	0	255	0
531	-49.85	-144.91	233.97	0	255	0
531	-49.88	-144.92	233.96	0	255	0
531	-49.91	-144.92	233.94	0	255	0
531	-49.94	-144.93	233.93	0	255	0
531	-49.97	-144.93	233.92	0	255	0
531	-49.99	-144.94	233.9	0	255	0
531	-50.02	-144.94	233.89	0	255	0
531	-50.04	-144.94	233.88	0	255	0
531	-50.06	-144.95	233.87	0	255	0
531	-50.08	-144.95	233.86	0	255	0
531	-50.09	-144.95	233.86	0	255	0
531	-50.11	-144.95	233.85	0	255	0
531	-50.12	-144.96	233.84	0	255	0
531	-50.13	-144.96	233.84	0	255	0
531	-50.14	-144.96	233.83	0	255	0
531	-50.15	-144.96	233.83	0	255	0
531	-50.15	-144.96	233.83	0	255	0
531	-50.15	-144.96	233.83	0	255	0
531	-50.16	-144.96	233.83	0	255	0
531	-50.16	-144.96	233.83	0	255	0
531	-50.16	-144.96	233.83	0	255	0
531	-50.16	-144.96	233.83	0	255	0
531	-50.16	-144.96	233.83	0	255	0
531	-50.16	-144.96	233.83	0	255	0
531	-50.16	-144.96	233.83	0	255	0
531	-50.16	-144.96	233.83	0	255	0
531	-50.16	-144.96	233.83	0	255	0
531	-50.16	-144.96	233.83	0	255	0
531	-50.16	-144.96	233.83	0	255	0
531	-50.16	-144.96	233.83	0	255	0
531	-50.16	-144.96	233.83	0	255	0
531	-50.16	-144.96	233.83	0	255	0
531	-50.16	-144.96	233.83	0	255	0
531	-50.16	-144.96	233.83	0	255	0
531	-50.16	-144.96	233.83	0	255	0
531	-50.16	-144.96	233.83	0	255	0
531	-50.16	-144.96	233.83	0	255	0
531	-50.16	-144.96	233.83	0	255	0
531	-50.16	-144.96	233.83	0	255	0
531	-50.16	-144.96	233.83	0	255	0
531	-50.16	-144.96	233.83	0	255	0
531	-50.16	-144.96	233.83	0	255	0
531	-50.16	-144.96	233.83	0	255	0
531	-50.16	-144.96	233.83	0	255	0
531	-50.16	-144.96	233.83	0	255	0
531	-50.16	-144.96	233.83	0	255	0
531	-50.16	-144.96	233.83	0	255	0
531	-50.16	-144.96	233.83	0	255	0
531	-50.16	-144.96	233.83	0	255	0
531	-50.16	-144.96	233.83	0	255	0
531	-50.16	-144.96	233.83	0	255	0
531	-50.16	-144.96	233.83	0	255	0
531	-50.16	-144.96	233.83	0	255	0
531	-50.16	-144.96	233.83	0	255	0
531	-50.16	-144.96	233.83	0	255	0
531	-50.16	-144.96	233.83	0	255	0
531	-50.16	-144.96	233.83	0	255	0
531	-50.16	-144.96	233.83	0	255	0
531	-50.16	-144.96	233.83	0	255	0
531	-50.16	-144.96	233.83	0	255	0
531	-50.16	-144.96	233.83	0	255	0
531	-50.16	-144.96	233.83	0	255	0
531	-50.16	-144.96	233.83	0	255	0
531	-50.16	-144.96	233.83	0	255	0
531	-50.16	-144.96	233.83	0	255	0
531	-50.16	-144.96	233.83	0	255	0
531	-50.16	-144.96	233.83	0	255	0
531	-50.16	-144.96	233.83	0	255	0
531	-50.16	-144.96	233.83	0	255	0
531	-50.16	-144.96	233.83	0	255	0
531	-50.16	-144.96	233.83	0	255	0
531	-50.16	-144.96	233.83	0	255	0
531	-50.16	-144.96	233.83	0	255	0
531	-50.16	-144.96	233.83	0	255	0
531	-50.16	-144.96	233.83	0	255	0
531	-50.16	-144.96	233.83	0	255	0
531	-50.16	-144.96	233.83	0	255	0
531	-50.16	-144.96	233.83	0	255	0
531	-50.16	-144.96	233.83	0	255	0
531	-50.16	-144.96	233.83	0	255	0
531	-50.16	-144.96	233.83	0	255	0
531	-50.16	-144.96	233.83	0	255	0
531	-50.16	-144.96	233.83	0	255	0
531	-50.16	-144.96	233.83	0	255	0
531	-50.16	-144.96	233.83	0	255	0
531	-50.16	-144.96	233.83	0	255	0
531	-50.16	-144.96	233.83	0	255	0
531	-50.16	-144.96	233.83	0	255	0
531	-50.16	-144.96	233.83	0	255	0
531	-50.16	-144.96	233.83	0	255	0
531	-50.16	-144.96	233.83	0	255	0
531	-50.16	-144.96	233.83	0	255	0
531	-50.16	-144.96	233.83	0	255	0
531	-50.16	-144.96	233.83	0	255	0
531	-50.16	-144.96	233.83	0	255	0
531	-50.16	-144.96	233.83	0	255	0
531	-50.16	-144.96	233.83	0	255	0
531	-50.16	-144.96	233.83	0	255	0
531	-50.16	-144.96	233.83	0	255	0
531	-50.16	-144.96	233.83	0	255	0
531	-50.16	-144.96	233.83	0	255	0
531	-50.16	-144.96	233.83	0	255	0
531	-50.16	-144.96	233.83	0	255	0
531	-50.16	-144.96	233.83	0	255	0
531	-50.16	-144.96	233.83	0	255	0
531	-50.16	-144.96	233.83	0	255	0
531	-50.16	-144.96	233.83	0	255	0
531	-50.16	-144.96	233.83	0	255	0
531	-50.16	-144.96	233.83	0	255	0
531	-50.16	-144.96	233.83	0	255	0
531	-50.16	-144.96	233.83	0	255	0
531	-50.16	-144.96	233.83	0	255	0
531	-50.16	-144.96	233.83	0	255	0
531	-50.16	-144.96	233.83	0	255	0
531	-50.16	-144.96	233.83	0	255	0
531	-50.16	-144.96	233.83	0	255	0
531	-50.16	-144.96	233.83	0	255	0
531	-50.16	-144.96	233.83	0	255	0
531	-50.16	-144.96	233.83	0	255	0
531	-50.16	-144.96	233.83	0	255	0
531	-50.16	-144.96	233.83	0	255	0
531	-50.16	-144.96	233.83	0	255	0
531	-50.16	-144.96	233.83	0	255	0
531	-50.16	-144.96	233.83	0	255	0
531	-50.16	-144.96	233.83	0	255	0
531	-50.16	-144.96	233.83	0	255	0
531	-50.16	-144.96	233.83	0	255	0
531	-50.16	-144.96	233.83	0	255	0
531	-50.16	-144.96	233.83	0	255	0
531	-50.16	-144.96	233.83	0	255	0
531	-50.16	-144.96	233.83	0	255	0
531	-50.16	-144.96	233.83	0	255	0
531	-50.16	-144.96	233.83	0	255	0
531	-50.16	-144.96	233.83	0	255	0
531	-50.16	-144.96	233.83	0	255	0
531	-50.16	-144.96	233.83	0	255	0
531	-50.16	-144.96	233.83	0	255	0
531	-50.16	-144.96	233.83	0	255	0
531	-50.16	-144.96	233.83	0	255	0
531	-50.16	-144.96	233.83	0	255	0
531	-50.16	-144.96	233.83	0	255	0
531	-50.16	-144.96	233.83	0	255	0
531	-50.16	-144.96	233.83	0	255	0
531	-50.16	-144.96	233.83	0	255	0
531	-50.16	-144.96	233.83	0	255	0
531	-50.16	-144.96	233.83	0	255	0
531	-50.16	-144.96	233.83	0	255	0
531	-50.16	-144.96	233.83	0	255	0
531	-50.16	-144.96	233.83	0	255	0
531	-50.16	-144.96	233.83	0	255	0
531	-50.16	-144.96	233.83	0	255	0
531	-50.16	-144.96	233.83	0	255	0
531	-50.16	-144.96	233.83	0	255	0
531	-50.16	-144.96	233.83	0	255	0
531	-50.16	-144.96	233.83	0	255	0
531	-50.16	-144.96	233.83	0	255	0
531	-50.16	-144.96	233.83	0	255	0
531	-50.16	-144.96	233.83	0	255	0
531	-50.16	-144.96	233.83	0	255	0
531	-50.16	-144.96	233.83	0	255	0
531	-50.16	-144.96	233.83	0	255	0
531	-50.16	-144.96	233.83	0	255	0
531	-50.16	-144.96	233.83	0	255	0
531	-50.16	-144.96	233.83	0	255	0
531	-50.16	-144.96	233.83	0	255	0
531	-50.16	-144.96	233.83	0	255	0
531	-50.16	-144.96	233.83	0	255	0
531	-50.16	-144.96	233.83	0	255	0
