550	-50.16	-144.96	174.0	0	255	0
550	-50.15	-144.96	174.0	0	255	0
550	-50.15	-144.96	173.99	0	255	0
550	-50.15	-144.96	173.99	0	255	0
550	-50.14	-144.96	173.99	0	255	0
550	-50.13	-144.96	173.99	0	255	0
550	-50.12	-144.96	173.98	0	255	0
550	-50.11	-144.95	173.98	0	255	0
550	-50.09	-144.95	173.97	0	255	0
550	-50.07	-144.95	173.96	0	255	0
550	-50.06	-144.95	173.96	0	255	0
550	-50.04	-144.94	173.95	0	255	0
550	-50.01	-144.94	173.94	0	255	0
550	-49.99	-144.94	173.93	0	255	0
550	-49.96	-144.93	173.92	0	255	0
550	-49.94	-144.93	173.91	0	255	0
550	-49.91	-144.92	173.9	0	255	0
550	-49.88	-144.92	173.89	0	255	0
550	-49.85	-144.91	173.87	0	255	0
550	-49.81	-144.91	173.86	0	255	0
550	-49.78	-144.9	173.85	0	255	0
550	-49.74	-144.9	173.83	0	255	0
550	-49.7	-144.89	173.82	0	255	0
550	-49.66	-144.88	173.8	0	255	0
550	-49.62	-144.88	173.78	0	255	0
550	-49.58	-144.87	173.77	0	255	0
550	-49.54	-144.86	173.75	0	255	0
550	-49.49	-144.86	173.73	0	255	0
550	-49.44	-144.85	173.71	0	255	0
550	-49.4	-144.84	173.69	0	255	0
550	-49.35	-144.83	173.67	0	255	0
550	-49.3	-144.83	173.65	0	255	0
550	-49.25	-144.82	173.63	0	255	0
550	-49.19	-144.81	173.61	0	255	0
550	-49.14	-144.8	173.59	0	255	0
550	-49.08	-144.79	173.57	0	255	0
550	-49.03	-144.78	173.55	0	255	0
550	-48.97	-144.77	173.52	0	255	0
550	-48.91	-144.77	173.5	0	255	0
550	-48.85	-144.76	173.48	0	255	0
550	-48.79	-144.75	173.45	0	255	0
550	-48.73	-144.74	173.43	0	255	0
550	-48.67	-144.73	173.4	0	255	0
550	-48.61	-144.72	173.38	0	255	0
550	-48.54	-144.71	173.35	0	255	0
550	-48.48	-144.7	173.33	0	255	0
550	-48.41	-144.69	173.3	0	255	0
550	-48.34	-144.68	173.27	0	255	0
550	-48.28	-144.66	173.25	0	255	0
550	-48.21	-144.65	173.22	0	255	0
550	-48.14	-144.64	173.19	0	255	0
550	-48.07	-144.63	173.16	0	255	0
550	-48.0	-144.62	173.14	0	255	0
550	-47.93	-144.61	173.11	0	255	0
550	-47.86	-144.6	173.08	0	255	0
550	-47.79	-144.59	173.05	0	255	0
550	-47.71	-144.58	173.02	0	255	0
550	-47.64	-144.56	172.99	0	255	0
550	-47.57	-144.55	172.96	0	255	0
550	-47.49	-144.54	172.93	0	255	0
550	-47.42	-144.53	172.9	0	255	0
550	-47.34	-144.52	172.87	0	255	0
550	-47.27	-144.51	172.84	0	255	0
550	-47.19	-144.49	172.81	0	255	0
550	-47.12	-144.48	172.78	0	255	0
550	-47.04	-144.47	172.75	0	255	0
550	-46.97	-144.46	172.72	0	255	0
550	-46.89	-144.44	172.69	0	255	0
550	-46.81	-144.43	172.66	0	255	0
550	-46.73	-144.42	172.63	0	255	0
550	-46.66	-144.41	172.6	0	255	0
550	-46.58	-144.4	172.57	0	255	0
550	-46.5	-144.38	172.54	0	255	0
550	-46.42	-144.37	172.51	0	255	0
550	-46.35	-144.36	172.48	0	255	0
550	-46.27	-144.35	172.44	0	255	0
550	-46.19	-144.33	172.41	0	255	0
550	-46.11	-144.32	172.38	0	255	0
550	-46.04	-144.31	172.35	0	255	0
550	-45.96	-144.3	172.32	0	255	0
550	-45.88	-144.29	172.29	0	255	0
550	-45.8	-144.27	172.26	0	255	0
550	-45.73	-144.26	172.23	0	255	0
550	-45.65	-144.25	172.2	0	255	0
550	-45.57	-144.24	172.17	0	255	0
550	-45.5	-144.22	172.14	0	255	0
550	-45.42	-144.21	172.1	0	255	0
550	-45.34	-144.2	172.07	0	255	0
550	-45.27	-144.19	172.04	0	255	0
550	-45.19	-144.18	172.01	0	255	0
550	-45.12	-144.16	171.98	0	255	0
550	-45.04	-144.15	171.95	0	255	0
550	-44.97	-144.14	171.93	0	255	0
550	-44.9	-144.13	171.9	0	255	0
550	-44.82	-144.12	171.87	0	255	0
550	-44.75	-144.11	171.84	0	255	0
550	-44.68	-144.09	171.81	0	255	0
550	-44.61	-144.08	171.78	0	255	0
550	-44.54	-144.07	171.75	0	255	0
550	-44.47	-144.06	171.72	0	255	0
550	-44.4	-144.05	171.7	0	255	0
550	-44.33	-144.04	171.67	0	255	0
550	-44.26	-144.03	171.64	0	255	0
550	-44.19	-144.02	171.62	0	255	0
550	-44.13	-144.01	171.59	0	255	0
550	-44.06	-144.0	171.56	0	255	0
550	-44.0	-143.99	171.54	0	255	0
550	-43.93	-143.98	171.51	0	255	0
550	-43.87	-143.97	171.49	0	255	0
550	-43.81	-143.96	171.46	0	255	0
550	-43.75	-143.95	171.44	0	255	0
550	-43.69	-143.94	171.41	0	255	0
550	-43.63	-143.93	171.39	0	255	0
550	-43.57	-143.92	171.37	0	255	0
550	-43.51	-143.91	171.34	0	255	0
550	-43.45	-143.9	171.32	0	255	0
550	-43.4	-143.89	171.3	0	255	0
550	-43.35	-143.88	171.28	0	255	0
550	-43.29	-143.88	171.26	0	255	0
550	-43.24	-143.87	171.23	0	255	0
550	-43.19	-143.86	171.21	0	255	0
550	-43.14	-143.85	171.2	0	255	0
550	-43.09	-143.84	171.18	0	255	0
550	-43.05	-143.84	171.16	0	255	0
550	-43.0	-143.83	171.14	0	255	0
550	-42.96	-143.82	171.12	0	255	0
550	-42.92	-143.82	171.1	0	255	0
550	-42.87	-143.81	171.09	0	255	0
550	-42.84	-143.8	171.07	0	255	0
550	-42.8	-143.8	171.06	0	255	0
550	-42.76	-143.79	171.04	0	255	0
550	-42.73	-143.79	171.03	0	255	0
550	-42.69	-143.78	171.02	0	255	0
550	-42.66	-143.77	171.0	0	255	0
550	-42.63	-143.77	170.99	0	255	0
550	-42.6	-143.77	170.98	0	255	0
550	-42.57	-143.76	170.97	0	255	0
550	-42.55	-143.76	170.96	0	255	0
550	-42.52	-143.75	170.95	0	255	0
550	-42.5	-143.75	170.94	0	255	0
550	-42.48	-143.75	170.93	0	255	0
550	-42.46	-143.74	170.92	0	255	0
550	-42.45	-143.74	170.92	0	255	0
550	-42.43	-143.74	170.91	0	255	0
550	-42.42	-143.74	170.91	0	255	0
550	-42.41	-143.74	170.9	0	255	0
550	-42.4	-143.73	170.9	0	255	0
550	-42.39	-143.73	170.9	0	255	0
550	-42.39	-143.73	170.89	0	255	0
550	-42.38	-143.73	170.89	0	255	0
550	-42.38	-143.73	170.89	0	255	0
550	-42.38	-143.73	170.89	0	255	0
550	-42.39	-143.73	170.89	0	255	0
550	-42.39	-143.73	170.9	0	255	0
550	-42.4	-143.73	170.9	0	255	0
550	-42.41	-143.74	170.9	0	255	0
550	-42.42	-143.74	170.91	0	255	0
550	-42.43	-143.74	170.91	0	255	0
550	-42.45	-143.74	170.92	0	255	0
550	-42.46	-143.74	170.92	0	255	0
550	-42.48	-143.75	170.93	0	255	0
550	-42.5	-143.75	170.94	0	255	0
550	-42.52	-143.75	170.95	0	255	0
550	-42.55	-143.76	170.96	0	255	0
550	-42.57	-143.76	170.97	0	255	0
550	-42.6	-143.77	170.98	0	255	0
550	-42.63	-143.77	170.99	0	255	0
550	-42.66	-143.77	171.0	0	255	0
550	-42.69	-143.78	171.01	0	255	0
550	-42.72	-143.78	171.03	0	255	0
550	-42.76	-143.79	171.04	0	255	0
550	-42.79	-143.8	171.06	0	255	0
550	-42.83	-143.8	171.07	0	255	0
550	-42.87	-143.81	171.09	0	255	0
550	-42.91	-143.81	171.1	0	255	0
550	-42.95	-143.82	171.12	0	255	0
550	-42.99	-143.83	171.14	0	255	0
550	-43.04	-143.84	171.15	0	255	0
550	-43.09	-143.84	171.17	0	255	0
550	-43.13	-143.85	171.19	0	255	0
550	-43.18	-143.86	171.21	0	255	0
550	-43.23	-143.87	171.23	0	255	0
550	-43.28	-143.87	171.25	0	255	0
550	-43.33	-143.88	171.27	0	255	0
550	-43.39	-143.89	171.29	0	255	0
550	-43.44	-143.9	171.31	0	255	0
550	-43.5	-143.91	171.34	0	255	0
550	-43.55	-143.92	171.36	0	255	0
550	-43.61	-143.93	171.38	0	255	0
550	-43.67	-143.94	171.41	0	255	0
550	-43.73	-143.94	171.43	0	255	0
550	-43.79	-143.95	171.45	0	255	0
550	-43.85	-143.96	171.48	0	255	0
550	-43.91	-143.97	171.5	0	255	0
550	-43.98	-143.98	171.53	0	255	0
550	-44.04	-143.99	171.55	0	255	0
550	-44.11	-144.0	171.58	0	255	0
550	-44.17	-144.01	171.61	0	255	0
550	-44.24	-144.03	171.63	0	255	0
550	-44.31	-144.04	171.66	0	255	0
550	-44.38	-144.05	171.69	0	255	0
550	-44.44	-144.06	171.72	0	255	0
550	-44.51	-144.07	171.74	0	255	0
550	-44.58	-144.08	171.77	0	255	0
550	-44.65	-144.09	171.8	0	255	0
550	-44.73	-144.1	171.83	0	255	0
550	-44.8	-144.11	171.86	0	255	0
550	-44.87	-144.12	171.88	0	255	0
550	-44.94	-144.14	171.91	0	255	0
550	-45.02	-144.15	171.94	0	255	0
550	-45.09	-144.16	171.97	0	255	0
550	-45.16	-144.17	172.0	0	255	0
550	-45.24	-144.18	172.03	0	255	0
550	-45.31	-144.2	172.06	0	255	0
550	-45.39	-144.21	172.09	0	255	0
550	-45.46	-144.22	172.12	0	255	0
550	-45.54	-144.23	172.15	0	255	0
550	-45.62	-144.24	172.18	0	255	0
550	-45.69	-144.26	172.21	0	255	0
550	-45.77	-144.27	172.24	0	255	0
550	-45.85	-144.28	172.27	0	255	0
550	-45.92	-144.29	172.31	0	255	0
550	-46.0	-144.3	172.34	0	255	0
550	-46.08	-144.32	172.37	0	255	0
550	-46.15	-144.33	172.4	0	255	0
550	-46.23	-144.34	172.43	0	255	0
550	-46.31	-144.35	172.46	0	255	0
550	-46.38	-144.36	172.49	0	255	0
550	-46.46	-144.38	172.52	0	255	0
550	-46.54	-144.39	172.55	0	255	0
550	-46.62	-144.4	172.58	0	255	0
550	-46.69	-144.41	172.61	0	255	0
550	-46.77	-144.43	172.64	0	255	0
550	-46.85	-144.44	172.67	0	255	0
550	-46.92	-144.45	172.7	0	255	0
550	-47.0	-144.46	172.74	0	255	0
550	-47.07	-144.47	172.77	0	255	0
550	-47.15	-144.49	172.8	0	255	0
550	-47.23	-144.5	172.83	0	255	0
550	-47.3	-144.51	172.86	0	255	0
550	-47.37	-144.52	172.89	0	255	0
550	-47.45	-144.53	172.92	0	255	0
550	-47.52	-144.55	172.94	0	255	0
550	-47.6	-144.56	172.97	0	255	0
550	-47.67	-144.57	173.0	0	255	0
550	-47.74	-144.58	173.03	0	255	0
550	-47.81	-144.59	173.06	0	255	0
550	-47.88	-144.6	173.09	0	255	0
550	-47.95	-144.61	173.12	0	255	0
550	-48.03	-144.62	173.15	0	255	0
550	-48.09	-144.64	173.17	0	255	0
550	-48.16	-144.65	173.2	0	255	0
550	-48.23	-144.66	173.23	0	255	0
550	-48.3	-144.67	173.25	0	255	0
550	-48.37	-144.68	173.28	0	255	0
550	-48.43	-144.69	173.31	0	255	0
550	-48.5	-144.7	173.33	0	255	0
550	-48.56	-144.71	173.36	0	255	0
550	-48.62	-144.72	173.38	0	255	0
550	-48.69	-144.73	173.41	0	255	0
550	-48.75	-144.74	173.43	0	255	0
550	-48.81	-144.75	173.46	0	255	0
550	-48.87	-144.76	173.48	0	255	0
550	-48.93	-144.77	173.51	0	255	0
550	-48.98	-144.78	173.53	0	255	0
550	-49.04	-144.79	173.55	0	255	0
550	-49.1	-144.79	173.57	0	255	0
550	-49.15	-144.8	173.59	0	255	0
550	-49.2	-144.81	173.62	0	255	0
550	-49.26	-144.82	173.64	0	255	0
550	-49.31	-144.83	173.66	0	255	0
550	-49.36	-144.84	173.68	0	255	0
550	-49.41	-144.84	173.7	0	255	0
550	-49.45	-144.85	173.72	0	255	0
550	-49.5	-144.86	173.73	0	255	0
550	-49.54	-144.87	173.75	0	255	0
550	-49.59	-144.87	173.77	0	255	0
550	-49.63	-144.88	173.79	0	255	0
550	-49.67	-144.89	173.8	0	255	0
550	-49.71	-144.89	173.82	0	255	0
550	-49.75	-144.9	173.83	0	255	0
550	-49.78	-144.9	173.85	0	255	0
550	-49.82	-144.91	173.86	0	255	0
550	-49.85	-144.91	173.87	0	255	0
550	-49.88	-144.92	173.89	0	255	0
550	-49.91	-144.92	173.9	0	255	0
550	-49.94	-144.93	173.91	0	255	0
550	-49.97	-144.93	173.92	0	255	0
550	-49.99	-144.94	173.93	0	255	0
550	-50.02	-144.94	173.94	0	255	0
550	-50.04	-144.94	173.95	0	255	0
550	-50.06	-144.95	173.96	0	255	0
550	-50.08	-144.95	173.96	0	255	0
550	-50.09	-144.95	173.97	0	255	0
550	-50.11	-144.95	173.98	0	255	0
550	-50.12	-144.96	173.98	0	255	0
550	-50.13	-144.96	173.99	0	255	0
550	-50.14	-144.96	173.99	0	255	0
550	-50.15	-144.96	173.99	0	255	0
550	-50.15	-144.96	173.99	0	255	0
550	-50.15	-144.96	174.0	0	255	0
550	-50.16	-144.96	174.0	0	255	0
550	-50.16	-144.96	174.0	0	255	0
550	-50.16	-144.96	174.0	0	255	0
550	-50.16	-144.96	174.0	0	255	0
550	-50.16	-144.96	174.0	0	255	0
550	-50.16	-144.96	174.0	0	255	0
550	-50.16	-144.96	174.0	0	255	0
550	-50.16	-144.96	174.0	0	255	0
550	-50.16	-144.96	174.0	0	255	0
550	-50.16	-144.96	174.0	0	255	0
550	-50.16	-144.96	174.0	0	255	0
550	-50.16	-144.96	174.0	0	255	0
550	-50.16	-144.96	174.0	0	255	0
550	-50.16	-144.96	174.0	0	255	0
550	-50.16	-144.96	174.0	0	255	0
550	-50.16	-144.96	174.0	0	255	0
550	-50.16	-144.96	174.0	0	255	0
550	-50.16	-144.96	174.0	0	255	0
550	-50.16	-144.96	174.0	0	255	0
550	-50.16	-144.96	174.0	0	255	0
550	-50.16	-144.96	174.0	0	255	0
550	-50.16	-144.96	174.0	0	255	0
550	-50.16	-144.96	174.0	0	255	0
550	-50.16	-144.96	174.0	0	255	0
550	-50.16	-144.96	174.0	0	255	0
550	-50.16	-144.96	174.0	0	255	0
550	-50.16	-144.96	174.0	0	255	0
550	-50.16	-144.96	174.0	0	255	0
550	-50.16	-144.96	174.0	0	255	0
550	-50.16	-144.96	174.0	0	255	0
550	-50.16	-144.96	174.0	0	255	0
550	-50.16	-144.96	174.0	0	255	0
550	-50.16	-144.96	174.0	0	255	0
550	-50.16	-144.96	174.0	0	255	0
550	-50.16	-144.96	174.0	0	255	0
550	-50.16	-144.96	174.0	0	255	0
550	-50.16	-144.96	174.0	0	255	0
550	-50.16	-144.96	174.0	0	255	0
550	-50.16	-144.96	174.0	0	255	0
550	-50.16	-144.96	174.0	0	255	0
550	-50.16	-144.96	174.0	0	255	0
550	-50.16	-144.96	174.0	0	255	0
550	-50.16	-144.96	174.0	0	255	0
550	-50.16	-144.96	174.0	0	255	0
550	-50.16	-144.96	174.0	0	255	0
550	-50.16	-144.96	174.0	0	255	0
550	-50.16	-144.96	174.0	0	255	0
550	-50.16	-144.96	174.0	0	255	0
550	-50.16	-144.96	174.0	0	255	0
550	-50.16	-144.96	174.0	0	255	0
550	-50.16	-144.96	174.0	0	255	0
550	-50.16	-144.96	174.0	0	255	0
550	-50.16	-144.96	174.0	0	255	0
550	-50.16	-144.96	174.0	0	255	0
550	-50.16	-144.96	174.0	0	255	0
550	-50.16	-144.96	174.0	0	255	0
550	-50.16	-144.96	174.0	0	255	0
550	-50.16	-144.96	174.0	0	255	0
550	-50.16	-144.96	174.0	0	255	0
550	-50.16	-144.96	174.0	0	255	0
550	-50.16	-144.96	174.0	0	255	0
550	-50.16	-144.96	174.0	0	255	0
550	-50.16	-144.96	174.0	0	255	0
550	-50.16	-144.96	174.0	0	255	0
550	-50.16	-144.96	174.0	0	255	0
550	-50.16	-144.96	174.0	0	255	0
550	-50.16	-144.96	174.0	0	255	0
550	-50.16	-144.96	174.0	0	255	0
550	-50.16	-144.96	174.0	0	255	0
550	-50.16	-144.96	174.0	0	255	0
550	-50.16	-144.96	174.0	0	255	0
550	-50.16	-144.96	174.0	0	255	0
550	-50.16	-144.96	174.0	0	255	0
550	-50.16	-144.96	174.0	0	255	0
550	-50.16	-144.96	174.0	0	255	0
550	-50.16	-144.96	174.0	0	255	0
550	-50.16	-144.96	174.0	0	255	0
550	-50.16	-144.96	174.0	0	255	0
550	-50.16	-144.96	174.0	0	255	0
550	-50.16	-144.96	174.0	0	255	0
550	-50.16	-144.96	174.0	0	255	0
550	-50.16	-144.96	174.0	0	255	0
550	-50.16	-144.96	174.0	0	255	0
550	-50.16	-144.96	174.0	0	255	0
550	-50.16	-144.96	174.0	0	255	0
550	-50.16	-144.96	174.0	0	255	0
550	-50.16	-144.96	174.0	0	255	0
550	-50.16	-144.96	174.0	0	255	0
550	-50.16	-144.96	174.0	0	255	0
550	-50.16	-144.96	174.0	0	255	0
550	-50.16	-144.96	174.0	0	255	0
550	-50.16	-144.96	174.0	0	255	0
550	-50.16	-144.96	174.0	0	255	0
550	-50.16	-144.96	174.0	0	255	0
550	-50.16	-144.96	174.0	0	255	0
550	-50.16	-144.96	174.0	0	255	0
550	-50.16	-144.96	174.0	0	255	0
550	-50.16	-144.96	174.0	0	255	0
550	-50.16	-144.96	174.0	0	255	0
550	-50.16	-144.96	174.0	0	255	0
550	-50.16	-144.96	174.0	0	255	0
550	-50.16	-144.96	174.0	0	255	0
550	-50.16	-144.96	174.0	0	255	0
550	-50.16	-144.96	174.0	0	255	0
550	-50.16	-144.96	174.0	0	255	0
550	-50.16	-144.96	174.0	0	255	0
550	-50.16	-144.96	174.0	0	255	0
550	-50.16	-144.96	174.0	0	255	0
550	-50.16	-144.96	174.0	0	255	0
550	-50.16	-144.96	174.0	0	255	0
550	-50.16	-144.96	174.0	0	255	0
550	-50.16	-144.96	174.0	0	255	0
550	-50.16	-144.96	174.0	0	255	0
550	-50.16	-144.96	174.0	0	255	0
550	-50.16	-144.96	174.0	0	255	0
550	-50.16	-144.96	174.0	0	255	0
550	-50.16	-144.96	174.0	0	255	0
550	-50.16	-144.96	174.0	0	255	0
550	-50.16	-144.96	174.0	0	255	0
550	-50.16	-144.96	174.0	0	255	0
550	-50.16	-144.96	174.0	0	255	0
550	-50.16	-144.96	174.0	0	255	0
550	-50.16	-144.96	174.0	0	255	0
550	-50.16	-144.96	174.0	0	255	0
550	-50.16	-144.96	174.0	0	255	0
550	-50.16	-144.96	174.0	0	255	0
550	-50.16	-144.96	174.0	0	255	0
550	-50.16	-144.96	174.0	0	255	0
550	-50.16	-144.96	174.0	0	255	0
550	-50.16	-144.96	174.0	0	255	0
550	-50.16	-144.96	174.0	0	255	0
550	-50.16	-144.96	174.0	0	255	0
550	-50.16	-144.96	174.0	0	255	0
550	-50.16	-144.96	174.0	0	255	0
550	-50.16	-144.96	174.0	0	255	0
550	-50.16	-144.96	174.0	0	255	0
550	-50.16	-144.96	174.0	0	255	0
550	-50.16	-144.96	174.0	0	255	0
550	-50.16	-144.96	174.0	0	255	0
550	-50.16	-144.96	174.0	0	255	0
550	-50.16	-144.96	174.0	0	255	0
550	-50.16	-144.96	174.0	0	255	0
550	-50.16	-144.96	174.0	0	255	0
550	-50.16	-144.96	174.0	0	255	0
550	-50.16	-144.96	174.0	0	255	0
550	-50.16	-144.96	174.0	0	255	0
550	-50.16	-144.96	174.0	0	255	0
550	-50.16	-144.96	174.0	0	255	0
550	-50.16	-144.96	174.0	0	255	0
550	-50.16	-144.96	174.0	0	255	0
