551	-50.16	-144.96	170.67	0	255	0
551	-50.15	-144.96	170.67	0	255	0
551	-50.15	-144.96	170.66	0	255	0
551	-50.15	-144.96	170.66	0	255	0
551	-50.14	-144.96	170.66	0	255	0
551	-50.13	-144.96	170.65	0	255	0
551	-50.12	-144.96	170.65	0	255	0
551	-50.11	-144.95	170.64	0	255	0
551	-50.09	-144.95	170.64	0	255	0
551	-50.07	-144.95	170.63	0	255	0
551	-50.06	-144.95	170.62	0	255	0
551	-50.04	-144.94	170.61	0	255	0
551	-50.01	-144.94	170.6	0	255	0
551	-49.99	-144.94	170.59	0	255	0
551	-49.96	-144.93	170.58	0	255	0
551	-49.94	-144.93	170.57	0	255	0
551	-49.91	-144.92	170.56	0	255	0
551	-49.88	-144.92	170.54	0	255	0
551	-49.85	-144.91	170.53	0	255	0
551	-49.81	-144.91	170.51	0	255	0
551	-49.78	-144.9	170.5	0	255	0
551	-49.74	-144.9	170.48	0	255	0
551	-49.7	-144.89	170.46	0	255	0
551	-49.66	-144.88	170.45	0	255	0
551	-49.62	-144.88	170.43	0	255	0
551	-49.58	-144.87	170.41	0	255	0
551	-49.54	-144.86	170.39	0	255	0
551	-49.49	-144.86	170.37	0	255	0
551	-49.44	-144.85	170.35	0	255	0
551	-49.4	-144.84	170.33	0	255	0
551	-49.35	-144.83	170.3	0	255	0
551	-49.3	-144.83	170.28	0	255	0
551	-49.25	-144.82	170.26	0	255	0
551	-49.19	-144.81	170.23	0	255	0
551	-49.14	-144.8	170.21	0	255	0
551	-49.08	-144.79	170.19	0	255	0
551	-49.03	-144.78	170.16	0	255	0
551	-48.97	-144.77	170.13	0	255	0
551	-48.91	-144.77	170.11	0	255	0
551	-48.85	-144.76	170.08	0	255	0
551	-48.79	-144.75	170.05	0	255	0
551	-48.73	-144.74	170.03	0	255	0
551	-48.67	-144.73	170.0	0	255	0
551	-48.61	-144.72	169.97	0	255	0
551	-48.54	-144.71	169.94	0	255	0
551	-48.48	-144.7	169.91	0	255	0
551	-48.41	-144.69	169.88	0	255	0
551	-48.34	-144.68	169.85	0	255	0
551	-48.28	-144.66	169.82	0	255	0
551	-48.21	-144.65	169.79	0	255	0
551	-48.14	-144.64	169.76	0	255	0
551	-48.07	-144.63	169.73	0	255	0
551	-48.0	-144.62	169.7	0	255	0
551	-47.93	-144.61	169.67	0	255	0
551	-47.86	-144.6	169.64	0	255	0
551	-47.79	-144.59	169.6	0	255	0
551	-47.71	-144.58	169.57	0	255	0
551	-47.64	-144.56	169.54	0	255	0
551	-47.57	-144.55	169.5	0	255	0
551	-47.49	-144.54	169.47	0	255	0
551	-47.42	-144.53	169.44	0	255	0
551	-47.34	-144.52	169.4	0	255	0
551	-47.27	-144.51	169.37	0	255	0
551	-47.19	-144.49	169.34	0	255	0
551	-47.12	-144.48	169.3	0	255	0
551	-47.04	-144.47	169.27	0	255	0
551	-46.97	-144.46	169.23	0	255	0
551	-46.89	-144.44	169.2	0	255	0
551	-46.81	-144.43	169.17	0	255	0
551	-46.73	-144.42	169.13	0	255	0
551	-46.66	-144.41	169.1	0	255	0
551	-46.58	-144.4	169.06	0	255	0
551	-46.5	-144.38	169.03	0	255	0
551	-46.42	-144.37	168.99	0	255	0
551	-46.35	-144.36	168.96	0	255	0
551	-46.27	-144.35	168.92	0	255	0
551	-46.19	-144.33	168.89	0	255	0
551	-46.11	-144.32	168.85	0	255	0
551	-46.04	-144.31	168.82	0	255	0
551	-45.96	-144.3	168.78	0	255	0
551	-45.88	-144.29	168.75	0	255	0
551	-45.8	-144.27	168.71	0	255	0
551	-45.73	-144.26	168.68	0	255	0
551	-45.65	-144.25	168.64	0	255	0
551	-45.57	-144.24	168.61	0	255	0
551	-45.5	-144.22	168.58	0	255	0
551	-45.42	-144.21	168.54	0	255	0
551	-45.34	-144.2	168.51	0	255	0
551	-45.27	-144.19	168.47	0	255	0
551	-45.19	-144.18	168.44	0	255	0
551	-45.12	-144.16	168.41	0	255	0
551	-45.04	-144.15	168.37	0	255	0
551	-44.97	-144.14	168.34	0	255	0
551	-44.9	-144.13	168.31	0	255	0
551	-44.82	-144.12	168.27	0	255	0
551	-44.75	-144.11	168.24	0	255	0
551	-44.68	-144.09	168.21	0	255	0
551	-44.61	-144.08	168.18	0	255	0
551	-44.54	-144.07	168.14	0	255	0
551	-44.47	-144.06	168.11	0	255	0
551	-44.4	-144.05	168.08	0	255	0
551	-44.33	-144.04	168.05	0	255	0
551	-44.26	-144.03	168.02	0	255	0
551	-44.19	-144.02	167.99	0	255	0
551	-44.13	-144.01	167.96	0	255	0
551	-44.06	-144.0	167.93	0	255	0
551	-44.0	-143.99	167.9	0	255	0
551	-43.93	-143.98	167.87	0	255	0
551	-43.87	-143.97	167.85	0	255	0
551	-43.81	-143.96	167.82	0	255	0
551	-43.75	-143.95	167.79	0	255	0
551	-43.69	-143.94	167.76	0	255	0
551	-43.63	-143.93	167.74	0	255	0
551	-43.57	-143.92	167.71	0	255	0
551	-43.51	-143.91	167.68	0	255	0
551	-43.45	-143.9	167.66	0	255	0
551	-43.4	-143.89	167.63	0	255	0
551	-43.35	-143.88	167.61	0	255	0
551	-43.29	-143.88	167.59	0	255	0
551	-43.24	-143.87	167.56	0	255	0
551	-43.19	-143.86	167.54	0	255	0
551	-43.14	-143.85	167.52	0	255	0
551	-43.09	-143.84	167.5	0	255	0
551	-43.05	-143.84	167.48	0	255	0
551	-43.0	-143.83	167.46	0	255	0
551	-42.96	-143.82	167.44	0	255	0
551	-42.92	-143.82	167.42	0	255	0
551	-42.87	-143.81	167.4	0	255	0
551	-42.84	-143.8	167.38	0	255	0
551	-42.8	-143.8	167.36	0	255	0
551	-42.76	-143.79	167.35	0	255	0
551	-42.73	-143.79	167.33	0	255	0
551	-42.69	-143.78	167.32	0	255	0
551	-42.66	-143.77	167.3	0	255	0
551	-42.63	-143.77	167.29	0	255	0
551	-42.6	-143.77	167.28	0	255	0
551	-42.57	-143.76	167.26	0	255	0
551	-42.55	-143.76	167.25	0	255	0
551	-42.52	-143.75	167.24	0	255	0
551	-42.5	-143.75	167.23	0	255	0
551	-42.48	-143.75	167.22	0	255	0
551	-42.46	-143.74	167.21	0	255	0
551	-42.45	-143.74	167.21	0	255	0
551	-42.43	-143.74	167.2	0	255	0
551	-42.42	-143.74	167.19	0	255	0
551	-42.41	-143.74	167.19	0	255	0
551	-42.4	-143.73	167.19	0	255	0
551	-42.39	-143.73	167.18	0	255	0
551	-42.39	-143.73	167.18	0	255	0
551	-42.38	-143.73	167.18	0	255	0
551	-42.38	-143.73	167.18	0	255	0
551	-42.38	-143.73	167.18	0	255	0
551	-42.39	-143.73	167.18	0	255	0
551	-42.39	-143.73	167.18	0	255	0
551	-42.4	-143.73	167.18	0	255	0
551	-42.41	-143.74	167.19	0	255	0
551	-42.42	-143.74	167.19	0	255	0
551	-42.43	-143.74	167.2	0	255	0
551	-42.45	-143.74	167.21	0	255	0
551	-42.46	-143.74	167.21	0	255	0
551	-42.48	-143.75	167.22	0	255	0
551	-42.5	-143.75	167.23	0	255	0
551	-42.52	-143.75	167.24	0	255	0
551	-42.55	-143.76	167.25	0	255	0
551	-42.57	-143.76	167.26	0	255	0
551	-42.6	-143.77	167.27	0	255	0
551	-42.63	-143.77	167.29	0	255	0
551	-42.66	-143.77	167.3	0	255	0
551	-42.69	-143.78	167.31	0	255	0
551	-42.72	-143.78	167.33	0	255	0
551	-42.76	-143.79	167.35	0	255	0
551	-42.79	-143.8	167.36	0	255	0
551	-42.83	-143.8	167.38	0	255	0
551	-42.87	-143.81	167.4	0	255	0
551	-42.91	-143.81	167.41	0	255	0
551	-42.95	-143.82	167.43	0	255	0
551	-42.99	-143.83	167.45	0	255	0
551	-43.04	-143.84	167.47	0	255	0
551	-43.09	-143.84	167.49	0	255	0
551	-43.13	-143.85	167.51	0	255	0
551	-43.18	-143.86	167.54	0	255	0
551	-43.23	-143.87	167.56	0	255	0
551	-43.28	-143.87	167.58	0	255	0
551	-43.33	-143.88	167.6	0	255	0
551	-43.39	-143.89	167.63	0	255	0
551	-43.44	-143.9	167.65	0	255	0
551	-43.5	-143.91	167.68	0	255	0
551	-43.55	-143.92	167.7	0	255	0
551	-43.61	-143.93	167.73	0	255	0
551	-43.67	-143.94	167.76	0	255	0
551	-43.73	-143.94	167.78	0	255	0
551	-43.79	-143.95	167.81	0	255	0
551	-43.85	-143.96	167.84	0	255	0
551	-43.91	-143.97	167.87	0	255	0
551	-43.98	-143.98	167.89	0	255	0
551	-44.04	-143.99	167.92	0	255	0
551	-44.11	-144.0	167.95	0	255	0
551	-44.17	-144.01	167.98	0	255	0
551	-44.24	-144.03	168.01	0	255	0
551	-44.31	-144.04	168.04	0	255	0
551	-44.38	-144.05	168.07	0	255	0
551	-44.44	-144.06	168.1	0	255	0
551	-44.51	-144.07	168.13	0	255	0
551	-44.58	-144.08	168.17	0	255	0
551	-44.65	-144.09	168.2	0	255	0
551	-44.73	-144.1	168.23	0	255	0
551	-44.8	-144.11	168.26	0	255	0
551	-44.87	-144.12	168.29	0	255	0
551	-44.94	-144.14	168.33	0	255	0
551	-45.02	-144.15	168.36	0	255	0
551	-45.09	-144.16	168.39	0	255	0
551	-45.16	-144.17	168.43	0	255	0
551	-45.24	-144.18	168.46	0	255	0
551	-45.31	-144.2	168.49	0	255	0
551	-45.39	-144.21	168.53	0	255	0
551	-45.46	-144.22	168.56	0	255	0
551	-45.54	-144.23	168.59	0	255	0
551	-45.62	-144.24	168.63	0	255	0
551	-45.69	-144.26	168.66	0	255	0
551	-45.77	-144.27	168.7	0	255	0
551	-45.85	-144.28	168.73	0	255	0
551	-45.92	-144.29	168.77	0	255	0
551	-46.0	-144.3	168.8	0	255	0
551	-46.08	-144.32	168.84	0	255	0
551	-46.15	-144.33	168.87	0	255	0
551	-46.23	-144.34	168.9	0	255	0
551	-46.31	-144.35	168.94	0	255	0
551	-46.38	-144.36	168.97	0	255	0
551	-46.46	-144.38	169.01	0	255	0
551	-46.54	-144.39	169.04	0	255	0
551	-46.62	-144.4	169.08	0	255	0
551	-46.69	-144.41	169.11	0	255	0
551	-46.77	-144.43	169.15	0	255	0
551	-46.85	-144.44	169.18	0	255	0
551	-46.92	-144.45	169.22	0	255	0
551	-47.0	-144.46	169.25	0	255	0
551	-47.07	-144.47	169.28	0	255	0
551	-47.15	-144.49	169.32	0	255	0
551	-47.23	-144.5	169.35	0	255	0
551	-47.3	-144.51	169.38	0	255	0
551	-47.37	-144.52	169.42	0	255	0
551	-47.45	-144.53	169.45	0	255	0
551	-47.52	-144.55	169.48	0	255	0
551	-47.6	-144.56	169.52	0	255	0
551	-47.67	-144.57	169.55	0	255	0
551	-47.74	-144.58	169.58	0	255	0
551	-47.81	-144.59	169.61	0	255	0
551	-47.88	-144.6	169.65	0	255	0
551	-47.95	-144.61	169.68	0	255	0
551	-48.03	-144.62	169.71	0	255	0
551	-48.09	-144.64	169.74	0	255	0
551	-48.16	-144.65	169.77	0	255	0
551	-48.23	-144.66	169.8	0	255	0
551	-48.3	-144.67	169.83	0	255	0
551	-48.37	-144.68	169.86	0	255	0
551	-48.43	-144.69	169.89	0	255	0
551	-48.5	-144.7	169.92	0	255	0
551	-48.56	-144.71	169.95	0	255	0
551	-48.62	-144.72	169.98	0	255	0
551	-48.69	-144.73	170.01	0	255	0
551	-48.75	-144.74	170.03	0	255	0
551	-48.81	-144.75	170.06	0	255	0
551	-48.87	-144.76	170.09	0	255	0
551	-48.93	-144.77	170.11	0	255	0
551	-48.98	-144.78	170.14	0	255	0
551	-49.04	-144.79	170.17	0	255	0
551	-49.1	-144.79	170.19	0	255	0
551	-49.15	-144.8	170.22	0	255	0
551	-49.2	-144.81	170.24	0	255	0
551	-49.26	-144.82	170.26	0	255	0
551	-49.31	-144.83	170.29	0	255	0
551	-49.36	-144.84	170.31	0	255	0
551	-49.41	-144.84	170.33	0	255	0
551	-49.45	-144.85	170.35	0	255	0
551	-49.5	-144.86	170.37	0	255	0
551	-49.54	-144.87	170.39	0	255	0
551	-49.59	-144.87	170.41	0	255	0
551	-49.63	-144.88	170.43	0	255	0
551	-49.67	-144.89	170.45	0	255	0
551	-49.71	-144.89	170.47	0	255	0
551	-49.75	-144.9	170.48	0	255	0
551	-49.78	-144.9	170.5	0	255	0
551	-49.82	-144.91	170.51	0	255	0
551	-49.85	-144.91	170.53	0	255	0
551	-49.88	-144.92	170.54	0	255	0
551	-49.91	-144.92	170.56	0	255	0
551	-49.94	-144.93	170.57	0	255	0
551	-49.97	-144.93	170.58	0	255	0
551	-49.99	-144.94	170.59	0	255	0
551	-50.02	-144.94	170.6	0	255	0
551	-50.04	-144.94	170.61	0	255	0
551	-50.06	-144.95	170.62	0	255	0
551	-50.08	-144.95	170.63	0	255	0
551	-50.09	-144.95	170.64	0	255	0
551	-50.11	-144.95	170.64	0	255	0
551	-50.12	-144.96	170.65	0	255	0
551	-50.13	-144.96	170.65	0	255	0
551	-50.14	-144.96	170.66	0	255	0
551	-50.15	-144.96	170.66	0	255	0
551	-50.15	-144.96	170.66	0	255	0
551	-50.15	-144.96	170.67	0	255	0
551	-50.16	-144.96	170.67	0	255	0
551	-50.16	-144.96	170.67	0	255	0
551	-50.16	-144.96	170.67	0	255	0
551	-50.16	-144.96	170.67	0	255	0
551	-50.16	-144.96	170.67	0	255	0
551	-50.16	-144.96	170.67	0	255	0
551	-50.16	-144.96	170.67	0	255	0
551	-50.16	-144.96	170.67	0	255	0
551	-50.16	-144.96	170.67	0	255	0
551	-50.16	-144.96	170.67	0	255	0
551	-50.16	-144.96	170.67	0	255	0
551	-50.16	-144.96	170.67	0	255	0
551	-50.16	-144.96	170.67	0	255	0
551	-50.16	-144.96	170.67	0	255	0
551	-50.16	-144.96	170.67	0	255	0
551	-50.16	-144.96	170.67	0	255	0
551	-50.16	-144.96	170.67	0	255	0
551	-50.16	-144.96	170.67	0	255	0
551	-50.16	-144.96	170.67	0	255	0
551	-50.16	-144.96	170.67	0	255	0
551	-50.16	-144.96	170.67	0	255	0
551	-50.16	-144.96	170.67	0	255	0
551	-50.16	-144.96	170.67	0	255	0
551	-50.16	-144.96	170.67	0	255	0
551	-50.16	-144.96	170.67	0	255	0
551	-50.16	-144.96	170.67	0	255	0
551	-50.16	-144.96	170.67	0	255	0
551	-50.16	-144.96	170.67	0	255	0
551	-50.16	-144.96	170.67	0	255	0
551	-50.16	-144.96	170.67	0	255	0
551	-50.16	-144.96	170.67	0	255	0
551	-50.16	-144.96	170.67	0	255	0
551	-50.16	-144.96	170.67	0	255	0
551	-50.16	-144.96	170.67	0	255	0
551	-50.16	-144.96	170.67	0	255	0
551	-50.16	-144.96	170.67	0	255	0
551	-50.16	-144.96	170.67	0	255	0
551	-50.16	-144.96	170.67	0	255	0
551	-50.16	-144.96	170.67	0	255	0
551	-50.16	-144.96	170.67	0	255	0
551	-50.16	-144.96	170.67	0	255	0
551	-50.16	-144.96	170.67	0	255	0
551	-50.16	-144.96	170.67	0	255	0
551	-50.16	-144.96	170.67	0	255	0
551	-50.16	-144.96	170.67	0	255	0
551	-50.16	-144.96	170.67	0	255	0
551	-50.16	-144.96	170.67	0	255	0
551	-50.16	-144.96	170.67	0	255	0
551	-50.16	-144.96	170.67	0	255	0
551	-50.16	-144.96	170.67	0	255	0
551	-50.16	-144.96	170.67	0	255	0
551	-50.16	-144.96	170.67	0	255	0
551	-50.16	-144.96	170.67	0	255	0
551	-50.16	-144.96	170.67	0	255	0
551	-50.16	-144.96	170.67	0	255	0
551	-50.16	-144.96	170.67	0	255	0
551	-50.16	-144.96	170.67	0	255	0
551	-50.16	-144.96	170.67	0	255	0
551	-50.16	-144.96	170.67	0	255	0
551	-50.16	-144.96	170.67	0	255	0
551	-50.16	-144.96	170.67	0	255	0
551	-50.16	-144.96	170.67	0	255	0
551	-50.16	-144.96	170.67	0	255	0
551	-50.16	-144.96	170.67	0	255	0
551	-50.16	-144.96	170.67	0	255	0
551	-50.16	-144.96	170.67	0	255	0
551	-50.16	-144.96	170.67	0	255	0
551	-50.16	-144.96	170.67	0	255	0
551	-50.16	-144.96	170.67	0	255	0
551	-50.16	-144.96	170.67	0	255	0
551	-50.16	-144.96	170.67	0	255	0
551	-50.16	-144.96	170.67	0	255	0
551	-50.16	-144.96	170.67	0	255	0
551	-50.16	-144.96	170.67	0	255	0
551	-50.16	-144.96	170.67	0	255	0
551	-50.16	-144.96	170.67	0	255	0
551	-50.16	-144.96	170.67	0	255	0
551	-50.16	-144.96	170.67	0	255	0
551	-50.16	-144.96	170.67	0	255	0
551	-50.16	-144.96	170.67	0	255	0
551	-50.16	-144.96	170.67	0	255	0
551	-50.16	-144.96	170.67	0	255	0
551	-50.16	-144.96	170.67	0	255	0
551	-50.16	-144.96	170.67	0	255	0
551	-50.16	-144.96	170.67	0	255	0
551	-50.16	-144.96	170.67	0	255	0
551	-50.16	-144.96	170.67	0	255	0
551	-50.16	-144.96	170.67	0	255	0
551	-50.16	-144.96	170.67	0	255	0
551	-50.16	-144.96	170.67	0	255	0
551	-50.16	-144.96	170.67	0	255	0
551	-50.16	-144.96	170.67	0	255	0
551	-50.16	-144.96	170.67	0	255	0
551	-50.16	-144.96	170.67	0	255	0
551	-50.16	-144.96	170.67	0	255	0
551	-50.16	-144.96	170.67	0	255	0
551	-50.16	-144.96	170.67	0	255	0
551	-50.16	-144.96	170.67	0	255	0
551	-50.16	-144.96	170.67	0	255	0
551	-50.16	-144.96	170.67	0	255	0
551	-50.16	-144.96	170.67	0	255	0
551	-50.16	-144.96	170.67	0	255	0
551	-50.16	-144.96	170.67	0	255	0
551	-50.16	-144.96	170.67	0	255	0
551	-50.16	-144.96	170.67	0	255	0
551	-50.16	-144.96	170.67	0	255	0
551	-50.16	-144.96	170.67	0	255	0
551	-50.16	-144.96	170.67	0	255	0
551	-50.16	-144.96	170.67	0	255	0
551	-50.16	-144.96	170.67	0	255	0
551	-50.16	-144.96	170.67	0	255	0
551	-50.16	-144.96	170.67	0	255	0
551	-50.16	-144.96	170.67	0	255	0
551	-50.16	-144.96	170.67	0	255	0
551	-50.16	-144.96	170.67	0	255	0
551	-50.16	-144.96	170.67	0	255	0
551	-50.16	-144.96	170.67	0	255	0
551	-50.16	-144.96	170.67	0	255	0
551	-50.16	-144.96	170.67	0	255	0
551	-50.16	-144.96	170.67	0	255	0
551	-50.16	-144.96	170.67	0	255	0
551	-50.16	-144.96	170.67	0	255	0
551	-50.16	-144.96	170.67	0	255	0
551	-50.16	-144.96	170.67	0	255	0
551	-50.16	-144.96	170.67	0	255	0
551	-50.16	-144.96	170.67	0	255	0
551	-50.16	-144.96	170.67	0	255	0
551	-50.16	-144.96	170.67	0	255	0
551	-50.16	-144.96	170.67	0	255	0
551	-50.16	-144.96	170.67	0	255	0
551	-50.16	-144.96	170.67	0	255	0
551	-50.16	-144.96	170.67	0	255	0
551	-50.16	-144.96	170.67	0	255	0
551	-50.16	-144.96	170.67	0	255	0
551	-50.16	-144.96	170.67	0	255	0
551	-50.16	-144.96	170.67	0	255	0
551	-50.16	-144.96	170.67	0	255	0
551	-50.16	-144.96	170.67	0	255	0
551	-50.16	-144.96	170.67	0	255	0
551	-50.16	-144.96	170.67	0	255	0
551	-50.16	-144.96	170.67	0	255	0
551	-50.16	-144.96	170.67	0	255	0
551	-50.16	-144.96	170.67	0	255	0
551	-50.16	-144.96	170.67	0	255	0
551	-50.16	-144.96	170.67	0	255	0
551	-50.16	-144.96	170.67	0	255	0
551	-50.16	-144.96	170.67	0	255	0
551	-50.16	-144.96	170.67	0	255	0
551	-50.16	-144.96	170.67	0	255	0
551	-50.16	-144.96	170.67	0	255	0
