566	-120.42	-156.09	124.02	0	255	0
566	-120.42	-156.09	124.02	0	255	0
566	-120.42	-156.09	124.02	0	255	0
566	-120.42	-156.09	124.01	0	255	0
566	-120.43	-156.09	124.01	0	255	0
566	-120.43	-156.09	124.0	0	255	0
566	-120.43	-156.09	123.98	0	255	0
566	-120.43	-156.09	123.97	0	255	0
566	-120.43	-156.09	123.95	0	255	0
566	-120.43	-156.09	123.93	0	255	0
566	-120.43	-156.09	123.91	0	255	0
566	-120.43	-156.09	123.89	0	255	0
566	-120.43	-156.09	123.86	0	255	0
566	-120.43	-156.09	123.84	0	255	0
566	-120.43	-156.09	123.81	0	255	0
566	-120.43	-156.09	123.78	0	255	0
566	-120.44	-156.09	123.74	0	255	0
566	-120.44	-156.09	123.71	0	255	0
566	-120.44	-156.09	123.67	0	255	0
566	-120.44	-156.09	123.63	0	255	0
566	-120.44	-156.09	123.59	0	255	0
566	-120.44	-156.09	123.55	0	255	0
566	-120.44	-156.09	123.51	0	255	0
566	-120.45	-156.1	123.46	0	255	0
566	-120.45	-156.1	123.42	0	255	0
566	-120.45	-156.1	123.37	0	255	0
566	-120.45	-156.1	123.32	0	255	0
566	-120.45	-156.1	123.27	0	255	0
566	-120.46	-156.1	123.21	0	255	0
566	-120.46	-156.1	123.16	0	255	0
566	-120.46	-156.1	123.1	0	255	0
566	-120.46	-156.1	123.04	0	255	0
566	-120.46	-156.1	122.99	0	255	0
566	-120.47	-156.1	122.93	0	255	0
566	-120.47	-156.1	122.86	0	255	0
566	-120.47	-156.1	122.8	0	255	0
566	-120.47	-156.1	122.74	0	255	0
566	-120.48	-156.1	122.67	0	255	0
566	-120.48	-156.1	122.6	0	255	0
566	-120.48	-156.1	122.54	0	255	0
566	-120.48	-156.1	122.47	0	255	0
566	-120.49	-156.1	122.4	0	255	0
566	-120.49	-156.1	122.33	0	255	0
566	-120.49	-156.1	122.26	0	255	0
566	-120.49	-156.1	122.18	0	255	0
566	-120.5	-156.1	122.11	0	255	0
566	-120.5	-156.1	122.03	0	255	0
566	-120.5	-156.1	121.96	0	255	0
566	-120.51	-156.1	121.88	0	255	0
566	-120.51	-156.11	121.8	0	255	0
566	-120.51	-156.11	121.72	0	255	0
566	-120.51	-156.11	121.65	0	255	0
566	-120.52	-156.11	121.57	0	255	0
566	-120.52	-156.11	121.48	0	255	0
566	-120.52	-156.11	121.4	0	255	0
566	-120.53	-156.11	121.32	0	255	0
566	-120.53	-156.11	121.24	0	255	0
566	-120.53	-156.11	121.15	0	255	0
566	-120.54	-156.11	121.07	0	255	0
566	-120.54	-156.11	120.99	0	255	0
566	-120.54	-156.11	120.9	0	255	0
566	-120.55	-156.11	120.82	0	255	0
566	-120.55	-156.11	120.73	0	255	0
566	-120.55	-156.11	120.64	0	255	0
566	-120.56	-156.11	120.56	0	255	0
566	-120.56	-156.11	120.47	0	255	0
566	-120.56	-156.11	120.38	0	255	0
566	-120.57	-156.11	120.3	0	255	0
566	-120.57	-156.11	120.21	0	255	0
566	-120.57	-156.12	120.12	0	255	0
566	-120.58	-156.12	120.03	0	255	0
566	-120.58	-156.12	119.94	0	255	0
566	-120.58	-156.12	119.85	0	255	0
566	-120.59	-156.12	119.77	0	255	0
566	-120.59	-156.12	119.68	0	255	0
566	-120.59	-156.12	119.59	0	255	0
566	-120.6	-156.12	119.5	0	255	0
566	-120.6	-156.12	119.41	0	255	0
566	-120.6	-156.12	119.32	0	255	0
566	-120.61	-156.12	119.23	0	255	0
566	-120.61	-156.12	119.15	0	255	0
566	-120.61	-156.12	119.06	0	255	0
566	-120.62	-156.12	118.97	0	255	0
566	-120.62	-156.12	118.88	0	255	0
566	-120.62	-156.12	118.79	0	255	0
566	-120.63	-156.12	118.71	0	255	0
566	-120.63	-156.12	118.62	0	255	0
566	-120.63	-156.12	118.53	0	255	0
566	-120.64	-156.13	118.45	0	255	0
566	-120.64	-156.13	118.36	0	255	0
566	-120.64	-156.13	118.28	0	255	0
566	-120.65	-156.13	118.19	0	255	0
566	-120.65	-156.13	118.11	0	255	0
566	-120.65	-156.13	118.02	0	255	0
566	-120.66	-156.13	117.94	0	255	0
566	-120.66	-156.13	117.86	0	255	0
566	-120.66	-156.13	117.77	0	255	0
566	-120.66	-156.13	117.69	0	255	0
566	-120.67	-156.13	117.61	0	255	0
566	-120.67	-156.13	117.53	0	255	0
566	-120.67	-156.13	117.45	0	255	0
566	-120.68	-156.13	117.37	0	255	0
566	-120.68	-156.13	117.3	0	255	0
566	-120.68	-156.13	117.22	0	255	0
566	-120.69	-156.13	117.14	0	255	0
566	-120.69	-156.13	117.07	0	255	0
566	-120.69	-156.13	117.0	0	255	0
566	-120.69	-156.13	116.92	0	255	0
566	-120.7	-156.13	116.85	0	255	0
566	-120.7	-156.14	116.78	0	255	0
566	-120.7	-156.14	116.71	0	255	0
566	-120.7	-156.14	116.64	0	255	0
566	-120.71	-156.14	116.57	0	255	0
566	-120.71	-156.14	116.51	0	255	0
566	-120.71	-156.14	116.44	0	255	0
566	-120.71	-156.14	116.38	0	255	0
566	-120.72	-156.14	116.31	0	255	0
566	-120.72	-156.14	116.25	0	255	0
566	-120.72	-156.14	116.19	0	255	0
566	-120.72	-156.14	116.13	0	255	0
566	-120.73	-156.14	116.08	0	255	0
566	-120.73	-156.14	116.02	0	255	0
566	-120.73	-156.14	115.97	0	255	0
566	-120.73	-156.14	115.91	0	255	0
566	-120.73	-156.14	115.86	0	255	0
566	-120.74	-156.14	115.81	0	255	0
566	-120.74	-156.14	115.76	0	255	0
566	-120.74	-156.14	115.72	0	255	0
566	-120.74	-156.14	115.67	0	255	0
566	-120.74	-156.14	115.63	0	255	0
566	-120.74	-156.14	115.58	0	255	0
566	-120.75	-156.14	115.54	0	255	0
566	-120.75	-156.14	115.51	0	255	0
566	-120.75	-156.14	115.47	0	255	0
566	-120.75	-156.14	115.43	0	255	0
566	-120.75	-156.14	115.4	0	255	0
566	-120.75	-156.14	115.37	0	255	0
566	-120.75	-156.14	115.34	0	255	0
566	-120.76	-156.14	115.31	0	255	0
566	-120.76	-156.14	115.29	0	255	0
566	-120.76	-156.14	115.27	0	255	0
566	-120.76	-156.14	115.25	0	255	0
566	-120.76	-156.14	115.23	0	255	0
566	-120.76	-156.14	115.21	0	255	0
566	-120.76	-156.14	115.19	0	255	0
566	-120.76	-156.14	115.18	0	255	0
566	-120.76	-156.14	115.17	0	255	0
566	-120.76	-156.14	115.16	0	255	0
566	-120.76	-156.14	115.16	0	255	0
566	-120.76	-156.14	115.15	0	255	0
566	-120.76	-156.15	115.15	0	255	0
566	-120.76	-156.14	115.15	0	255	0
566	-120.76	-156.14	115.16	0	255	0
566	-120.76	-156.14	115.16	0	255	0
566	-120.76	-156.14	115.17	0	255	0
566	-120.76	-156.14	115.18	0	255	0
566	-120.76	-156.14	115.19	0	255	0
566	-120.76	-156.14	115.21	0	255	0
566	-120.76	-156.14	115.23	0	255	0
566	-120.76	-156.14	115.24	0	255	0
566	-120.76	-156.14	115.26	0	255	0
566	-120.76	-156.14	115.29	0	255	0
566	-120.76	-156.14	115.31	0	255	0
566	-120.75	-156.14	115.34	0	255	0
566	-120.75	-156.14	115.37	0	255	0
566	-120.75	-156.14	115.4	0	255	0
566	-120.75	-156.14	115.43	0	255	0
566	-120.75	-156.14	115.47	0	255	0
566	-120.75	-156.14	115.5	0	255	0
566	-120.75	-156.14	115.54	0	255	0
566	-120.74	-156.14	115.58	0	255	0
566	-120.74	-156.14	115.62	0	255	0
566	-120.74	-156.14	115.66	0	255	0
566	-120.74	-156.14	115.71	0	255	0
566	-120.74	-156.14	115.75	0	255	0
566	-120.74	-156.14	115.8	0	255	0
566	-120.73	-156.14	115.85	0	255	0
566	-120.73	-156.14	115.9	0	255	0
566	-120.73	-156.14	115.96	0	255	0
566	-120.73	-156.14	116.01	0	255	0
566	-120.73	-156.14	116.06	0	255	0
566	-120.72	-156.14	116.12	0	255	0
566	-120.72	-156.14	116.18	0	255	0
566	-120.72	-156.14	116.24	0	255	0
566	-120.72	-156.14	116.3	0	255	0
566	-120.72	-156.14	116.36	0	255	0
566	-120.71	-156.14	116.43	0	255	0
566	-120.71	-156.14	116.49	0	255	0
566	-120.71	-156.14	116.56	0	255	0
566	-120.71	-156.14	116.62	0	255	0
566	-120.7	-156.14	116.69	0	255	0
566	-120.7	-156.14	116.76	0	255	0
566	-120.7	-156.13	116.83	0	255	0
566	-120.69	-156.13	116.9	0	255	0
566	-120.69	-156.13	116.97	0	255	0
566	-120.69	-156.13	117.05	0	255	0
566	-120.69	-156.13	117.12	0	255	0
566	-120.68	-156.13	117.2	0	255	0
566	-120.68	-156.13	117.27	0	255	0
566	-120.68	-156.13	117.35	0	255	0
566	-120.67	-156.13	117.43	0	255	0
566	-120.67	-156.13	117.51	0	255	0
566	-120.67	-156.13	117.58	0	255	0
566	-120.67	-156.13	117.66	0	255	0
566	-120.66	-156.13	117.75	0	255	0
566	-120.66	-156.13	117.83	0	255	0
566	-120.66	-156.13	117.91	0	255	0
566	-120.65	-156.13	117.99	0	255	0
566	-120.65	-156.13	118.07	0	255	0
566	-120.65	-156.13	118.16	0	255	0
566	-120.64	-156.13	118.24	0	255	0
566	-120.64	-156.13	118.33	0	255	0
566	-120.64	-156.13	118.41	0	255	0
566	-120.63	-156.12	118.5	0	255	0
566	-120.63	-156.12	118.58	0	255	0
566	-120.63	-156.12	118.67	0	255	0
566	-120.62	-156.12	118.76	0	255	0
566	-120.62	-156.12	118.84	0	255	0
566	-120.62	-156.12	118.93	0	255	0
566	-120.61	-156.12	119.02	0	255	0
566	-120.61	-156.12	119.11	0	255	0
566	-120.61	-156.12	119.19	0	255	0
566	-120.6	-156.12	119.28	0	255	0
566	-120.6	-156.12	119.37	0	255	0
566	-120.6	-156.12	119.46	0	255	0
566	-120.59	-156.12	119.54	0	255	0
566	-120.59	-156.12	119.63	0	255	0
566	-120.59	-156.12	119.72	0	255	0
566	-120.58	-156.12	119.81	0	255	0
566	-120.58	-156.12	119.9	0	255	0
566	-120.58	-156.12	119.98	0	255	0
566	-120.57	-156.12	120.07	0	255	0
566	-120.57	-156.11	120.16	0	255	0
566	-120.57	-156.11	120.25	0	255	0
566	-120.56	-156.11	120.33	0	255	0
566	-120.56	-156.11	120.42	0	255	0
566	-120.56	-156.11	120.51	0	255	0
566	-120.55	-156.11	120.59	0	255	0
566	-120.55	-156.11	120.68	0	255	0
566	-120.55	-156.11	120.77	0	255	0
566	-120.54	-156.11	120.85	0	255	0
566	-120.54	-156.11	120.94	0	255	0
566	-120.54	-156.11	121.02	0	255	0
566	-120.54	-156.11	121.1	0	255	0
566	-120.53	-156.11	121.19	0	255	0
566	-120.53	-156.11	121.27	0	255	0
566	-120.53	-156.11	121.35	0	255	0
566	-120.52	-156.11	121.43	0	255	0
566	-120.52	-156.11	121.51	0	255	0
566	-120.52	-156.11	121.59	0	255	0
566	-120.51	-156.11	121.67	0	255	0
566	-120.51	-156.11	121.75	0	255	0
566	-120.51	-156.1	121.83	0	255	0
566	-120.5	-156.1	121.91	0	255	0
566	-120.5	-156.1	121.98	0	255	0
566	-120.5	-156.1	122.06	0	255	0
566	-120.5	-156.1	122.13	0	255	0
566	-120.49	-156.1	122.2	0	255	0
566	-120.49	-156.1	122.28	0	255	0
566	-120.49	-156.1	122.35	0	255	0
566	-120.49	-156.1	122.42	0	255	0
566	-120.48	-156.1	122.49	0	255	0
566	-120.48	-156.1	122.55	0	255	0
566	-120.48	-156.1	122.62	0	255	0
566	-120.48	-156.1	122.69	0	255	0
566	-120.47	-156.1	122.75	0	255	0
566	-120.47	-156.1	122.82	0	255	0
566	-120.47	-156.1	122.88	0	255	0
566	-120.47	-156.1	122.94	0	255	0
566	-120.46	-156.1	123.0	0	255	0
566	-120.46	-156.1	123.06	0	255	0
566	-120.46	-156.1	123.11	0	255	0
566	-120.46	-156.1	123.17	0	255	0
566	-120.46	-156.1	123.22	0	255	0
566	-120.45	-156.1	123.27	0	255	0
566	-120.45	-156.1	123.33	0	255	0
566	-120.45	-156.1	123.38	0	255	0
566	-120.45	-156.1	123.42	0	255	0
566	-120.45	-156.1	123.47	0	255	0
566	-120.44	-156.09	123.51	0	255	0
566	-120.44	-156.09	123.56	0	255	0
566	-120.44	-156.09	123.6	0	255	0
566	-120.44	-156.09	123.64	0	255	0
566	-120.44	-156.09	123.68	0	255	0
566	-120.44	-156.09	123.71	0	255	0
566	-120.44	-156.09	123.75	0	255	0
566	-120.43	-156.09	123.78	0	255	0
566	-120.43	-156.09	123.81	0	255	0
566	-120.43	-156.09	123.84	0	255	0
566	-120.43	-156.09	123.87	0	255	0
566	-120.43	-156.09	123.89	0	255	0
566	-120.43	-156.09	123.91	0	255	0
566	-120.43	-156.09	123.93	0	255	0
566	-120.43	-156.09	123.95	0	255	0
566	-120.43	-156.09	123.97	0	255	0
566	-120.43	-156.09	123.98	0	255	0
566	-120.43	-156.09	124.0	0	255	0
566	-120.43	-156.09	124.01	0	255	0
566	-120.42	-156.09	124.01	0	255	0
566	-120.42	-156.09	124.02	0	255	0
566	-120.42	-156.09	124.02	0	255	0
566	-120.42	-156.09	124.02	0	255	0
566	-120.42	-156.09	124.02	0	255	0
566	-120.42	-156.09	124.02	0	255	0
566	-120.42	-156.09	124.02	0	255	0
566	-120.42	-156.09	124.02	0	255	0
566	-120.42	-156.09	124.02	0	255	0
566	-120.42	-156.09	124.02	0	255	0
566	-120.42	-156.09	124.02	0	255	0
566	-120.42	-156.09	124.02	0	255	0
566	-120.42	-156.09	124.02	0	255	0
566	-120.42	-156.09	124.02	0	255	0
566	-120.42	-156.09	124.02	0	255	0
566	-120.42	-156.09	124.02	0	255	0
566	-120.42	-156.09	124.02	0	255	0
566	-120.42	-156.09	124.02	0	255	0
566	-120.42	-156.09	124.02	0	255	0
566	-120.42	-156.09	124.02	0	255	0
566	-120.42	-156.09	124.02	0	255	0
566	-120.42	-156.09	124.02	0	255	0
566	-120.42	-156.09	124.02	0	255	0
566	-120.42	-156.09	124.02	0	255	0
566	-120.42	-156.09	124.02	0	255	0
566	-120.42	-156.09	124.02	0	255	0
566	-120.42	-156.09	124.02	0	255	0
566	-120.42	-156.09	124.02	0	255	0
566	-120.42	-156.09	124.02	0	255	0
566	-120.42	-156.09	124.02	0	255	0
566	-120.42	-156.09	124.02	0	255	0
566	-120.42	-156.09	124.02	0	255	0
566	-120.42	-156.09	124.02	0	255	0
566	-120.42	-156.09	124.02	0	255	0
566	-120.42	-156.09	124.02	0	255	0
566	-120.42	-156.09	124.02	0	255	0
566	-120.42	-156.09	124.02	0	255	0
566	-120.42	-156.09	124.02	0	255	0
566	-120.42	-156.09	124.02	0	255	0
566	-120.42	-156.09	124.02	0	255	0
566	-120.42	-156.09	124.02	0	255	0
566	-120.42	-156.09	124.02	0	255	0
566	-120.42	-156.09	124.02	0	255	0
566	-120.42	-156.09	124.02	0	255	0
566	-120.42	-156.09	124.02	0	255	0
566	-120.42	-156.09	124.02	0	255	0
566	-120.42	-156.09	124.02	0	255	0
566	-120.42	-156.09	124.02	0	255	0
566	-120.42	-156.09	124.02	0	255	0
566	-120.42	-156.09	124.02	0	255	0
566	-120.42	-156.09	124.02	0	255	0
566	-120.42	-156.09	124.02	0	255	0
566	-120.42	-156.09	124.02	0	255	0
566	-120.42	-156.09	124.02	0	255	0
566	-120.42	-156.09	124.02	0	255	0
566	-120.42	-156.09	124.02	0	255	0
566	-120.42	-156.09	124.02	0	255	0
566	-120.42	-156.09	124.02	0	255	0
566	-120.42	-156.09	124.02	0	255	0
566	-120.42	-156.09	124.02	0	255	0
566	-120.42	-156.09	124.02	0	255	0
566	-120.42	-156.09	124.02	0	255	0
566	-120.42	-156.09	124.02	0	255	0
566	-120.42	-156.09	124.02	0	255	0
566	-120.42	-156.09	124.02	0	255	0
566	-120.42	-156.09	124.02	0	255	0
566	-120.42	-156.09	124.02	0	255	0
566	-120.42	-156.09	124.02	0	255	0
566	-120.42	-156.09	124.02	0	255	0
566	-120.42	-156.09	124.02	0	255	0
566	-120.42	-156.09	124.02	0	255	0
566	-120.42	-156.09	124.02	0	255	0
566	-120.42	-156.09	124.02	0	255	0
566	-120.42	-156.09	124.02	0	255	0
566	-120.42	-156.09	124.02	0	255	0
566	-120.42	-156.09	124.02	0	255	0
566	-120.42	-156.09	124.02	0	255	0
566	-120.42	-156.09	124.02	0	255	0
566	-120.42	-156.09	124.02	0	255	0
566	-120.42	-156.09	124.02	0	255	0
566	-120.42	-156.09	124.02	0	255	0
566	-120.42	-156.09	124.02	0	255	0
566	-120.42	-156.09	124.02	0	255	0
566	-120.42	-156.09	124.02	0	255	0
566	-120.42	-156.09	124.02	0	255	0
566	-120.42	-156.09	124.02	0	255	0
566	-120.42	-156.09	124.02	0	255	0
566	-120.42	-156.09	124.02	0	255	0
566	-120.42	-156.09	124.02	0	255	0
566	-120.42	-156.09	124.02	0	255	0
566	-120.42	-156.09	124.02	0	255	0
566	-120.42	-156.09	124.02	0	255	0
566	-120.42	-156.09	124.02	0	255	0
566	-120.42	-156.09	124.02	0	255	0
566	-120.42	-156.09	124.02	0	255	0
566	-120.42	-156.09	124.02	0	255	0
566	-120.42	-156.09	124.02	0	255	0
566	-120.42	-156.09	124.02	0	255	0
566	-120.42	-156.09	124.02	0	255	0
566	-120.42	-156.09	124.02	0	255	0
566	-120.42	-156.09	124.02	0	255	0
566	-120.42	-156.09	124.02	0	255	0
566	-120.42	-156.09	124.02	0	255	0
566	-120.42	-156.09	124.02	0	255	0
566	-120.42	-156.09	124.02	0	255	0
566	-120.42	-156.09	124.02	0	255	0
566	-120.42	-156.09	124.02	0	255	0
566	-120.42	-156.09	124.02	0	255	0
566	-120.42	-156.09	124.02	0	255	0
566	-120.42	-156.09	124.02	0	255	0
566	-120.42	-156.09	124.02	0	255	0
566	-120.42	-156.09	124.02	0	255	0
566	-120.42	-156.09	124.02	0	255	0
566	-120.42	-156.09	124.02	0	255	0
566	-120.42	-156.09	124.02	0	255	0
566	-120.42	-156.09	124.02	0	255	0
566	-120.42	-156.09	124.02	0	255	0
566	-120.42	-156.09	124.02	0	255	0
566	-120.42	-156.09	124.02	0	255	0
566	-120.42	-156.09	124.02	0	255	0
566	-120.42	-156.09	124.02	0	255	0
566	-120.42	-156.09	124.02	0	255	0
566	-120.42	-156.09	124.02	0	255	0
566	-120.42	-156.09	124.02	0	255	0
566	-120.42	-156.09	124.02	0	255	0
566	-120.42	-156.09	124.02	0	255	0
566	-120.42	-156.09	124.02	0	255	0
566	-120.42	-156.09	124.02	0	255	0
566	-120.42	-156.09	124.02	0	255	0
566	-120.42	-156.09	124.02	0	255	0
566	-120.42	-156.09	124.02	0	255	0
566	-120.42	-156.09	124.02	0	255	0
566	-120.42	-156.09	124.02	0	255	0
566	-120.42	-156.09	124.02	0	255	0
566	-120.42	-156.09	124.02	0	255	0
566	-120.42	-156.09	124.02	0	255	0
566	-120.42	-156.09	124.02	0	255	0
566	-120.42	-156.09	124.02	0	255	0
566	-120.42	-156.09	124.02	0	255	0
566	-120.42	-156.09	124.02	0	255	0
566	-120.42	-156.09	124.02	0	255	0
566	-120.42	-156.09	124.02	0	255	0
566	-120.42	-156.09	124.02	0	255	0
566	-120.42	-156.09	124.02	0	255	0
566	-120.42	-156.09	124.02	0	255	0
566	-120.42	-156.09	124.02	0	255	0
566	-120.42	-156.09	124.02	0	255	0
566	-120.42	-156.09	124.02	0	255	0
566	-120.42	-156.09	124.02	0	255	0
566	-120.42	-156.09	124.02	0	255	0
566	-120.42	-156.09	124.02	0	255	0
566	-120.42	-156.09	124.02	0	255	0
566	-120.42	-156.09	124.02	0	255	0
