569	-128.67	-157.4	128.99	0	255	0
569	-128.67	-157.4	128.99	0	255	0
569	-128.67	-157.4	128.98	0	255	0
569	-128.67	-157.4	128.98	0	255	0
569	-128.67	-157.4	128.97	0	255	0
569	-128.67	-157.4	128.96	0	255	0
569	-128.68	-157.4	128.95	0	255	0
569	-128.68	-157.4	128.93	0	255	0
569	-128.68	-157.4	128.92	0	255	0
569	-128.68	-157.4	128.9	0	255	0
569	-128.69	-157.4	128.88	0	255	0
569	-128.69	-157.4	128.86	0	255	0
569	-128.69	-157.4	128.84	0	255	0
569	-128.7	-157.4	128.81	0	255	0
569	-128.7	-157.4	128.78	0	255	0
569	-128.71	-157.4	128.75	0	255	0
569	-128.71	-157.4	128.72	0	255	0
569	-128.72	-157.4	128.69	0	255	0
569	-128.72	-157.41	128.66	0	255	0
569	-128.73	-157.41	128.62	0	255	0
569	-128.73	-157.41	128.58	0	255	0
569	-128.74	-157.41	128.54	0	255	0
569	-128.74	-157.41	128.5	0	255	0
569	-128.75	-157.41	128.46	0	255	0
569	-128.76	-157.41	128.42	0	255	0
569	-128.77	-157.41	128.37	0	255	0
569	-128.77	-157.41	128.32	0	255	0
569	-128.78	-157.42	128.28	0	255	0
569	-128.79	-157.42	128.23	0	255	0
569	-128.8	-157.42	128.18	0	255	0
569	-128.8	-157.42	128.12	0	255	0
569	-128.81	-157.42	128.07	0	255	0
569	-128.82	-157.42	128.01	0	255	0
569	-128.83	-157.42	127.96	0	255	0
569	-128.84	-157.42	127.9	0	255	0
569	-128.85	-157.43	127.84	0	255	0
569	-128.86	-157.43	127.78	0	255	0
569	-128.87	-157.43	127.72	0	255	0
569	-128.88	-157.43	127.66	0	255	0
569	-128.89	-157.43	127.6	0	255	0
569	-128.9	-157.43	127.53	0	255	0
569	-128.91	-157.44	127.47	0	255	0
569	-128.92	-157.44	127.4	0	255	0
569	-128.93	-157.44	127.33	0	255	0
569	-128.94	-157.44	127.26	0	255	0
569	-128.95	-157.44	127.19	0	255	0
569	-128.96	-157.44	127.12	0	255	0
569	-128.97	-157.45	127.05	0	255	0
569	-128.98	-157.45	126.98	0	255	0
569	-128.99	-157.45	126.91	0	255	0
569	-129.0	-157.45	126.83	0	255	0
569	-129.02	-157.45	126.76	0	255	0
569	-129.03	-157.45	126.69	0	255	0
569	-129.04	-157.46	126.61	0	255	0
569	-129.05	-157.46	126.53	0	255	0
569	-129.06	-157.46	126.46	0	255	0
569	-129.07	-157.46	126.38	0	255	0
569	-129.09	-157.46	126.3	0	255	0
569	-129.1	-157.47	126.22	0	255	0
569	-129.11	-157.47	126.14	0	255	0
569	-129.12	-157.47	126.07	0	255	0
569	-129.14	-157.47	125.99	0	255	0
569	-129.15	-157.47	125.91	0	255	0
569	-129.16	-157.48	125.82	0	255	0
569	-129.17	-157.48	125.74	0	255	0
569	-129.19	-157.48	125.66	0	255	0
569	-129.2	-157.48	125.58	0	255	0
569	-129.21	-157.48	125.5	0	255	0
569	-129.22	-157.49	125.42	0	255	0
569	-129.24	-157.49	125.33	0	255	0
569	-129.25	-157.49	125.25	0	255	0
569	-129.26	-157.49	125.17	0	255	0
569	-129.28	-157.49	125.09	0	255	0
569	-129.29	-157.5	125.0	0	255	0
569	-129.3	-157.5	124.92	0	255	0
569	-129.31	-157.5	124.84	0	255	0
569	-129.33	-157.5	124.75	0	255	0
569	-129.34	-157.5	124.67	0	255	0
569	-129.35	-157.51	124.59	0	255	0
569	-129.37	-157.51	124.51	0	255	0
569	-129.38	-157.51	124.42	0	255	0
569	-129.39	-157.51	124.34	0	255	0
569	-129.4	-157.51	124.26	0	255	0
569	-129.42	-157.52	124.18	0	255	0
569	-129.43	-157.52	124.09	0	255	0
569	-129.44	-157.52	124.01	0	255	0
569	-129.45	-157.52	123.93	0	255	0
569	-129.47	-157.52	123.85	0	255	0
569	-129.48	-157.53	123.77	0	255	0
569	-129.49	-157.53	123.69	0	255	0
569	-129.5	-157.53	123.61	0	255	0
569	-129.52	-157.53	123.53	0	255	0
569	-129.53	-157.53	123.45	0	255	0
569	-129.54	-157.54	123.37	0	255	0
569	-129.55	-157.54	123.29	0	255	0
569	-129.57	-157.54	123.22	0	255	0
569	-129.58	-157.54	123.14	0	255	0
569	-129.59	-157.54	123.06	0	255	0
569	-129.6	-157.55	122.99	0	255	0
569	-129.61	-157.55	122.91	0	255	0
569	-129.62	-157.55	122.84	0	255	0
569	-129.64	-157.55	122.77	0	255	0
569	-129.65	-157.55	122.69	0	255	0
569	-129.66	-157.55	122.62	0	255	0
569	-129.67	-157.56	122.55	0	255	0
569	-129.68	-157.56	122.48	0	255	0
569	-129.69	-157.56	122.41	0	255	0
569	-129.7	-157.56	122.34	0	255	0
569	-129.71	-157.56	122.28	0	255	0
569	-129.72	-157.56	122.21	0	255	0
569	-129.73	-157.57	122.14	0	255	0
569	-129.74	-157.57	122.08	0	255	0
569	-129.75	-157.57	122.02	0	255	0
569	-129.76	-157.57	121.95	0	255	0
569	-129.77	-157.57	121.89	0	255	0
569	-129.78	-157.57	121.83	0	255	0
569	-129.79	-157.57	121.77	0	255	0
569	-129.8	-157.58	121.72	0	255	0
569	-129.81	-157.58	121.66	0	255	0
569	-129.82	-157.58	121.6	0	255	0
569	-129.82	-157.58	121.55	0	255	0
569	-129.83	-157.58	121.5	0	255	0
569	-129.84	-157.58	121.45	0	255	0
569	-129.85	-157.58	121.4	0	255	0
569	-129.86	-157.59	121.35	0	255	0
569	-129.86	-157.59	121.3	0	255	0
569	-129.87	-157.59	121.26	0	255	0
569	-129.88	-157.59	121.21	0	255	0
569	-129.88	-157.59	121.17	0	255	0
569	-129.89	-157.59	121.13	0	255	0
569	-129.9	-157.59	121.09	0	255	0
569	-129.9	-157.59	121.05	0	255	0
569	-129.91	-157.59	121.02	0	255	0
569	-129.91	-157.59	120.98	0	255	0
569	-129.92	-157.6	120.95	0	255	0
569	-129.92	-157.6	120.92	0	255	0
569	-129.93	-157.6	120.89	0	255	0
569	-129.93	-157.6	120.86	0	255	0
569	-129.93	-157.6	120.84	0	255	0
569	-129.94	-157.6	120.82	0	255	0
569	-129.94	-157.6	120.79	0	255	0
569	-129.94	-157.6	120.77	0	255	0
569	-129.95	-157.6	120.76	0	255	0
569	-129.95	-157.6	120.74	0	255	0
569	-129.95	-157.6	120.73	0	255	0
569	-129.95	-157.6	120.71	0	255	0
569	-129.96	-157.6	120.71	0	255	0
569	-129.96	-157.6	120.7	0	255	0
569	-129.96	-157.6	120.69	0	255	0
569	-129.96	-157.6	120.69	0	255	0
569	-129.96	-157.6	120.69	0	255	0
569	-129.96	-157.6	120.69	0	255	0
569	-129.96	-157.6	120.69	0	255	0
569	-129.96	-157.6	120.7	0	255	0
569	-129.96	-157.6	120.71	0	255	0
569	-129.95	-157.6	120.71	0	255	0
569	-129.95	-157.6	120.73	0	255	0
569	-129.95	-157.6	120.74	0	255	0
569	-129.95	-157.6	120.76	0	255	0
569	-129.94	-157.6	120.77	0	255	0
569	-129.94	-157.6	120.79	0	255	0
569	-129.94	-157.6	120.81	0	255	0
569	-129.93	-157.6	120.84	0	255	0
569	-129.93	-157.6	120.86	0	255	0
569	-129.93	-157.6	120.89	0	255	0
569	-129.92	-157.6	120.92	0	255	0
569	-129.92	-157.6	120.95	0	255	0
569	-129.91	-157.59	120.98	0	255	0
569	-129.91	-157.59	121.01	0	255	0
569	-129.9	-157.59	121.05	0	255	0
569	-129.9	-157.59	121.09	0	255	0
569	-129.89	-157.59	121.12	0	255	0
569	-129.88	-157.59	121.17	0	255	0
569	-129.88	-157.59	121.21	0	255	0
569	-129.87	-157.59	121.25	0	255	0
569	-129.86	-157.59	121.3	0	255	0
569	-129.86	-157.59	121.34	0	255	0
569	-129.85	-157.58	121.39	0	255	0
569	-129.84	-157.58	121.44	0	255	0
569	-129.83	-157.58	121.49	0	255	0
569	-129.83	-157.58	121.54	0	255	0
569	-129.82	-157.58	121.59	0	255	0
569	-129.81	-157.58	121.65	0	255	0
569	-129.8	-157.58	121.7	0	255	0
569	-129.79	-157.58	121.76	0	255	0
569	-129.78	-157.57	121.82	0	255	0
569	-129.77	-157.57	121.88	0	255	0
569	-129.76	-157.57	121.94	0	255	0
569	-129.75	-157.57	122.0	0	255	0
569	-129.74	-157.57	122.06	0	255	0
569	-129.73	-157.57	122.13	0	255	0
569	-129.72	-157.56	122.19	0	255	0
569	-129.71	-157.56	122.26	0	255	0
569	-129.7	-157.56	122.32	0	255	0
569	-129.69	-157.56	122.39	0	255	0
569	-129.68	-157.56	122.46	0	255	0
569	-129.67	-157.56	122.53	0	255	0
569	-129.66	-157.55	122.6	0	255	0
569	-129.65	-157.55	122.67	0	255	0
569	-129.64	-157.55	122.74	0	255	0
569	-129.63	-157.55	122.81	0	255	0
569	-129.62	-157.55	122.89	0	255	0
569	-129.61	-157.55	122.96	0	255	0
569	-129.59	-157.54	123.04	0	255	0
569	-129.58	-157.54	123.11	0	255	0
569	-129.57	-157.54	123.19	0	255	0
569	-129.56	-157.54	123.27	0	255	0
569	-129.55	-157.54	123.34	0	255	0
569	-129.53	-157.53	123.42	0	255	0
569	-129.52	-157.53	123.5	0	255	0
569	-129.51	-157.53	123.58	0	255	0
569	-129.5	-157.53	123.66	0	255	0
569	-129.48	-157.53	123.74	0	255	0
569	-129.47	-157.52	123.82	0	255	0
569	-129.46	-157.52	123.9	0	255	0
569	-129.45	-157.52	123.98	0	255	0
569	-129.43	-157.52	124.06	0	255	0
569	-129.42	-157.52	124.14	0	255	0
569	-129.41	-157.51	124.22	0	255	0
569	-129.4	-157.51	124.3	0	255	0
569	-129.38	-157.51	124.38	0	255	0
569	-129.37	-157.51	124.47	0	255	0
569	-129.36	-157.51	124.55	0	255	0
569	-129.35	-157.5	124.63	0	255	0
569	-129.33	-157.5	124.71	0	255	0
569	-129.32	-157.5	124.8	0	255	0
569	-129.31	-157.5	124.88	0	255	0
569	-129.29	-157.5	124.96	0	255	0
569	-129.28	-157.49	125.04	0	255	0
569	-129.27	-157.49	125.13	0	255	0
569	-129.26	-157.49	125.21	0	255	0
569	-129.24	-157.49	125.29	0	255	0
569	-129.23	-157.49	125.37	0	255	0
569	-129.22	-157.48	125.45	0	255	0
569	-129.21	-157.48	125.53	0	255	0
569	-129.19	-157.48	125.62	0	255	0
569	-129.18	-157.48	125.7	0	255	0
569	-129.17	-157.48	125.78	0	255	0
569	-129.16	-157.47	125.86	0	255	0
569	-129.14	-157.47	125.94	0	255	0
569	-129.13	-157.47	126.02	0	255	0
569	-129.12	-157.47	126.1	0	255	0
569	-129.11	-157.47	126.18	0	255	0
569	-129.09	-157.46	126.25	0	255	0
569	-129.08	-157.46	126.33	0	255	0
569	-129.07	-157.46	126.41	0	255	0
569	-129.06	-157.46	126.49	0	255	0
569	-129.05	-157.46	126.56	0	255	0
569	-129.03	-157.46	126.64	0	255	0
569	-129.02	-157.45	126.71	0	255	0
569	-129.01	-157.45	126.79	0	255	0
569	-129.0	-157.45	126.86	0	255	0
569	-128.99	-157.45	126.93	0	255	0
569	-128.98	-157.45	127.0	0	255	0
569	-128.97	-157.44	127.07	0	255	0
569	-128.96	-157.44	127.15	0	255	0
569	-128.94	-157.44	127.21	0	255	0
569	-128.93	-157.44	127.28	0	255	0
569	-128.92	-157.44	127.35	0	255	0
569	-128.91	-157.44	127.42	0	255	0
569	-128.9	-157.43	127.48	0	255	0
569	-128.89	-157.43	127.55	0	255	0
569	-128.88	-157.43	127.61	0	255	0
569	-128.87	-157.43	127.67	0	255	0
569	-128.86	-157.43	127.74	0	255	0
569	-128.85	-157.43	127.8	0	255	0
569	-128.85	-157.43	127.86	0	255	0
569	-128.84	-157.42	127.91	0	255	0
569	-128.83	-157.42	127.97	0	255	0
569	-128.82	-157.42	128.03	0	255	0
569	-128.81	-157.42	128.08	0	255	0
569	-128.8	-157.42	128.13	0	255	0
569	-128.79	-157.42	128.19	0	255	0
569	-128.79	-157.42	128.24	0	255	0
569	-128.78	-157.41	128.29	0	255	0
569	-128.77	-157.41	128.33	0	255	0
569	-128.76	-157.41	128.38	0	255	0
569	-128.76	-157.41	128.42	0	255	0
569	-128.75	-157.41	128.47	0	255	0
569	-128.74	-157.41	128.51	0	255	0
569	-128.74	-157.41	128.55	0	255	0
569	-128.73	-157.41	128.59	0	255	0
569	-128.73	-157.41	128.63	0	255	0
569	-128.72	-157.41	128.66	0	255	0
569	-128.72	-157.4	128.69	0	255	0
569	-128.71	-157.4	128.73	0	255	0
569	-128.71	-157.4	128.76	0	255	0
569	-128.7	-157.4	128.79	0	255	0
569	-128.7	-157.4	128.81	0	255	0
569	-128.69	-157.4	128.84	0	255	0
569	-128.69	-157.4	128.86	0	255	0
569	-128.69	-157.4	128.88	0	255	0
569	-128.68	-157.4	128.9	0	255	0
569	-128.68	-157.4	128.92	0	255	0
569	-128.68	-157.4	128.93	0	255	0
569	-128.68	-157.4	128.95	0	255	0
569	-128.67	-157.4	128.96	0	255	0
569	-128.67	-157.4	128.97	0	255	0
569	-128.67	-157.4	128.98	0	255	0
569	-128.67	-157.4	128.98	0	255	0
569	-128.67	-157.4	128.99	0	255	0
569	-128.67	-157.4	128.99	0	255	0
569	-128.67	-157.4	128.99	0	255	0
569	-128.67	-157.4	128.99	0	255	0
569	-128.67	-157.4	128.99	0	255	0
569	-128.67	-157.4	128.99	0	255	0
569	-128.67	-157.4	128.99	0	255	0
569	-128.67	-157.4	128.99	0	255	0
569	-128.67	-157.4	128.99	0	255	0
569	-128.67	-157.4	128.99	0	255	0
569	-128.67	-157.4	128.99	0	255	0
569	-128.67	-157.4	128.99	0	255	0
569	-128.67	-157.4	128.99	0	255	0
569	-128.67	-157.4	128.99	0	255	0
569	-128.67	-157.4	128.99	0	255	0
569	-128.67	-157.4	128.99	0	255	0
569	-128.67	-157.4	128.99	0	255	0
569	-128.67	-157.4	128.99	0	255	0
569	-128.67	-157.4	128.99	0	255	0
569	-128.67	-157.4	128.99	0	255	0
569	-128.67	-157.4	128.99	0	255	0
569	-128.67	-157.4	128.99	0	255	0
569	-128.67	-157.4	128.99	0	255	0
569	-128.67	-157.4	128.99	0	255	0
569	-128.67	-157.4	128.99	0	255	0
569	-128.67	-157.4	128.99	0	255	0
569	-128.67	-157.4	128.99	0	255	0
569	-128.67	-157.4	128.99	0	255	0
569	-128.67	-157.4	128.99	0	255	0
569	-128.67	-157.4	128.99	0	255	0
569	-128.67	-157.4	128.99	0	255	0
569	-128.67	-157.4	128.99	0	255	0
569	-128.67	-157.4	128.99	0	255	0
569	-128.67	-157.4	128.99	0	255	0
569	-128.67	-157.4	128.99	0	255	0
569	-128.67	-157.4	128.99	0	255	0
569	-128.67	-157.4	128.99	0	255	0
569	-128.67	-157.4	128.99	0	255	0
569	-128.67	-157.4	128.99	0	255	0
569	-128.67	-157.4	128.99	0	255	0
569	-128.67	-157.4	128.99	0	255	0
569	-128.67	-157.4	128.99	0	255	0
569	-128.67	-157.4	128.99	0	255	0
569	-128.67	-157.4	128.99	0	255	0
569	-128.67	-157.4	128.99	0	255	0
569	-128.67	-157.4	128.99	0	255	0
569	-128.67	-157.4	128.99	0	255	0
569	-128.67	-157.4	128.99	0	255	0
569	-128.67	-157.4	128.99	0	255	0
569	-128.67	-157.4	128.99	0	255	0
569	-128.67	-157.4	128.99	0	255	0
569	-128.67	-157.4	128.99	0	255	0
569	-128.67	-157.4	128.99	0	255	0
569	-128.67	-157.4	128.99	0	255	0
569	-128.67	-157.4	128.99	0	255	0
569	-128.67	-157.4	128.99	0	255	0
569	-128.67	-157.4	128.99	0	255	0
569	-128.67	-157.4	128.99	0	255	0
569	-128.67	-157.4	128.99	0	255	0
569	-128.67	-157.4	128.99	0	255	0
569	-128.67	-157.4	128.99	0	255	0
569	-128.67	-157.4	128.99	0	255	0
569	-128.67	-157.4	128.99	0	255	0
569	-128.67	-157.4	128.99	0	255	0
569	-128.67	-157.4	128.99	0	255	0
569	-128.67	-157.4	128.99	0	255	0
569	-128.67	-157.4	128.99	0	255	0
569	-128.67	-157.4	128.99	0	255	0
569	-128.67	-157.4	128.99	0	255	0
569	-128.67	-157.4	128.99	0	255	0
569	-128.67	-157.4	128.99	0	255	0
569	-128.67	-157.4	128.99	0	255	0
569	-128.67	-157.4	128.99	0	255	0
569	-128.67	-157.4	128.99	0	255	0
569	-128.67	-157.4	128.99	0	255	0
569	-128.67	-157.4	128.99	0	255	0
569	-128.67	-157.4	128.99	0	255	0
569	-128.67	-157.4	128.99	0	255	0
569	-128.67	-157.4	128.99	0	255	0
569	-128.67	-157.4	128.99	0	255	0
569	-128.67	-157.4	128.99	0	255	0
569	-128.67	-157.4	128.99	0	255	0
569	-128.67	-157.4	128.99	0	255	0
569	-128.67	-157.4	128.99	0	255	0
569	-128.67	-157.4	128.99	0	255	0
569	-128.67	-157.4	128.99	0	255	0
569	-128.67	-157.4	128.99	0	255	0
569	-128.67	-157.4	128.99	0	255	0
569	-128.67	-157.4	128.99	0	255	0
569	-128.67	-157.4	128.99	0	255	0
569	-128.67	-157.4	128.99	0	255	0
569	-128.67	-157.4	128.99	0	255	0
569	-128.67	-157.4	128.99	0	255	0
569	-128.67	-157.4	128.99	0	255	0
569	-128.67	-157.4	128.99	0	255	0
569	-128.67	-157.4	128.99	0	255	0
569	-128.67	-157.4	128.99	0	255	0
569	-128.67	-157.4	128.99	0	255	0
569	-128.67	-157.4	128.99	0	255	0
569	-128.67	-157.4	128.99	0	255	0
569	-128.67	-157.4	128.99	0	255	0
569	-128.67	-157.4	128.99	0	255	0
569	-128.67	-157.4	128.99	0	255	0
569	-128.67	-157.4	128.99	0	255	0
569	-128.67	-157.4	128.99	0	255	0
569	-128.67	-157.4	128.99	0	255	0
569	-128.67	-157.4	128.99	0	255	0
569	-128.67	-157.4	128.99	0	255	0
569	-128.67	-157.4	128.99	0	255	0
569	-128.67	-157.4	128.99	0	255	0
569	-128.67	-157.4	128.99	0	255	0
569	-128.67	-157.4	128.99	0	255	0
569	-128.67	-157.4	128.99	0	255	0
569	-128.67	-157.4	128.99	0	255	0
569	-128.67	-157.4	128.99	0	255	0
569	-128.67	-157.4	128.99	0	255	0
569	-128.67	-157.4	128.99	0	255	0
569	-128.67	-157.4	128.99	0	255	0
569	-128.67	-157.4	128.99	0	255	0
569	-128.67	-157.4	128.99	0	255	0
569	-128.67	-157.4	128.99	0	255	0
569	-128.67	-157.4	128.99	0	255	0
569	-128.67	-157.4	128.99	0	255	0
569	-128.67	-157.4	128.99	0	255	0
569	-128.67	-157.4	128.99	0	255	0
569	-128.67	-157.4	128.99	0	255	0
569	-128.67	-157.4	128.99	0	255	0
569	-128.67	-157.4	128.99	0	255	0
569	-128.67	-157.4	128.99	0	255	0
569	-128.67	-157.4	128.99	0	255	0
569	-128.67	-157.4	128.99	0	255	0
569	-128.67	-157.4	128.99	0	255	0
569	-128.67	-157.4	128.99	0	255	0
569	-128.67	-157.4	128.99	0	255	0
569	-128.67	-157.4	128.99	0	255	0
569	-128.67	-157.4	128.99	0	255	0
569	-128.67	-157.4	128.99	0	255	0
569	-128.67	-157.4	128.99	0	255	0
569	-128.67	-157.4	128.99	0	255	0
569	-128.67	-157.4	128.99	0	255	0
569	-128.67	-157.4	128.99	0	255	0
569	-128.67	-157.4	128.99	0	255	0
569	-128.67	-157.4	128.99	0	255	0
569	-128.67	-157.4	128.99	0	255	0
569	-128.67	-157.4	128.99	0	255	0
569	-128.67	-157.4	128.99	0	255	0
569	-128.67	-157.4	128.99	0	255	0
569	-128.67	-157.4	128.99	0	255	0
569	-128.67	-157.4	128.99	0	255	0
569	-128.67	-157.4	128.99	0	255	0
569	-128.67	-157.4	128.99	0	255	0
