572	-139.42	-159.1	135.35	0	255	0
572	-139.42	-159.1	135.35	0	255	0
572	-139.42	-159.1	135.35	0	255	0
572	-139.42	-159.1	135.34	0	255	0
572	-139.42	-159.1	135.34	0	255	0
572	-139.43	-159.1	135.33	0	255	0
572	-139.43	-159.1	135.32	0	255	0
572	-139.43	-159.1	135.31	0	255	0
572	-139.44	-159.1	135.29	0	255	0
572	-139.44	-159.1	135.28	0	255	0
572	-139.45	-159.1	135.26	0	255	0
572	-139.46	-159.11	135.24	0	255	0
572	-139.46	-159.11	135.22	0	255	0
572	-139.47	-159.11	135.19	0	255	0
572	-139.48	-159.11	135.17	0	255	0
572	-139.49	-159.11	135.14	0	255	0
572	-139.5	-159.11	135.11	0	255	0
572	-139.51	-159.11	135.08	0	255	0
572	-139.52	-159.12	135.05	0	255	0
572	-139.53	-159.12	135.02	0	255	0
572	-139.54	-159.12	134.99	0	255	0
572	-139.55	-159.12	134.95	0	255	0
572	-139.56	-159.12	134.91	0	255	0
572	-139.58	-159.13	134.87	0	255	0
572	-139.59	-159.13	134.83	0	255	0
572	-139.6	-159.13	134.79	0	255	0
572	-139.62	-159.13	134.75	0	255	0
572	-139.63	-159.13	134.71	0	255	0
572	-139.65	-159.14	134.66	0	255	0
572	-139.66	-159.14	134.61	0	255	0
572	-139.68	-159.14	134.57	0	255	0
572	-139.7	-159.14	134.52	0	255	0
572	-139.71	-159.15	134.47	0	255	0
572	-139.73	-159.15	134.42	0	255	0
572	-139.75	-159.15	134.36	0	255	0
572	-139.77	-159.16	134.31	0	255	0
572	-139.78	-159.16	134.26	0	255	0
572	-139.8	-159.16	134.2	0	255	0
572	-139.82	-159.16	134.14	0	255	0
572	-139.84	-159.17	134.09	0	255	0
572	-139.86	-159.17	134.03	0	255	0
572	-139.88	-159.17	133.97	0	255	0
572	-139.9	-159.18	133.91	0	255	0
572	-139.92	-159.18	133.85	0	255	0
572	-139.94	-159.18	133.78	0	255	0
572	-139.96	-159.19	133.72	0	255	0
572	-139.98	-159.19	133.66	0	255	0
572	-140.01	-159.19	133.59	0	255	0
572	-140.03	-159.2	133.53	0	255	0
572	-140.05	-159.2	133.46	0	255	0
572	-140.07	-159.2	133.39	0	255	0
572	-140.1	-159.21	133.33	0	255	0
572	-140.12	-159.21	133.26	0	255	0
572	-140.14	-159.21	133.19	0	255	0
572	-140.16	-159.22	133.12	0	255	0
572	-140.19	-159.22	133.05	0	255	0
572	-140.21	-159.23	132.98	0	255	0
572	-140.24	-159.23	132.91	0	255	0
572	-140.26	-159.23	132.84	0	255	0
572	-140.28	-159.24	132.76	0	255	0
572	-140.31	-159.24	132.69	0	255	0
572	-140.33	-159.24	132.62	0	255	0
572	-140.36	-159.25	132.55	0	255	0
572	-140.38	-159.25	132.47	0	255	0
572	-140.41	-159.26	132.4	0	255	0
572	-140.43	-159.26	132.32	0	255	0
572	-140.46	-159.26	132.25	0	255	0
572	-140.48	-159.27	132.17	0	255	0
572	-140.5	-159.27	132.1	0	255	0
572	-140.53	-159.28	132.02	0	255	0
572	-140.56	-159.28	131.95	0	255	0
572	-140.58	-159.28	131.87	0	255	0
572	-140.61	-159.29	131.8	0	255	0
572	-140.63	-159.29	131.72	0	255	0
572	-140.66	-159.3	131.65	0	255	0
572	-140.68	-159.3	131.57	0	255	0
572	-140.71	-159.3	131.5	0	255	0
572	-140.73	-159.31	131.42	0	255	0
572	-140.76	-159.31	131.35	0	255	0
572	-140.78	-159.32	131.27	0	255	0
572	-140.81	-159.32	131.19	0	255	0
572	-140.83	-159.32	131.12	0	255	0
572	-140.86	-159.33	131.04	0	255	0
572	-140.88	-159.33	130.97	0	255	0
572	-140.91	-159.34	130.89	0	255	0
572	-140.93	-159.34	130.82	0	255	0
572	-140.96	-159.34	130.75	0	255	0
572	-140.98	-159.35	130.67	0	255	0
572	-141.01	-159.35	130.6	0	255	0
572	-141.03	-159.36	130.53	0	255	0
572	-141.06	-159.36	130.45	0	255	0
572	-141.08	-159.36	130.38	0	255	0
572	-141.1	-159.37	130.31	0	255	0
572	-141.13	-159.37	130.24	0	255	0
572	-141.15	-159.37	130.17	0	255	0
572	-141.18	-159.38	130.09	0	255	0
572	-141.2	-159.38	130.02	0	255	0
572	-141.22	-159.39	129.96	0	255	0
572	-141.24	-159.39	129.89	0	255	0
572	-141.27	-159.39	129.82	0	255	0
572	-141.29	-159.4	129.75	0	255	0
572	-141.31	-159.4	129.68	0	255	0
572	-141.33	-159.4	129.62	0	255	0
572	-141.36	-159.41	129.55	0	255	0
572	-141.38	-159.41	129.49	0	255	0
572	-141.4	-159.41	129.42	0	255	0
572	-141.42	-159.42	129.36	0	255	0
572	-141.44	-159.42	129.3	0	255	0
572	-141.46	-159.42	129.24	0	255	0
572	-141.48	-159.43	129.18	0	255	0
572	-141.5	-159.43	129.12	0	255	0
572	-141.52	-159.43	129.06	0	255	0
572	-141.54	-159.44	129.0	0	255	0
572	-141.56	-159.44	128.94	0	255	0
572	-141.58	-159.44	128.89	0	255	0
572	-141.6	-159.45	128.83	0	255	0
572	-141.61	-159.45	128.78	0	255	0
572	-141.63	-159.45	128.73	0	255	0
572	-141.65	-159.45	128.68	0	255	0
572	-141.67	-159.46	128.63	0	255	0
572	-141.68	-159.46	128.58	0	255	0
572	-141.7	-159.46	128.53	0	255	0
572	-141.71	-159.46	128.48	0	255	0
572	-141.73	-159.47	128.44	0	255	0
572	-141.74	-159.47	128.39	0	255	0
572	-141.76	-159.47	128.35	0	255	0
572	-141.77	-159.47	128.31	0	255	0
572	-141.79	-159.47	128.27	0	255	0
572	-141.8	-159.48	128.23	0	255	0
572	-141.81	-159.48	128.19	0	255	0
572	-141.82	-159.48	128.16	0	255	0
572	-141.83	-159.48	128.12	0	255	0
572	-141.85	-159.48	128.09	0	255	0
572	-141.86	-159.49	128.06	0	255	0
572	-141.87	-159.49	128.03	0	255	0
572	-141.87	-159.49	128.0	0	255	0
572	-141.88	-159.49	127.98	0	255	0
572	-141.89	-159.49	127.95	0	255	0
572	-141.9	-159.49	127.93	0	255	0
572	-141.91	-159.49	127.91	0	255	0
572	-141.91	-159.5	127.89	0	255	0
572	-141.92	-159.5	127.87	0	255	0
572	-141.92	-159.5	127.85	0	255	0
572	-141.93	-159.5	127.84	0	255	0
572	-141.93	-159.5	127.83	0	255	0
572	-141.94	-159.5	127.81	0	255	0
572	-141.94	-159.5	127.81	0	255	0
572	-141.94	-159.5	127.8	0	255	0
572	-141.94	-159.5	127.79	0	255	0
572	-141.95	-159.5	127.79	0	255	0
572	-141.95	-159.5	127.79	0	255	0
572	-141.95	-159.5	127.79	0	255	0
572	-141.94	-159.5	127.79	0	255	0
572	-141.94	-159.5	127.8	0	255	0
572	-141.94	-159.5	127.81	0	255	0
572	-141.94	-159.5	127.81	0	255	0
572	-141.93	-159.5	127.82	0	255	0
572	-141.93	-159.5	127.84	0	255	0
572	-141.93	-159.5	127.85	0	255	0
572	-141.92	-159.5	127.87	0	255	0
572	-141.91	-159.5	127.89	0	255	0
572	-141.91	-159.49	127.9	0	255	0
572	-141.9	-159.49	127.93	0	255	0
572	-141.89	-159.49	127.95	0	255	0
572	-141.88	-159.49	127.97	0	255	0
572	-141.88	-159.49	128.0	0	255	0
572	-141.87	-159.49	128.03	0	255	0
572	-141.86	-159.49	128.06	0	255	0
572	-141.85	-159.48	128.09	0	255	0
572	-141.84	-159.48	128.12	0	255	0
572	-141.82	-159.48	128.15	0	255	0
572	-141.81	-159.48	128.19	0	255	0
572	-141.8	-159.48	128.22	0	255	0
572	-141.79	-159.48	128.26	0	255	0
572	-141.77	-159.47	128.3	0	255	0
572	-141.76	-159.47	128.34	0	255	0
572	-141.75	-159.47	128.39	0	255	0
572	-141.73	-159.47	128.43	0	255	0
572	-141.72	-159.46	128.47	0	255	0
572	-141.7	-159.46	128.52	0	255	0
572	-141.69	-159.46	128.57	0	255	0
572	-141.67	-159.46	128.62	0	255	0
572	-141.65	-159.45	128.67	0	255	0
572	-141.64	-159.45	128.72	0	255	0
572	-141.62	-159.45	128.77	0	255	0
572	-141.6	-159.45	128.82	0	255	0
572	-141.58	-159.44	128.87	0	255	0
572	-141.56	-159.44	128.93	0	255	0
572	-141.55	-159.44	128.99	0	255	0
572	-141.53	-159.43	129.04	0	255	0
572	-141.51	-159.43	129.1	0	255	0
572	-141.49	-159.43	129.16	0	255	0
572	-141.47	-159.42	129.22	0	255	0
572	-141.45	-159.42	129.28	0	255	0
572	-141.43	-159.42	129.34	0	255	0
572	-141.41	-159.41	129.4	0	255	0
572	-141.38	-159.41	129.47	0	255	0
572	-141.36	-159.41	129.53	0	255	0
572	-141.34	-159.4	129.6	0	255	0
572	-141.32	-159.4	129.66	0	255	0
572	-141.3	-159.4	129.73	0	255	0
572	-141.28	-159.39	129.8	0	255	0
572	-141.25	-159.39	129.86	0	255	0
572	-141.23	-159.39	129.93	0	255	0
572	-141.21	-159.38	130.0	0	255	0
572	-141.18	-159.38	130.07	0	255	0
572	-141.16	-159.38	130.14	0	255	0
572	-141.14	-159.37	130.21	0	255	0
572	-141.11	-159.37	130.28	0	255	0
572	-141.09	-159.36	130.35	0	255	0
572	-141.07	-159.36	130.42	0	255	0
572	-141.04	-159.36	130.5	0	255	0
572	-141.02	-159.35	130.57	0	255	0
572	-140.99	-159.35	130.64	0	255	0
572	-140.97	-159.35	130.71	0	255	0
572	-140.94	-159.34	130.79	0	255	0
572	-140.92	-159.34	130.86	0	255	0
572	-140.89	-159.33	130.94	0	255	0
572	-140.87	-159.33	131.01	0	255	0
572	-140.84	-159.33	131.08	0	255	0
572	-140.82	-159.32	131.16	0	255	0
572	-140.79	-159.32	131.23	0	255	0
572	-140.77	-159.31	131.31	0	255	0
572	-140.74	-159.31	131.38	0	255	0
572	-140.72	-159.31	131.46	0	255	0
572	-140.69	-159.3	131.53	0	255	0
572	-140.67	-159.3	131.61	0	255	0
572	-140.64	-159.29	131.68	0	255	0
572	-140.62	-159.29	131.76	0	255	0
572	-140.59	-159.29	131.83	0	255	0
572	-140.57	-159.28	131.91	0	255	0
572	-140.54	-159.28	131.98	0	255	0
572	-140.52	-159.27	132.06	0	255	0
572	-140.49	-159.27	132.13	0	255	0
572	-140.47	-159.27	132.21	0	255	0
572	-140.44	-159.26	132.28	0	255	0
572	-140.42	-159.26	132.36	0	255	0
572	-140.39	-159.25	132.43	0	255	0
572	-140.37	-159.25	132.5	0	255	0
572	-140.35	-159.25	132.58	0	255	0
572	-140.32	-159.24	132.65	0	255	0
572	-140.3	-159.24	132.72	0	255	0
572	-140.27	-159.24	132.79	0	255	0
572	-140.25	-159.23	132.86	0	255	0
572	-140.23	-159.23	132.93	0	255	0
572	-140.2	-159.22	133.0	0	255	0
572	-140.18	-159.22	133.07	0	255	0
572	-140.16	-159.22	133.14	0	255	0
572	-140.13	-159.21	133.21	0	255	0
572	-140.11	-159.21	133.28	0	255	0
572	-140.09	-159.21	133.35	0	255	0
572	-140.07	-159.2	133.41	0	255	0
572	-140.04	-159.2	133.48	0	255	0
572	-140.02	-159.2	133.55	0	255	0
572	-140.0	-159.19	133.61	0	255	0
572	-139.98	-159.19	133.68	0	255	0
572	-139.96	-159.19	133.74	0	255	0
572	-139.94	-159.18	133.8	0	255	0
572	-139.92	-159.18	133.86	0	255	0
572	-139.9	-159.18	133.92	0	255	0
572	-139.88	-159.17	133.98	0	255	0
572	-139.86	-159.17	134.04	0	255	0
572	-139.84	-159.17	134.1	0	255	0
572	-139.82	-159.16	134.16	0	255	0
572	-139.8	-159.16	134.21	0	255	0
572	-139.78	-159.16	134.27	0	255	0
572	-139.76	-159.15	134.32	0	255	0
572	-139.74	-159.15	134.38	0	255	0
572	-139.73	-159.15	134.43	0	255	0
572	-139.71	-159.15	134.48	0	255	0
572	-139.69	-159.14	134.53	0	255	0
572	-139.68	-159.14	134.58	0	255	0
572	-139.66	-159.14	134.62	0	255	0
572	-139.65	-159.14	134.67	0	255	0
572	-139.63	-159.13	134.71	0	255	0
572	-139.62	-159.13	134.76	0	255	0
572	-139.6	-159.13	134.8	0	255	0
572	-139.59	-159.13	134.84	0	255	0
572	-139.58	-159.12	134.88	0	255	0
572	-139.56	-159.12	134.92	0	255	0
572	-139.55	-159.12	134.96	0	255	0
572	-139.54	-159.12	134.99	0	255	0
572	-139.53	-159.12	135.02	0	255	0
572	-139.52	-159.12	135.06	0	255	0
572	-139.51	-159.11	135.09	0	255	0
572	-139.5	-159.11	135.12	0	255	0
572	-139.49	-159.11	135.14	0	255	0
572	-139.48	-159.11	135.17	0	255	0
572	-139.47	-159.11	135.2	0	255	0
572	-139.46	-159.11	135.22	0	255	0
572	-139.46	-159.11	135.24	0	255	0
572	-139.45	-159.1	135.26	0	255	0
572	-139.44	-159.1	135.28	0	255	0
572	-139.44	-159.1	135.29	0	255	0
572	-139.43	-159.1	135.31	0	255	0
572	-139.43	-159.1	135.32	0	255	0
572	-139.43	-159.1	135.33	0	255	0
572	-139.42	-159.1	135.34	0	255	0
572	-139.42	-159.1	135.34	0	255	0
572	-139.42	-159.1	135.35	0	255	0
572	-139.42	-159.1	135.35	0	255	0
572	-139.42	-159.1	135.35	0	255	0
572	-139.42	-159.1	135.35	0	255	0
572	-139.42	-159.1	135.35	0	255	0
572	-139.42	-159.1	135.35	0	255	0
572	-139.42	-159.1	135.35	0	255	0
572	-139.42	-159.1	135.35	0	255	0
572	-139.42	-159.1	135.35	0	255	0
572	-139.42	-159.1	135.35	0	255	0
572	-139.42	-159.1	135.35	0	255	0
572	-139.42	-159.1	135.35	0	255	0
572	-139.42	-159.1	135.35	0	255	0
572	-139.42	-159.1	135.35	0	255	0
572	-139.42	-159.1	135.35	0	255	0
572	-139.42	-159.1	135.35	0	255	0
572	-139.42	-159.1	135.35	0	255	0
572	-139.42	-159.1	135.35	0	255	0
572	-139.42	-159.1	135.35	0	255	0
572	-139.42	-159.1	135.35	0	255	0
572	-139.42	-159.1	135.35	0	255	0
572	-139.42	-159.1	135.35	0	255	0
572	-139.42	-159.1	135.35	0	255	0
572	-139.42	-159.1	135.35	0	255	0
572	-139.42	-159.1	135.35	0	255	0
572	-139.42	-159.1	135.35	0	255	0
572	-139.42	-159.1	135.35	0	255	0
572	-139.42	-159.1	135.35	0	255	0
572	-139.42	-159.1	135.35	0	255	0
572	-139.42	-159.1	135.35	0	255	0
572	-139.42	-159.1	135.35	0	255	0
572	-139.42	-159.1	135.35	0	255	0
572	-139.42	-159.1	135.35	0	255	0
572	-139.42	-159.1	135.35	0	255	0
572	-139.42	-159.1	135.35	0	255	0
572	-139.42	-159.1	135.35	0	255	0
572	-139.42	-159.1	135.35	0	255	0
572	-139.42	-159.1	135.35	0	255	0
572	-139.42	-159.1	135.35	0	255	0
572	-139.42	-159.1	135.35	0	255	0
572	-139.42	-159.1	135.35	0	255	0
572	-139.42	-159.1	135.35	0	255	0
572	-139.42	-159.1	135.35	0	255	0
572	-139.42	-159.1	135.35	0	255	0
572	-139.42	-159.1	135.35	0	255	0
572	-139.42	-159.1	135.35	0	255	0
572	-139.42	-159.1	135.35	0	255	0
572	-139.42	-159.1	135.35	0	255	0
572	-139.42	-159.1	135.35	0	255	0
572	-139.42	-159.1	135.35	0	255	0
572	-139.42	-159.1	135.35	0	255	0
572	-139.42	-159.1	135.35	0	255	0
572	-139.42	-159.1	135.35	0	255	0
572	-139.42	-159.1	135.35	0	255	0
572	-139.42	-159.1	135.35	0	255	0
572	-139.42	-159.1	135.35	0	255	0
572	-139.42	-159.1	135.35	0	255	0
572	-139.42	-159.1	135.35	0	255	0
572	-139.42	-159.1	135.35	0	255	0
572	-139.42	-159.1	135.35	0	255	0
572	-139.42	-159.1	135.35	0	255	0
572	-139.42	-159.1	135.35	0	255	0
572	-139.42	-159.1	135.35	0	255	0
572	-139.42	-159.1	135.35	0	255	0
572	-139.42	-159.1	135.35	0	255	0
572	-139.42	-159.1	135.35	0	255	0
572	-139.42	-159.1	135.35	0	255	0
572	-139.42	-159.1	135.35	0	255	0
572	-139.42	-159.1	135.35	0	255	0
572	-139.42	-159.1	135.35	0	255	0
572	-139.42	-159.1	135.35	0	255	0
572	-139.42	-159.1	135.35	0	255	0
572	-139.42	-159.1	135.35	0	255	0
572	-139.42	-159.1	135.35	0	255	0
572	-139.42	-159.1	135.35	0	255	0
572	-139.42	-159.1	135.35	0	255	0
572	-139.42	-159.1	135.35	0	255	0
572	-139.42	-159.1	135.35	0	255	0
572	-139.42	-159.1	135.35	0	255	0
572	-139.42	-159.1	135.35	0	255	0
572	-139.42	-159.1	135.35	0	255	0
572	-139.42	-159.1	135.35	0	255	0
572	-139.42	-159.1	135.35	0	255	0
572	-139.42	-159.1	135.35	0	255	0
572	-139.42	-159.1	135.35	0	255	0
572	-139.42	-159.1	135.35	0	255	0
572	-139.42	-159.1	135.35	0	255	0
572	-139.42	-159.1	135.35	0	255	0
572	-139.42	-159.1	135.35	0	255	0
572	-139.42	-159.1	135.35	0	255	0
572	-139.42	-159.1	135.35	0	255	0
572	-139.42	-159.1	135.35	0	255	0
572	-139.42	-159.1	135.35	0	255	0
572	-139.42	-159.1	135.35	0	255	0
572	-139.42	-159.1	135.35	0	255	0
572	-139.42	-159.1	135.35	0	255	0
572	-139.42	-159.1	135.35	0	255	0
572	-139.42	-159.1	135.35	0	255	0
572	-139.42	-159.1	135.35	0	255	0
572	-139.42	-159.1	135.35	0	255	0
572	-139.42	-159.1	135.35	0	255	0
572	-139.42	-159.1	135.35	0	255	0
572	-139.42	-159.1	135.35	0	255	0
572	-139.42	-159.1	135.35	0	255	0
572	-139.42	-159.1	135.35	0	255	0
572	-139.42	-159.1	135.35	0	255	0
572	-139.42	-159.1	135.35	0	255	0
572	-139.42	-159.1	135.35	0	255	0
572	-139.42	-159.1	135.35	0	255	0
572	-139.42	-159.1	135.35	0	255	0
572	-139.42	-159.1	135.35	0	255	0
572	-139.42	-159.1	135.35	0	255	0
572	-139.42	-159.1	135.35	0	255	0
572	-139.42	-159.1	135.35	0	255	0
572	-139.42	-159.1	135.35	0	255	0
572	-139.42	-159.1	135.35	0	255	0
572	-139.42	-159.1	135.35	0	255	0
572	-139.42	-159.1	135.35	0	255	0
572	-139.42	-159.1	135.35	0	255	0
572	-139.42	-159.1	135.35	0	255	0
572	-139.42	-159.1	135.35	0	255	0
572	-139.42	-159.1	135.35	0	255	0
572	-139.42	-159.1	135.35	0	255	0
572	-139.42	-159.1	135.35	0	255	0
572	-139.42	-159.1	135.35	0	255	0
572	-139.42	-159.1	135.35	0	255	0
572	-139.42	-159.1	135.35	0	255	0
572	-139.42	-159.1	135.35	0	255	0
572	-139.42	-159.1	135.35	0	255	0
572	-139.42	-159.1	135.35	0	255	0
572	-139.42	-159.1	135.35	0	255	0
572	-139.42	-159.1	135.35	0	255	0
572	-139.42	-159.1	135.35	0	255	0
572	-139.42	-159.1	135.35	0	255	0
572	-139.42	-159.1	135.35	0	255	0
572	-139.42	-159.1	135.35	0	255	0
572	-139.42	-159.1	135.35	0	255	0
572	-139.42	-159.1	135.35	0	255	0
572	-139.42	-159.1	135.35	0	255	0
572	-139.42	-159.1	135.35	0	255	0
572	-139.42	-159.1	135.35	0	255	0
572	-139.42	-159.1	135.35	0	255	0
572	-139.42	-159.1	135.35	0	255	0
572	-139.42	-159.1	135.35	0	255	0
572	-139.42	-159.1	135.35	0	255	0
572	-139.42	-159.1	135.35	0	255	0
572	-139.42	-159.1	135.35	0	255	0
572	-139.42	-159.1	135.35	0	255	0
572	-139.42	-159.1	135.35	0	255	0
572	-139.42	-159.1	135.35	0	255	0
572	-139.42	-159.1	135.35	0	255	0
572	-139.42	-159.1	135.35	0	255	0
