574	-145.02	-159.99	138.57	0	255	0
574	-145.02	-159.99	138.57	0	255	0
574	-145.02	-159.99	138.57	0	255	0
574	-145.02	-159.99	138.57	0	255	0
574	-145.03	-159.99	138.56	0	255	0
574	-145.03	-159.99	138.55	0	255	0
574	-145.03	-159.99	138.54	0	255	0
574	-145.04	-159.99	138.53	0	255	0
574	-145.05	-159.99	138.51	0	255	0
574	-145.05	-159.99	138.5	0	255	0
574	-145.06	-159.99	138.48	0	255	0
574	-145.07	-159.99	138.46	0	255	0
574	-145.08	-160.0	138.44	0	255	0
574	-145.09	-160.0	138.42	0	255	0
574	-145.1	-160.0	138.4	0	255	0
574	-145.11	-160.0	138.37	0	255	0
574	-145.12	-160.0	138.35	0	255	0
574	-145.13	-160.01	138.32	0	255	0
574	-145.15	-160.01	138.29	0	255	0
574	-145.16	-160.01	138.26	0	255	0
574	-145.17	-160.01	138.22	0	255	0
574	-145.19	-160.01	138.19	0	255	0
574	-145.2	-160.02	138.16	0	255	0
574	-145.22	-160.02	138.12	0	255	0
574	-145.24	-160.02	138.08	0	255	0
574	-145.25	-160.02	138.04	0	255	0
574	-145.27	-160.03	138.0	0	255	0
574	-145.29	-160.03	137.96	0	255	0
574	-145.31	-160.03	137.92	0	255	0
574	-145.33	-160.04	137.87	0	255	0
574	-145.35	-160.04	137.83	0	255	0
574	-145.37	-160.04	137.78	0	255	0
574	-145.39	-160.05	137.73	0	255	0
574	-145.41	-160.05	137.68	0	255	0
574	-145.43	-160.05	137.63	0	255	0
574	-145.46	-160.06	137.58	0	255	0
574	-145.48	-160.06	137.53	0	255	0
574	-145.5	-160.06	137.48	0	255	0
574	-145.53	-160.07	137.42	0	255	0
574	-145.55	-160.07	137.37	0	255	0
574	-145.58	-160.08	137.31	0	255	0
574	-145.6	-160.08	137.26	0	255	0
574	-145.63	-160.08	137.2	0	255	0
574	-145.65	-160.09	137.14	0	255	0
574	-145.68	-160.09	137.08	0	255	0
574	-145.71	-160.1	137.02	0	255	0
574	-145.73	-160.1	136.96	0	255	0
574	-145.76	-160.1	136.9	0	255	0
574	-145.79	-160.11	136.84	0	255	0
574	-145.81	-160.11	136.77	0	255	0
574	-145.84	-160.12	136.71	0	255	0
574	-145.87	-160.12	136.64	0	255	0
574	-145.9	-160.13	136.58	0	255	0
574	-145.93	-160.13	136.51	0	255	0
574	-145.96	-160.14	136.45	0	255	0
574	-145.99	-160.14	136.38	0	255	0
574	-146.02	-160.15	136.32	0	255	0
574	-146.05	-160.15	136.25	0	255	0
574	-146.08	-160.15	136.18	0	255	0
574	-146.11	-160.16	136.11	0	255	0
574	-146.14	-160.16	136.04	0	255	0
574	-146.17	-160.17	135.97	0	255	0
574	-146.2	-160.17	135.9	0	255	0
574	-146.23	-160.18	135.83	0	255	0
574	-146.26	-160.18	135.76	0	255	0
574	-146.29	-160.19	135.69	0	255	0
574	-146.32	-160.19	135.62	0	255	0
574	-146.35	-160.2	135.55	0	255	0
574	-146.39	-160.2	135.48	0	255	0
574	-146.42	-160.21	135.41	0	255	0
574	-146.45	-160.21	135.34	0	255	0
574	-146.48	-160.22	135.27	0	255	0
574	-146.51	-160.22	135.19	0	255	0
574	-146.54	-160.23	135.12	0	255	0
574	-146.58	-160.23	135.05	0	255	0
574	-146.61	-160.24	134.98	0	255	0
574	-146.64	-160.24	134.91	0	255	0
574	-146.67	-160.25	134.83	0	255	0
574	-146.7	-160.25	134.76	0	255	0
574	-146.73	-160.26	134.69	0	255	0
574	-146.77	-160.26	134.62	0	255	0
574	-146.8	-160.27	134.55	0	255	0
574	-146.83	-160.27	134.48	0	255	0
574	-146.86	-160.28	134.4	0	255	0
574	-146.89	-160.28	134.33	0	255	0
574	-146.92	-160.29	134.26	0	255	0
574	-146.95	-160.29	134.19	0	255	0
574	-146.98	-160.3	134.12	0	255	0
574	-147.02	-160.3	134.05	0	255	0
574	-147.05	-160.31	133.98	0	255	0
574	-147.08	-160.31	133.91	0	255	0
574	-147.11	-160.32	133.84	0	255	0
574	-147.14	-160.32	133.78	0	255	0
574	-147.17	-160.33	133.71	0	255	0
574	-147.2	-160.33	133.64	0	255	0
574	-147.23	-160.34	133.57	0	255	0
574	-147.26	-160.34	133.51	0	255	0
574	-147.29	-160.35	133.44	0	255	0
574	-147.31	-160.35	133.38	0	255	0
574	-147.34	-160.36	133.31	0	255	0
574	-147.37	-160.36	133.25	0	255	0
574	-147.4	-160.36	133.18	0	255	0
574	-147.43	-160.37	133.12	0	255	0
574	-147.45	-160.37	133.06	0	255	0
574	-147.48	-160.38	133.0	0	255	0
574	-147.51	-160.38	132.94	0	255	0
574	-147.54	-160.39	132.88	0	255	0
574	-147.56	-160.39	132.82	0	255	0
574	-147.59	-160.39	132.76	0	255	0
574	-147.61	-160.4	132.7	0	255	0
574	-147.64	-160.4	132.64	0	255	0
574	-147.66	-160.41	132.59	0	255	0
574	-147.69	-160.41	132.53	0	255	0
574	-147.71	-160.41	132.48	0	255	0
574	-147.73	-160.42	132.43	0	255	0
574	-147.76	-160.42	132.37	0	255	0
574	-147.78	-160.42	132.32	0	255	0
574	-147.8	-160.43	132.27	0	255	0
574	-147.82	-160.43	132.22	0	255	0
574	-147.84	-160.43	132.18	0	255	0
574	-147.86	-160.44	132.13	0	255	0
574	-147.88	-160.44	132.08	0	255	0
574	-147.9	-160.44	132.04	0	255	0
574	-147.92	-160.45	132.0	0	255	0
574	-147.94	-160.45	131.96	0	255	0
574	-147.96	-160.45	131.91	0	255	0
574	-147.98	-160.46	131.88	0	255	0
574	-147.99	-160.46	131.84	0	255	0
574	-148.01	-160.46	131.8	0	255	0
574	-148.03	-160.46	131.77	0	255	0
574	-148.04	-160.47	131.73	0	255	0
574	-148.05	-160.47	131.7	0	255	0
574	-148.07	-160.47	131.67	0	255	0
574	-148.08	-160.47	131.64	0	255	0
574	-148.09	-160.47	131.61	0	255	0
574	-148.11	-160.48	131.58	0	255	0
574	-148.12	-160.48	131.56	0	255	0
574	-148.13	-160.48	131.53	0	255	0
574	-148.14	-160.48	131.51	0	255	0
574	-148.15	-160.48	131.49	0	255	0
574	-148.15	-160.48	131.47	0	255	0
574	-148.16	-160.48	131.46	0	255	0
574	-148.17	-160.49	131.44	0	255	0
574	-148.17	-160.49	131.43	0	255	0
574	-148.18	-160.49	131.42	0	255	0
574	-148.18	-160.49	131.41	0	255	0
574	-148.19	-160.49	131.4	0	255	0
574	-148.19	-160.49	131.39	0	255	0
574	-148.19	-160.49	131.39	0	255	0
574	-148.19	-160.49	131.38	0	255	0
574	-148.19	-160.49	131.38	0	255	0
574	-148.19	-160.49	131.38	0	255	0
574	-148.19	-160.49	131.39	0	255	0
574	-148.19	-160.49	131.39	0	255	0
574	-148.19	-160.49	131.4	0	255	0
574	-148.18	-160.49	131.4	0	255	0
574	-148.18	-160.49	131.41	0	255	0
574	-148.17	-160.49	131.43	0	255	0
574	-148.17	-160.49	131.44	0	255	0
574	-148.16	-160.48	131.46	0	255	0
574	-148.15	-160.48	131.47	0	255	0
574	-148.15	-160.48	131.49	0	255	0
574	-148.14	-160.48	131.51	0	255	0
574	-148.13	-160.48	131.53	0	255	0
574	-148.12	-160.48	131.56	0	255	0
574	-148.11	-160.48	131.58	0	255	0
574	-148.1	-160.47	131.61	0	255	0
574	-148.08	-160.47	131.63	0	255	0
574	-148.07	-160.47	131.66	0	255	0
574	-148.06	-160.47	131.69	0	255	0
574	-148.04	-160.47	131.73	0	255	0
574	-148.03	-160.46	131.76	0	255	0
574	-148.01	-160.46	131.8	0	255	0
574	-148.0	-160.46	131.83	0	255	0
574	-147.98	-160.46	131.87	0	255	0
574	-147.96	-160.45	131.91	0	255	0
574	-147.94	-160.45	131.95	0	255	0
574	-147.93	-160.45	131.99	0	255	0
574	-147.91	-160.44	132.03	0	255	0
574	-147.89	-160.44	132.08	0	255	0
574	-147.87	-160.44	132.12	0	255	0
574	-147.85	-160.44	132.17	0	255	0
574	-147.83	-160.43	132.21	0	255	0
574	-147.81	-160.43	132.26	0	255	0
574	-147.78	-160.43	132.31	0	255	0
574	-147.76	-160.42	132.36	0	255	0
574	-147.74	-160.42	132.41	0	255	0
574	-147.72	-160.41	132.47	0	255	0
574	-147.69	-160.41	132.52	0	255	0
574	-147.67	-160.41	132.57	0	255	0
574	-147.64	-160.4	132.63	0	255	0
574	-147.62	-160.4	132.68	0	255	0
574	-147.59	-160.39	132.74	0	255	0
574	-147.57	-160.39	132.8	0	255	0
574	-147.54	-160.39	132.86	0	255	0
574	-147.52	-160.38	132.92	0	255	0
574	-147.49	-160.38	132.98	0	255	0
574	-147.46	-160.37	133.04	0	255	0
574	-147.44	-160.37	133.1	0	255	0
574	-147.41	-160.37	133.16	0	255	0
574	-147.38	-160.36	133.23	0	255	0
574	-147.35	-160.36	133.29	0	255	0
574	-147.32	-160.35	133.35	0	255	0
574	-147.3	-160.35	133.42	0	255	0
574	-147.27	-160.34	133.48	0	255	0
574	-147.24	-160.34	133.55	0	255	0
574	-147.21	-160.33	133.62	0	255	0
574	-147.18	-160.33	133.68	0	255	0
574	-147.15	-160.32	133.75	0	255	0
574	-147.12	-160.32	133.82	0	255	0
574	-147.09	-160.31	133.89	0	255	0
574	-147.06	-160.31	133.95	0	255	0
574	-147.03	-160.31	134.02	0	255	0
574	-147.0	-160.3	134.09	0	255	0
574	-146.97	-160.3	134.16	0	255	0
574	-146.94	-160.29	134.23	0	255	0
574	-146.91	-160.29	134.3	0	255	0
574	-146.87	-160.28	134.37	0	255	0
574	-146.84	-160.28	134.44	0	255	0
574	-146.81	-160.27	134.51	0	255	0
574	-146.78	-160.27	134.59	0	255	0
574	-146.75	-160.26	134.66	0	255	0
574	-146.72	-160.26	134.73	0	255	0
574	-146.69	-160.25	134.8	0	255	0
574	-146.65	-160.25	134.87	0	255	0
574	-146.62	-160.24	134.94	0	255	0
574	-146.59	-160.24	135.01	0	255	0
574	-146.56	-160.23	135.08	0	255	0
574	-146.53	-160.23	135.16	0	255	0
574	-146.5	-160.22	135.23	0	255	0
574	-146.47	-160.22	135.3	0	255	0
574	-146.43	-160.21	135.37	0	255	0
574	-146.4	-160.21	135.44	0	255	0
574	-146.37	-160.2	135.51	0	255	0
574	-146.34	-160.2	135.58	0	255	0
574	-146.31	-160.19	135.65	0	255	0
574	-146.28	-160.19	135.72	0	255	0
574	-146.25	-160.18	135.79	0	255	0
574	-146.22	-160.18	135.86	0	255	0
574	-146.19	-160.17	135.93	0	255	0
574	-146.16	-160.17	136.0	0	255	0
574	-146.13	-160.16	136.07	0	255	0
574	-146.09	-160.16	136.14	0	255	0
574	-146.06	-160.15	136.21	0	255	0
574	-146.04	-160.15	136.27	0	255	0
574	-146.01	-160.14	136.34	0	255	0
574	-145.98	-160.14	136.41	0	255	0
574	-145.95	-160.13	136.47	0	255	0
574	-145.92	-160.13	136.54	0	255	0
574	-145.89	-160.12	136.6	0	255	0
574	-145.86	-160.12	136.67	0	255	0
574	-145.83	-160.12	136.73	0	255	0
574	-145.81	-160.11	136.79	0	255	0
574	-145.78	-160.11	136.86	0	255	0
574	-145.75	-160.1	136.92	0	255	0
574	-145.72	-160.1	136.98	0	255	0
574	-145.7	-160.09	137.04	0	255	0
574	-145.67	-160.09	137.1	0	255	0
574	-145.65	-160.09	137.16	0	255	0
574	-145.62	-160.08	137.21	0	255	0
574	-145.59	-160.08	137.27	0	255	0
574	-145.57	-160.07	137.33	0	255	0
574	-145.55	-160.07	137.38	0	255	0
574	-145.52	-160.07	137.44	0	255	0
574	-145.5	-160.06	137.49	0	255	0
574	-145.47	-160.06	137.54	0	255	0
574	-145.45	-160.06	137.59	0	255	0
574	-145.43	-160.05	137.64	0	255	0
574	-145.41	-160.05	137.69	0	255	0
574	-145.39	-160.05	137.74	0	255	0
574	-145.37	-160.04	137.79	0	255	0
574	-145.35	-160.04	137.83	0	255	0
574	-145.33	-160.04	137.88	0	255	0
574	-145.31	-160.03	137.92	0	255	0
574	-145.29	-160.03	137.97	0	255	0
574	-145.27	-160.03	138.01	0	255	0
574	-145.25	-160.02	138.05	0	255	0
574	-145.23	-160.02	138.09	0	255	0
574	-145.22	-160.02	138.12	0	255	0
574	-145.2	-160.02	138.16	0	255	0
574	-145.19	-160.01	138.2	0	255	0
574	-145.17	-160.01	138.23	0	255	0
574	-145.16	-160.01	138.26	0	255	0
574	-145.14	-160.01	138.29	0	255	0
574	-145.13	-160.0	138.32	0	255	0
574	-145.12	-160.0	138.35	0	255	0
574	-145.11	-160.0	138.37	0	255	0
574	-145.1	-160.0	138.4	0	255	0
574	-145.09	-160.0	138.42	0	255	0
574	-145.08	-160.0	138.44	0	255	0
574	-145.07	-159.99	138.46	0	255	0
574	-145.06	-159.99	138.48	0	255	0
574	-145.05	-159.99	138.5	0	255	0
574	-145.05	-159.99	138.52	0	255	0
574	-145.04	-159.99	138.53	0	255	0
574	-145.03	-159.99	138.54	0	255	0
574	-145.03	-159.99	138.55	0	255	0
574	-145.03	-159.99	138.56	0	255	0
574	-145.02	-159.99	138.57	0	255	0
574	-145.02	-159.99	138.57	0	255	0
574	-145.02	-159.99	138.57	0	255	0
574	-145.02	-159.99	138.57	0	255	0
574	-145.02	-159.99	138.57	0	255	0
574	-145.02	-159.99	138.57	0	255	0
574	-145.02	-159.99	138.57	0	255	0
574	-145.02	-159.99	138.57	0	255	0
574	-145.02	-159.99	138.57	0	255	0
574	-145.02	-159.99	138.57	0	255	0
574	-145.02	-159.99	138.57	0	255	0
574	-145.02	-159.99	138.57	0	255	0
574	-145.02	-159.99	138.57	0	255	0
574	-145.02	-159.99	138.57	0	255	0
574	-145.02	-159.99	138.57	0	255	0
574	-145.02	-159.99	138.57	0	255	0
574	-145.02	-159.99	138.57	0	255	0
574	-145.02	-159.99	138.57	0	255	0
574	-145.02	-159.99	138.57	0	255	0
574	-145.02	-159.99	138.57	0	255	0
574	-145.02	-159.99	138.57	0	255	0
574	-145.02	-159.99	138.57	0	255	0
574	-145.02	-159.99	138.57	0	255	0
574	-145.02	-159.99	138.57	0	255	0
574	-145.02	-159.99	138.57	0	255	0
574	-145.02	-159.99	138.57	0	255	0
574	-145.02	-159.99	138.57	0	255	0
574	-145.02	-159.99	138.57	0	255	0
574	-145.02	-159.99	138.57	0	255	0
574	-145.02	-159.99	138.57	0	255	0
574	-145.02	-159.99	138.57	0	255	0
574	-145.02	-159.99	138.57	0	255	0
574	-145.02	-159.99	138.57	0	255	0
574	-145.02	-159.99	138.57	0	255	0
574	-145.02	-159.99	138.57	0	255	0
574	-145.02	-159.99	138.57	0	255	0
574	-145.02	-159.99	138.57	0	255	0
574	-145.02	-159.99	138.57	0	255	0
574	-145.02	-159.99	138.57	0	255	0
574	-145.02	-159.99	138.57	0	255	0
574	-145.02	-159.99	138.57	0	255	0
574	-145.02	-159.99	138.57	0	255	0
574	-145.02	-159.99	138.57	0	255	0
574	-145.02	-159.99	138.57	0	255	0
574	-145.02	-159.99	138.57	0	255	0
574	-145.02	-159.99	138.57	0	255	0
574	-145.02	-159.99	138.57	0	255	0
574	-145.02	-159.99	138.57	0	255	0
574	-145.02	-159.99	138.57	0	255	0
574	-145.02	-159.99	138.57	0	255	0
574	-145.02	-159.99	138.57	0	255	0
574	-145.02	-159.99	138.57	0	255	0
574	-145.02	-159.99	138.57	0	255	0
574	-145.02	-159.99	138.57	0	255	0
574	-145.02	-159.99	138.57	0	255	0
574	-145.02	-159.99	138.57	0	255	0
574	-145.02	-159.99	138.57	0	255	0
574	-145.02	-159.99	138.57	0	255	0
574	-145.02	-159.99	138.57	0	255	0
574	-145.02	-159.99	138.57	0	255	0
574	-145.02	-159.99	138.57	0	255	0
574	-145.02	-159.99	138.57	0	255	0
574	-145.02	-159.99	138.57	0	255	0
574	-145.02	-159.99	138.57	0	255	0
574	-145.02	-159.99	138.57	0	255	0
574	-145.02	-159.99	138.57	0	255	0
574	-145.02	-159.99	138.57	0	255	0
574	-145.02	-159.99	138.57	0	255	0
574	-145.02	-159.99	138.57	0	255	0
574	-145.02	-159.99	138.57	0	255	0
574	-145.02	-159.99	138.57	0	255	0
574	-145.02	-159.99	138.57	0	255	0
574	-145.02	-159.99	138.57	0	255	0
574	-145.02	-159.99	138.57	0	255	0
574	-145.02	-159.99	138.57	0	255	0
574	-145.02	-159.99	138.57	0	255	0
574	-145.02	-159.99	138.57	0	255	0
574	-145.02	-159.99	138.57	0	255	0
574	-145.02	-159.99	138.57	0	255	0
574	-145.02	-159.99	138.57	0	255	0
574	-145.02	-159.99	138.57	0	255	0
574	-145.02	-159.99	138.57	0	255	0
574	-145.02	-159.99	138.57	0	255	0
574	-145.02	-159.99	138.57	0	255	0
574	-145.02	-159.99	138.57	0	255	0
574	-145.02	-159.99	138.57	0	255	0
574	-145.02	-159.99	138.57	0	255	0
574	-145.02	-159.99	138.57	0	255	0
574	-145.02	-159.99	138.57	0	255	0
574	-145.02	-159.99	138.57	0	255	0
574	-145.02	-159.99	138.57	0	255	0
574	-145.02	-159.99	138.57	0	255	0
574	-145.02	-159.99	138.57	0	255	0
574	-145.02	-159.99	138.57	0	255	0
574	-145.02	-159.99	138.57	0	255	0
574	-145.02	-159.99	138.57	0	255	0
574	-145.02	-159.99	138.57	0	255	0
574	-145.02	-159.99	138.57	0	255	0
574	-145.02	-159.99	138.57	0	255	0
574	-145.02	-159.99	138.57	0	255	0
574	-145.02	-159.99	138.57	0	255	0
574	-145.02	-159.99	138.57	0	255	0
574	-145.02	-159.99	138.57	0	255	0
574	-145.02	-159.99	138.57	0	255	0
574	-145.02	-159.99	138.57	0	255	0
574	-145.02	-159.99	138.57	0	255	0
574	-145.02	-159.99	138.57	0	255	0
574	-145.02	-159.99	138.57	0	255	0
574	-145.02	-159.99	138.57	0	255	0
574	-145.02	-159.99	138.57	0	255	0
574	-145.02	-159.99	138.57	0	255	0
574	-145.02	-159.99	138.57	0	255	0
574	-145.02	-159.99	138.57	0	255	0
574	-145.02	-159.99	138.57	0	255	0
574	-145.02	-159.99	138.57	0	255	0
574	-145.02	-159.99	138.57	0	255	0
574	-145.02	-159.99	138.57	0	255	0
574	-145.02	-159.99	138.57	0	255	0
574	-145.02	-159.99	138.57	0	255	0
574	-145.02	-159.99	138.57	0	255	0
574	-145.02	-159.99	138.57	0	255	0
574	-145.02	-159.99	138.57	0	255	0
574	-145.02	-159.99	138.57	0	255	0
574	-145.02	-159.99	138.57	0	255	0
574	-145.02	-159.99	138.57	0	255	0
574	-145.02	-159.99	138.57	0	255	0
574	-145.02	-159.99	138.57	0	255	0
574	-145.02	-159.99	138.57	0	255	0
574	-145.02	-159.99	138.57	0	255	0
574	-145.02	-159.99	138.57	0	255	0
574	-145.02	-159.99	138.57	0	255	0
574	-145.02	-159.99	138.57	0	255	0
574	-145.02	-159.99	138.57	0	255	0
574	-145.02	-159.99	138.57	0	255	0
574	-145.02	-159.99	138.57	0	255	0
574	-145.02	-159.99	138.57	0	255	0
574	-145.02	-159.99	138.57	0	255	0
574	-145.02	-159.99	138.57	0	255	0
574	-145.02	-159.99	138.57	0	255	0
574	-145.02	-159.99	138.57	0	255	0
574	-145.02	-159.99	138.57	0	255	0
574	-145.02	-159.99	138.57	0	255	0
574	-145.02	-159.99	138.57	0	255	0
574	-145.02	-159.99	138.57	0	255	0
574	-145.02	-159.99	138.57	0	255	0
574	-145.02	-159.99	138.57	0	255	0
574	-145.02	-159.99	138.57	0	255	0
574	-145.02	-159.99	138.57	0	255	0
574	-145.02	-159.99	138.57	0	255	0
574	-145.02	-159.99	138.57	0	255	0
574	-145.02	-159.99	138.57	0	255	0
574	-145.02	-159.99	138.57	0	255	0
574	-145.02	-159.99	138.57	0	255	0
