577	-88.23	-150.99	139.44	0	255	0
577	-88.23	-150.99	139.44	0	255	0
577	-88.23	-150.99	139.44	0	255	0
577	-88.23	-150.99	139.43	0	255	0
577	-88.23	-150.99	139.42	0	255	0
577	-88.22	-150.99	139.42	0	255	0
577	-88.22	-150.99	139.41	0	255	0
577	-88.21	-150.99	139.39	0	255	0
577	-88.21	-150.99	139.38	0	255	0
577	-88.2	-150.99	139.37	0	255	0
577	-88.19	-150.99	139.35	0	255	0
577	-88.18	-150.98	139.33	0	255	0
577	-88.17	-150.98	139.31	0	255	0
577	-88.16	-150.98	139.29	0	255	0
577	-88.15	-150.98	139.27	0	255	0
577	-88.14	-150.98	139.24	0	255	0
577	-88.13	-150.98	139.21	0	255	0
577	-88.11	-150.97	139.19	0	255	0
577	-88.1	-150.97	139.16	0	255	0
577	-88.08	-150.97	139.13	0	255	0
577	-88.07	-150.97	139.09	0	255	0
577	-88.05	-150.96	139.06	0	255	0
577	-88.04	-150.96	139.03	0	255	0
577	-88.02	-150.96	138.99	0	255	0
577	-88.0	-150.96	138.95	0	255	0
577	-87.98	-150.95	138.91	0	255	0
577	-87.96	-150.95	138.87	0	255	0
577	-87.94	-150.95	138.83	0	255	0
577	-87.92	-150.94	138.79	0	255	0
577	-87.9	-150.94	138.75	0	255	0
577	-87.88	-150.94	138.7	0	255	0
577	-87.86	-150.93	138.66	0	255	0
577	-87.84	-150.93	138.61	0	255	0
577	-87.81	-150.93	138.56	0	255	0
577	-87.79	-150.92	138.51	0	255	0
577	-87.77	-150.92	138.46	0	255	0
577	-87.74	-150.92	138.41	0	255	0
577	-87.72	-150.91	138.36	0	255	0
577	-87.69	-150.91	138.3	0	255	0
577	-87.67	-150.9	138.25	0	255	0
577	-87.64	-150.9	138.2	0	255	0
577	-87.61	-150.9	138.14	0	255	0
577	-87.59	-150.89	138.08	0	255	0
577	-87.56	-150.89	138.02	0	255	0
577	-87.53	-150.88	137.97	0	255	0
577	-87.5	-150.88	137.91	0	255	0
577	-87.48	-150.87	137.85	0	255	0
577	-87.45	-150.87	137.79	0	255	0
577	-87.42	-150.86	137.73	0	255	0
577	-87.39	-150.86	137.66	0	255	0
577	-87.36	-150.85	137.6	0	255	0
577	-87.33	-150.85	137.54	0	255	0
577	-87.3	-150.84	137.47	0	255	0
577	-87.27	-150.84	137.41	0	255	0
577	-87.24	-150.84	137.34	0	255	0
577	-87.2	-150.83	137.28	0	255	0
577	-87.17	-150.83	137.21	0	255	0
577	-87.14	-150.82	137.15	0	255	0
577	-87.11	-150.81	137.08	0	255	0
577	-87.08	-150.81	137.01	0	255	0
577	-87.04	-150.8	136.94	0	255	0
577	-87.01	-150.8	136.87	0	255	0
577	-86.98	-150.79	136.81	0	255	0
577	-86.95	-150.79	136.74	0	255	0
577	-86.91	-150.78	136.67	0	255	0
577	-86.88	-150.78	136.6	0	255	0
577	-86.85	-150.77	136.53	0	255	0
577	-86.81	-150.77	136.46	0	255	0
577	-86.78	-150.76	136.39	0	255	0
577	-86.75	-150.76	136.32	0	255	0
577	-86.71	-150.75	136.25	0	255	0
577	-86.68	-150.75	136.18	0	255	0
577	-86.65	-150.74	136.11	0	255	0
577	-86.61	-150.74	136.03	0	255	0
577	-86.58	-150.73	135.96	0	255	0
577	-86.54	-150.73	135.89	0	255	0
577	-86.51	-150.72	135.82	0	255	0
577	-86.48	-150.71	135.75	0	255	0
577	-86.44	-150.71	135.68	0	255	0
577	-86.41	-150.7	135.61	0	255	0
577	-86.38	-150.7	135.54	0	255	0
577	-86.34	-150.69	135.47	0	255	0
577	-86.31	-150.69	135.4	0	255	0
577	-86.28	-150.68	135.33	0	255	0
577	-86.24	-150.68	135.26	0	255	0
577	-86.21	-150.67	135.19	0	255	0
577	-86.18	-150.67	135.12	0	255	0
577	-86.14	-150.66	135.05	0	255	0
577	-86.11	-150.66	134.98	0	255	0
577	-86.08	-150.65	134.91	0	255	0
577	-86.04	-150.65	134.84	0	255	0
577	-86.01	-150.64	134.78	0	255	0
577	-85.98	-150.64	134.71	0	255	0
577	-85.95	-150.63	134.64	0	255	0
577	-85.92	-150.63	134.57	0	255	0
577	-85.88	-150.62	134.51	0	255	0
577	-85.85	-150.62	134.44	0	255	0
577	-85.82	-150.61	134.38	0	255	0
577	-85.79	-150.61	134.31	0	255	0
577	-85.76	-150.6	134.25	0	255	0
577	-85.73	-150.6	134.19	0	255	0
577	-85.7	-150.59	134.12	0	255	0
577	-85.67	-150.59	134.06	0	255	0
577	-85.64	-150.58	134.0	0	255	0
577	-85.61	-150.58	133.94	0	255	0
577	-85.58	-150.57	133.88	0	255	0
577	-85.56	-150.57	133.82	0	255	0
577	-85.53	-150.56	133.76	0	255	0
577	-85.5	-150.56	133.7	0	255	0
577	-85.47	-150.56	133.65	0	255	0
577	-85.45	-150.55	133.59	0	255	0
577	-85.42	-150.55	133.54	0	255	0
577	-85.4	-150.54	133.48	0	255	0
577	-85.37	-150.54	133.43	0	255	0
577	-85.35	-150.54	133.38	0	255	0
577	-85.32	-150.53	133.33	0	255	0
577	-85.3	-150.53	133.28	0	255	0
577	-85.27	-150.52	133.23	0	255	0
577	-85.25	-150.52	133.18	0	255	0
577	-85.23	-150.52	133.13	0	255	0
577	-85.21	-150.51	133.08	0	255	0
577	-85.19	-150.51	133.04	0	255	0
577	-85.16	-150.51	133.0	0	255	0
577	-85.14	-150.5	132.95	0	255	0
577	-85.12	-150.5	132.91	0	255	0
577	-85.11	-150.5	132.87	0	255	0
577	-85.09	-150.49	132.83	0	255	0
577	-85.07	-150.49	132.8	0	255	0
577	-85.05	-150.49	132.76	0	255	0
577	-85.04	-150.49	132.73	0	255	0
577	-85.02	-150.48	132.69	0	255	0
577	-85.0	-150.48	132.66	0	255	0
577	-84.99	-150.48	132.63	0	255	0
577	-84.98	-150.48	132.6	0	255	0
577	-84.96	-150.48	132.57	0	255	0
577	-84.95	-150.47	132.55	0	255	0
577	-84.94	-150.47	132.52	0	255	0
577	-84.93	-150.47	132.5	0	255	0
577	-84.92	-150.47	132.48	0	255	0
577	-84.91	-150.47	132.46	0	255	0
577	-84.9	-150.46	132.44	0	255	0
577	-84.89	-150.46	132.42	0	255	0
577	-84.88	-150.46	132.41	0	255	0
577	-84.88	-150.46	132.39	0	255	0
577	-84.87	-150.46	132.38	0	255	0
577	-84.87	-150.46	132.37	0	255	0
577	-84.86	-150.46	132.36	0	255	0
577	-84.86	-150.46	132.36	0	255	0
577	-84.86	-150.46	132.35	0	255	0
577	-84.86	-150.46	132.35	0	255	0
577	-84.86	-150.46	132.35	0	255	0
577	-84.86	-150.46	132.35	0	255	0
577	-84.86	-150.46	132.35	0	255	0
577	-84.86	-150.46	132.36	0	255	0
577	-84.86	-150.46	132.36	0	255	0
577	-84.87	-150.46	132.37	0	255	0
577	-84.87	-150.46	132.38	0	255	0
577	-84.88	-150.46	132.39	0	255	0
577	-84.88	-150.46	132.4	0	255	0
577	-84.89	-150.46	132.42	0	255	0
577	-84.9	-150.46	132.44	0	255	0
577	-84.91	-150.47	132.45	0	255	0
577	-84.92	-150.47	132.47	0	255	0
577	-84.93	-150.47	132.5	0	255	0
577	-84.94	-150.47	132.52	0	255	0
577	-84.95	-150.47	132.54	0	255	0
577	-84.96	-150.47	132.57	0	255	0
577	-84.97	-150.48	132.6	0	255	0
577	-84.99	-150.48	132.63	0	255	0
577	-85.0	-150.48	132.66	0	255	0
577	-85.02	-150.48	132.69	0	255	0
577	-85.03	-150.49	132.72	0	255	0
577	-85.05	-150.49	132.75	0	255	0
577	-85.07	-150.49	132.79	0	255	0
577	-85.08	-150.49	132.83	0	255	0
577	-85.1	-150.5	132.87	0	255	0
577	-85.12	-150.5	132.91	0	255	0
577	-85.14	-150.5	132.95	0	255	0
577	-85.16	-150.51	132.99	0	255	0
577	-85.18	-150.51	133.03	0	255	0
577	-85.2	-150.51	133.08	0	255	0
577	-85.22	-150.52	133.12	0	255	0
577	-85.25	-150.52	133.17	0	255	0
577	-85.27	-150.52	133.22	0	255	0
577	-85.29	-150.53	133.26	0	255	0
577	-85.32	-150.53	133.31	0	255	0
577	-85.34	-150.53	133.36	0	255	0
577	-85.36	-150.54	133.42	0	255	0
577	-85.39	-150.54	133.47	0	255	0
577	-85.41	-150.55	133.52	0	255	0
577	-85.44	-150.55	133.58	0	255	0
577	-85.47	-150.55	133.63	0	255	0
577	-85.49	-150.56	133.69	0	255	0
577	-85.52	-150.56	133.74	0	255	0
577	-85.55	-150.57	133.8	0	255	0
577	-85.58	-150.57	133.86	0	255	0
577	-85.6	-150.58	133.92	0	255	0
577	-85.63	-150.58	133.98	0	255	0
577	-85.66	-150.59	134.04	0	255	0
577	-85.69	-150.59	134.1	0	255	0
577	-85.72	-150.6	134.16	0	255	0
577	-85.75	-150.6	134.23	0	255	0
577	-85.78	-150.6	134.29	0	255	0
577	-85.81	-150.61	134.35	0	255	0
577	-85.84	-150.61	134.42	0	255	0
577	-85.87	-150.62	134.48	0	255	0
577	-85.9	-150.62	134.55	0	255	0
577	-85.94	-150.63	134.62	0	255	0
577	-85.97	-150.63	134.68	0	255	0
577	-86.0	-150.64	134.75	0	255	0
577	-86.03	-150.64	134.82	0	255	0
577	-86.06	-150.65	134.88	0	255	0
577	-86.1	-150.65	134.95	0	255	0
577	-86.13	-150.66	135.02	0	255	0
577	-86.16	-150.66	135.09	0	255	0
577	-86.19	-150.67	135.16	0	255	0
577	-86.23	-150.68	135.23	0	255	0
577	-86.26	-150.68	135.3	0	255	0
577	-86.29	-150.69	135.37	0	255	0
577	-86.33	-150.69	135.44	0	255	0
577	-86.36	-150.7	135.51	0	255	0
577	-86.39	-150.7	135.58	0	255	0
577	-86.43	-150.71	135.65	0	255	0
577	-86.46	-150.71	135.72	0	255	0
577	-86.49	-150.72	135.79	0	255	0
577	-86.53	-150.72	135.86	0	255	0
577	-86.56	-150.73	135.93	0	255	0
577	-86.59	-150.73	136.0	0	255	0
577	-86.63	-150.74	136.07	0	255	0
577	-86.66	-150.74	136.14	0	255	0
577	-86.7	-150.75	136.21	0	255	0
577	-86.73	-150.75	136.28	0	255	0
577	-86.76	-150.76	136.35	0	255	0
577	-86.8	-150.77	136.42	0	255	0
577	-86.83	-150.77	136.49	0	255	0
577	-86.86	-150.78	136.56	0	255	0
577	-86.89	-150.78	136.63	0	255	0
577	-86.93	-150.79	136.7	0	255	0
577	-86.96	-150.79	136.77	0	255	0
577	-86.99	-150.8	136.83	0	255	0
577	-87.02	-150.8	136.9	0	255	0
577	-87.06	-150.81	136.97	0	255	0
577	-87.09	-150.81	137.04	0	255	0
577	-87.12	-150.82	137.1	0	255	0
577	-87.15	-150.82	137.17	0	255	0
577	-87.18	-150.83	137.24	0	255	0
577	-87.22	-150.83	137.3	0	255	0
577	-87.25	-150.84	137.37	0	255	0
577	-87.28	-150.84	137.43	0	255	0
577	-87.31	-150.85	137.5	0	255	0
577	-87.34	-150.85	137.56	0	255	0
577	-87.37	-150.86	137.62	0	255	0
577	-87.4	-150.86	137.68	0	255	0
577	-87.43	-150.87	137.74	0	255	0
577	-87.46	-150.87	137.81	0	255	0
577	-87.48	-150.87	137.87	0	255	0
577	-87.51	-150.88	137.93	0	255	0
577	-87.54	-150.88	137.98	0	255	0
577	-87.57	-150.89	138.04	0	255	0
577	-87.59	-150.89	138.1	0	255	0
577	-87.62	-150.9	138.15	0	255	0
577	-87.65	-150.9	138.21	0	255	0
577	-87.67	-150.9	138.26	0	255	0
577	-87.7	-150.91	138.32	0	255	0
577	-87.72	-150.91	138.37	0	255	0
577	-87.75	-150.92	138.42	0	255	0
577	-87.77	-150.92	138.47	0	255	0
577	-87.8	-150.92	138.52	0	255	0
577	-87.82	-150.93	138.57	0	255	0
577	-87.84	-150.93	138.62	0	255	0
577	-87.86	-150.93	138.67	0	255	0
577	-87.89	-150.94	138.71	0	255	0
577	-87.91	-150.94	138.75	0	255	0
577	-87.93	-150.94	138.8	0	255	0
577	-87.95	-150.95	138.84	0	255	0
577	-87.97	-150.95	138.88	0	255	0
577	-87.99	-150.95	138.92	0	255	0
577	-88.0	-150.96	138.96	0	255	0
577	-88.02	-150.96	139.0	0	255	0
577	-88.04	-150.96	139.03	0	255	0
577	-88.06	-150.96	139.07	0	255	0
577	-88.07	-150.97	139.1	0	255	0
577	-88.09	-150.97	139.13	0	255	0
577	-88.1	-150.97	139.16	0	255	0
577	-88.11	-150.97	139.19	0	255	0
577	-88.13	-150.98	139.22	0	255	0
577	-88.14	-150.98	139.24	0	255	0
577	-88.15	-150.98	139.27	0	255	0
577	-88.16	-150.98	139.29	0	255	0
577	-88.17	-150.98	139.31	0	255	0
577	-88.18	-150.99	139.33	0	255	0
577	-88.19	-150.99	139.35	0	255	0
577	-88.2	-150.99	139.37	0	255	0
577	-88.21	-150.99	139.38	0	255	0
577	-88.21	-150.99	139.39	0	255	0
577	-88.22	-150.99	139.41	0	255	0
577	-88.22	-150.99	139.42	0	255	0
577	-88.23	-150.99	139.42	0	255	0
577	-88.23	-150.99	139.43	0	255	0
577	-88.23	-150.99	139.44	0	255	0
577	-88.23	-150.99	139.44	0	255	0
577	-88.23	-150.99	139.44	0	255	0
577	-88.23	-150.99	139.44	0	255	0
577	-88.23	-150.99	139.44	0	255	0
577	-88.23	-150.99	139.44	0	255	0
577	-88.23	-150.99	139.44	0	255	0
577	-88.23	-150.99	139.44	0	255	0
577	-88.23	-150.99	139.44	0	255	0
577	-88.23	-150.99	139.44	0	255	0
577	-88.23	-150.99	139.44	0	255	0
577	-88.23	-150.99	139.44	0	255	0
577	-88.23	-150.99	139.44	0	255	0
577	-88.23	-150.99	139.44	0	255	0
577	-88.23	-150.99	139.44	0	255	0
577	-88.23	-150.99	139.44	0	255	0
577	-88.23	-150.99	139.44	0	255	0
577	-88.23	-150.99	139.44	0	255	0
577	-88.23	-150.99	139.44	0	255	0
577	-88.23	-150.99	139.44	0	255	0
577	-88.23	-150.99	139.44	0	255	0
577	-88.23	-150.99	139.44	0	255	0
577	-88.23	-150.99	139.44	0	255	0
577	-88.23	-150.99	139.44	0	255	0
577	-88.23	-150.99	139.44	0	255	0
577	-88.23	-150.99	139.44	0	255	0
577	-88.23	-150.99	139.44	0	255	0
577	-88.23	-150.99	139.44	0	255	0
577	-88.23	-150.99	139.44	0	255	0
577	-88.23	-150.99	139.44	0	255	0
577	-88.23	-150.99	139.44	0	255	0
577	-88.23	-150.99	139.44	0	255	0
577	-88.23	-150.99	139.44	0	255	0
577	-88.23	-150.99	139.44	0	255	0
577	-88.23	-150.99	139.44	0	255	0
577	-88.23	-150.99	139.44	0	255	0
577	-88.23	-150.99	139.44	0	255	0
577	-88.23	-150.99	139.44	0	255	0
577	-88.23	-150.99	139.44	0	255	0
577	-88.23	-150.99	139.44	0	255	0
577	-88.23	-150.99	139.44	0	255	0
577	-88.23	-150.99	139.44	0	255	0
577	-88.23	-150.99	139.44	0	255	0
577	-88.23	-150.99	139.44	0	255	0
577	-88.23	-150.99	139.44	0	255	0
577	-88.23	-150.99	139.44	0	255	0
577	-88.23	-150.99	139.44	0	255	0
577	-88.23	-150.99	139.44	0	255	0
577	-88.23	-150.99	139.44	0	255	0
577	-88.23	-150.99	139.44	0	255	0
577	-88.23	-150.99	139.44	0	255	0
577	-88.23	-150.99	139.44	0	255	0
577	-88.23	-150.99	139.44	0	255	0
577	-88.23	-150.99	139.44	0	255	0
577	-88.23	-150.99	139.44	0	255	0
577	-88.23	-150.99	139.44	0	255	0
577	-88.23	-150.99	139.44	0	255	0
577	-88.23	-150.99	139.44	0	255	0
577	-88.23	-150.99	139.44	0	255	0
577	-88.23	-150.99	139.44	0	255	0
577	-88.23	-150.99	139.44	0	255	0
577	-88.23	-150.99	139.44	0	255	0
577	-88.23	-150.99	139.44	0	255	0
577	-88.23	-150.99	139.44	0	255	0
577	-88.23	-150.99	139.44	0	255	0
577	-88.23	-150.99	139.44	0	255	0
577	-88.23	-150.99	139.44	0	255	0
577	-88.23	-150.99	139.44	0	255	0
577	-88.23	-150.99	139.44	0	255	0
577	-88.23	-150.99	139.44	0	255	0
577	-88.23	-150.99	139.44	0	255	0
577	-88.23	-150.99	139.44	0	255	0
577	-88.23	-150.99	139.44	0	255	0
577	-88.23	-150.99	139.44	0	255	0
577	-88.23	-150.99	139.44	0	255	0
577	-88.23	-150.99	139.44	0	255	0
577	-88.23	-150.99	139.44	0	255	0
577	-88.23	-150.99	139.44	0	255	0
577	-88.23	-150.99	139.44	0	255	0
577	-88.23	-150.99	139.44	0	255	0
577	-88.23	-150.99	139.44	0	255	0
577	-88.23	-150.99	139.44	0	255	0
577	-88.23	-150.99	139.44	0	255	0
577	-88.23	-150.99	139.44	0	255	0
577	-88.23	-150.99	139.44	0	255	0
577	-88.23	-150.99	139.44	0	255	0
577	-88.23	-150.99	139.44	0	255	0
577	-88.23	-150.99	139.44	0	255	0
577	-88.23	-150.99	139.44	0	255	0
577	-88.23	-150.99	139.44	0	255	0
577	-88.23	-150.99	139.44	0	255	0
577	-88.23	-150.99	139.44	0	255	0
577	-88.23	-150.99	139.44	0	255	0
577	-88.23	-150.99	139.44	0	255	0
577	-88.23	-150.99	139.44	0	255	0
577	-88.23	-150.99	139.44	0	255	0
577	-88.23	-150.99	139.44	0	255	0
577	-88.23	-150.99	139.44	0	255	0
577	-88.23	-150.99	139.44	0	255	0
577	-88.23	-150.99	139.44	0	255	0
577	-88.23	-150.99	139.44	0	255	0
577	-88.23	-150.99	139.44	0	255	0
577	-88.23	-150.99	139.44	0	255	0
577	-88.23	-150.99	139.44	0	255	0
577	-88.23	-150.99	139.44	0	255	0
577	-88.23	-150.99	139.44	0	255	0
577	-88.23	-150.99	139.44	0	255	0
577	-88.23	-150.99	139.44	0	255	0
577	-88.23	-150.99	139.44	0	255	0
577	-88.23	-150.99	139.44	0	255	0
577	-88.23	-150.99	139.44	0	255	0
577	-88.23	-150.99	139.44	0	255	0
577	-88.23	-150.99	139.44	0	255	0
577	-88.23	-150.99	139.44	0	255	0
577	-88.23	-150.99	139.44	0	255	0
577	-88.23	-150.99	139.44	0	255	0
577	-88.23	-150.99	139.44	0	255	0
577	-88.23	-150.99	139.44	0	255	0
577	-88.23	-150.99	139.44	0	255	0
577	-88.23	-150.99	139.44	0	255	0
577	-88.23	-150.99	139.44	0	255	0
577	-88.23	-150.99	139.44	0	255	0
577	-88.23	-150.99	139.44	0	255	0
577	-88.23	-150.99	139.44	0	255	0
577	-88.23	-150.99	139.44	0	255	0
577	-88.23	-150.99	139.44	0	255	0
577	-88.23	-150.99	139.44	0	255	0
577	-88.23	-150.99	139.44	0	255	0
577	-88.23	-150.99	139.44	0	255	0
577	-88.23	-150.99	139.44	0	255	0
577	-88.23	-150.99	139.44	0	255	0
577	-88.23	-150.99	139.44	0	255	0
577	-88.23	-150.99	139.44	0	255	0
577	-88.23	-150.99	139.44	0	255	0
577	-88.23	-150.99	139.44	0	255	0
577	-88.23	-150.99	139.44	0	255	0
577	-88.23	-150.99	139.44	0	255	0
577	-88.23	-150.99	139.44	0	255	0
577	-88.23	-150.99	139.44	0	255	0
577	-88.23	-150.99	139.44	0	255	0
577	-88.23	-150.99	139.44	0	255	0
577	-88.23	-150.99	139.44	0	255	0
577	-88.23	-150.99	139.44	0	255	0
577	-88.23	-150.99	139.44	0	255	0
577	-88.23	-150.99	139.44	0	255	0
577	-88.23	-150.99	139.44	0	255	0
577	-88.23	-150.99	139.44	0	255	0
577	-88.23	-150.99	139.44	0	255	0
577	-88.23	-150.99	139.44	0	255	0
577	-88.23	-150.99	139.44	0	255	0
577	-88.23	-150.99	139.44	0	255	0
577	-88.23	-150.99	139.44	0	255	0
