585	-79.84	-149.66	144.33	0	255	0
585	-79.84	-149.66	144.33	0	255	0
585	-79.84	-149.66	144.33	0	255	0
585	-79.83	-149.66	144.33	0	255	0
585	-79.83	-149.66	144.32	0	255	0
585	-79.82	-149.66	144.31	0	255	0
585	-79.82	-149.66	144.3	0	255	0
585	-79.81	-149.66	144.29	0	255	0
585	-79.8	-149.66	144.28	0	255	0
585	-79.79	-149.66	144.27	0	255	0
585	-79.78	-149.65	144.25	0	255	0
585	-79.77	-149.65	144.23	0	255	0
585	-79.76	-149.65	144.22	0	255	0
585	-79.75	-149.65	144.2	0	255	0
585	-79.73	-149.65	144.17	0	255	0
585	-79.72	-149.64	144.15	0	255	0
585	-79.7	-149.64	144.13	0	255	0
585	-79.68	-149.64	144.1	0	255	0
585	-79.66	-149.64	144.07	0	255	0
585	-79.65	-149.63	144.05	0	255	0
585	-79.63	-149.63	144.02	0	255	0
585	-79.61	-149.63	143.99	0	255	0
585	-79.58	-149.62	143.95	0	255	0
585	-79.56	-149.62	143.92	0	255	0
585	-79.54	-149.62	143.89	0	255	0
585	-79.52	-149.61	143.85	0	255	0
585	-79.49	-149.61	143.81	0	255	0
585	-79.47	-149.6	143.78	0	255	0
585	-79.44	-149.6	143.74	0	255	0
585	-79.41	-149.6	143.7	0	255	0
585	-79.39	-149.59	143.66	0	255	0
585	-79.36	-149.59	143.61	0	255	0
585	-79.33	-149.58	143.57	0	255	0
585	-79.3	-149.58	143.53	0	255	0
585	-79.27	-149.57	143.48	0	255	0
585	-79.24	-149.57	143.43	0	255	0
585	-79.21	-149.56	143.39	0	255	0
585	-79.17	-149.56	143.34	0	255	0
585	-79.14	-149.55	143.29	0	255	0
585	-79.11	-149.55	143.24	0	255	0
585	-79.07	-149.54	143.19	0	255	0
585	-79.04	-149.54	143.14	0	255	0
585	-79.01	-149.53	143.09	0	255	0
585	-78.97	-149.53	143.03	0	255	0
585	-78.93	-149.52	142.98	0	255	0
585	-78.9	-149.51	142.92	0	255	0
585	-78.86	-149.51	142.87	0	255	0
585	-78.82	-149.5	142.81	0	255	0
585	-78.79	-149.5	142.76	0	255	0
585	-78.75	-149.49	142.7	0	255	0
585	-78.71	-149.48	142.64	0	255	0
585	-78.67	-149.48	142.58	0	255	0
585	-78.63	-149.47	142.52	0	255	0
585	-78.59	-149.47	142.47	0	255	0
585	-78.55	-149.46	142.41	0	255	0
585	-78.51	-149.45	142.34	0	255	0
585	-78.47	-149.45	142.28	0	255	0
585	-78.43	-149.44	142.22	0	255	0
585	-78.39	-149.43	142.16	0	255	0
585	-78.35	-149.43	142.1	0	255	0
585	-78.31	-149.42	142.04	0	255	0
585	-78.27	-149.41	141.97	0	255	0
585	-78.22	-149.41	141.91	0	255	0
585	-78.18	-149.4	141.85	0	255	0
585	-78.14	-149.39	141.78	0	255	0
585	-78.1	-149.39	141.72	0	255	0
585	-78.05	-149.38	141.66	0	255	0
585	-78.01	-149.37	141.59	0	255	0
585	-77.97	-149.37	141.53	0	255	0
585	-77.92	-149.36	141.46	0	255	0
585	-77.88	-149.35	141.4	0	255	0
585	-77.84	-149.35	141.33	0	255	0
585	-77.79	-149.34	141.27	0	255	0
585	-77.75	-149.33	141.2	0	255	0
585	-77.71	-149.33	141.14	0	255	0
585	-77.66	-149.32	141.07	0	255	0
585	-77.62	-149.31	141.01	0	255	0
585	-77.58	-149.31	140.94	0	255	0
585	-77.53	-149.3	140.87	0	255	0
585	-77.49	-149.29	140.81	0	255	0
585	-77.45	-149.28	140.74	0	255	0
585	-77.4	-149.28	140.68	0	255	0
585	-77.36	-149.27	140.61	0	255	0
585	-77.32	-149.26	140.55	0	255	0
585	-77.27	-149.26	140.49	0	255	0
585	-77.23	-149.25	140.42	0	255	0
585	-77.19	-149.24	140.36	0	255	0
585	-77.15	-149.24	140.29	0	255	0
585	-77.1	-149.23	140.23	0	255	0
585	-77.06	-149.22	140.17	0	255	0
585	-77.02	-149.22	140.1	0	255	0
585	-76.98	-149.21	140.04	0	255	0
585	-76.94	-149.2	139.98	0	255	0
585	-76.9	-149.2	139.92	0	255	0
585	-76.86	-149.19	139.86	0	255	0
585	-76.81	-149.18	139.8	0	255	0
585	-76.77	-149.18	139.74	0	255	0
585	-76.73	-149.17	139.68	0	255	0
585	-76.7	-149.17	139.62	0	255	0
585	-76.66	-149.16	139.56	0	255	0
585	-76.62	-149.15	139.5	0	255	0
585	-76.58	-149.15	139.44	0	255	0
585	-76.54	-149.14	139.38	0	255	0
585	-76.5	-149.14	139.33	0	255	0
585	-76.47	-149.13	139.27	0	255	0
585	-76.43	-149.12	139.22	0	255	0
585	-76.39	-149.12	139.16	0	255	0
585	-76.36	-149.11	139.11	0	255	0
585	-76.32	-149.11	139.06	0	255	0
585	-76.29	-149.1	139.0	0	255	0
585	-76.25	-149.1	138.95	0	255	0
585	-76.22	-149.09	138.9	0	255	0
585	-76.19	-149.08	138.85	0	255	0
585	-76.15	-149.08	138.8	0	255	0
585	-76.12	-149.07	138.75	0	255	0
585	-76.09	-149.07	138.71	0	255	0
585	-76.06	-149.06	138.66	0	255	0
585	-76.03	-149.06	138.62	0	255	0
585	-76.0	-149.06	138.57	0	255	0
585	-75.97	-149.05	138.53	0	255	0
585	-75.94	-149.05	138.49	0	255	0
585	-75.91	-149.04	138.44	0	255	0
585	-75.89	-149.04	138.4	0	255	0
585	-75.86	-149.03	138.37	0	255	0
585	-75.84	-149.03	138.33	0	255	0
585	-75.81	-149.03	138.29	0	255	0
585	-75.79	-149.02	138.25	0	255	0
585	-75.77	-149.02	138.22	0	255	0
585	-75.74	-149.01	138.19	0	255	0
585	-75.72	-149.01	138.15	0	255	0
585	-75.7	-149.01	138.12	0	255	0
585	-75.68	-149.01	138.09	0	255	0
585	-75.66	-149.0	138.07	0	255	0
585	-75.64	-149.0	138.04	0	255	0
585	-75.63	-149.0	138.01	0	255	0
585	-75.61	-148.99	137.99	0	255	0
585	-75.6	-148.99	137.97	0	255	0
585	-75.58	-148.99	137.95	0	255	0
585	-75.57	-148.99	137.93	0	255	0
585	-75.56	-148.99	137.91	0	255	0
585	-75.55	-148.98	137.89	0	255	0
585	-75.54	-148.98	137.87	0	255	0
585	-75.53	-148.98	137.86	0	255	0
585	-75.52	-148.98	137.85	0	255	0
585	-75.51	-148.98	137.84	0	255	0
585	-75.5	-148.98	137.83	0	255	0
585	-75.5	-148.98	137.82	0	255	0
585	-75.5	-148.98	137.81	0	255	0
585	-75.49	-148.98	137.81	0	255	0
585	-75.49	-148.97	137.81	0	255	0
585	-75.49	-148.97	137.81	0	255	0
585	-75.49	-148.97	137.81	0	255	0
585	-75.49	-148.98	137.81	0	255	0
585	-75.5	-148.98	137.81	0	255	0
585	-75.5	-148.98	137.82	0	255	0
585	-75.5	-148.98	137.83	0	255	0
585	-75.51	-148.98	137.84	0	255	0
585	-75.52	-148.98	137.85	0	255	0
585	-75.53	-148.98	137.86	0	255	0
585	-75.53	-148.98	137.87	0	255	0
585	-75.54	-148.98	137.89	0	255	0
585	-75.56	-148.99	137.91	0	255	0
585	-75.57	-148.99	137.92	0	255	0
585	-75.58	-148.99	137.94	0	255	0
585	-75.6	-148.99	137.96	0	255	0
585	-75.61	-148.99	137.99	0	255	0
585	-75.63	-149.0	138.01	0	255	0
585	-75.64	-149.0	138.04	0	255	0
585	-75.66	-149.0	138.06	0	255	0
585	-75.68	-149.0	138.09	0	255	0
585	-75.7	-149.01	138.12	0	255	0
585	-75.72	-149.01	138.15	0	255	0
585	-75.74	-149.01	138.18	0	255	0
585	-75.76	-149.02	138.21	0	255	0
585	-75.78	-149.02	138.25	0	255	0
585	-75.81	-149.03	138.28	0	255	0
585	-75.83	-149.03	138.32	0	255	0
585	-75.86	-149.03	138.36	0	255	0
585	-75.88	-149.04	138.4	0	255	0
585	-75.91	-149.04	138.44	0	255	0
585	-75.94	-149.05	138.48	0	255	0
585	-75.96	-149.05	138.52	0	255	0
585	-75.99	-149.05	138.56	0	255	0
585	-76.02	-149.06	138.61	0	255	0
585	-76.05	-149.06	138.65	0	255	0
585	-76.08	-149.07	138.7	0	255	0
585	-76.11	-149.07	138.74	0	255	0
585	-76.15	-149.08	138.79	0	255	0
585	-76.18	-149.08	138.84	0	255	0
585	-76.21	-149.09	138.89	0	255	0
585	-76.24	-149.09	138.94	0	255	0
585	-76.28	-149.1	138.99	0	255	0
585	-76.31	-149.1	139.04	0	255	0
585	-76.35	-149.11	139.09	0	255	0
585	-76.38	-149.12	139.15	0	255	0
585	-76.42	-149.12	139.2	0	255	0
585	-76.45	-149.13	139.25	0	255	0
585	-76.49	-149.13	139.31	0	255	0
585	-76.53	-149.14	139.37	0	255	0
585	-76.57	-149.15	139.42	0	255	0
585	-76.6	-149.15	139.48	0	255	0
585	-76.64	-149.16	139.54	0	255	0
585	-76.68	-149.16	139.6	0	255	0
585	-76.72	-149.17	139.65	0	255	0
585	-76.76	-149.18	139.71	0	255	0
585	-76.8	-149.18	139.77	0	255	0
585	-76.84	-149.19	139.83	0	255	0
585	-76.88	-149.2	139.89	0	255	0
585	-76.92	-149.2	139.96	0	255	0
585	-76.96	-149.21	140.02	0	255	0
585	-77.0	-149.21	140.08	0	255	0
585	-77.05	-149.22	140.14	0	255	0
585	-77.09	-149.23	140.2	0	255	0
585	-77.13	-149.23	140.27	0	255	0
585	-77.17	-149.24	140.33	0	255	0
585	-77.21	-149.25	140.39	0	255	0
585	-77.26	-149.25	140.46	0	255	0
585	-77.3	-149.26	140.52	0	255	0
585	-77.34	-149.27	140.59	0	255	0
585	-77.38	-149.27	140.65	0	255	0
585	-77.43	-149.28	140.71	0	255	0
585	-77.47	-149.29	140.78	0	255	0
585	-77.51	-149.3	140.84	0	255	0
585	-77.56	-149.3	140.91	0	255	0
585	-77.6	-149.31	140.97	0	255	0
585	-77.64	-149.32	141.04	0	255	0
585	-77.69	-149.32	141.1	0	255	0
585	-77.73	-149.33	141.17	0	255	0
585	-77.77	-149.34	141.23	0	255	0
585	-77.81	-149.34	141.3	0	255	0
585	-77.86	-149.35	141.36	0	255	0
585	-77.9	-149.36	141.43	0	255	0
585	-77.94	-149.36	141.49	0	255	0
585	-77.99	-149.37	141.56	0	255	0
585	-78.03	-149.38	141.62	0	255	0
585	-78.07	-149.38	141.68	0	255	0
585	-78.11	-149.39	141.75	0	255	0
585	-78.16	-149.4	141.81	0	255	0
585	-78.2	-149.4	141.87	0	255	0
585	-78.24	-149.41	141.94	0	255	0
585	-78.28	-149.42	142.0	0	255	0
585	-78.32	-149.42	142.06	0	255	0
585	-78.37	-149.43	142.12	0	255	0
585	-78.41	-149.44	142.18	0	255	0
585	-78.45	-149.44	142.25	0	255	0
585	-78.49	-149.45	142.31	0	255	0
585	-78.53	-149.46	142.37	0	255	0
585	-78.57	-149.46	142.43	0	255	0
585	-78.61	-149.47	142.49	0	255	0
585	-78.65	-149.47	142.54	0	255	0
585	-78.68	-149.48	142.6	0	255	0
585	-78.72	-149.49	142.66	0	255	0
585	-78.76	-149.49	142.72	0	255	0
585	-78.8	-149.5	142.77	0	255	0
585	-78.84	-149.5	142.83	0	255	0
585	-78.87	-149.51	142.89	0	255	0
585	-78.91	-149.52	142.94	0	255	0
585	-78.95	-149.52	142.99	0	255	0
585	-78.98	-149.53	143.05	0	255	0
585	-79.02	-149.53	143.1	0	255	0
585	-79.05	-149.54	143.15	0	255	0
585	-79.08	-149.54	143.2	0	255	0
585	-79.12	-149.55	143.25	0	255	0
585	-79.15	-149.55	143.3	0	255	0
585	-79.18	-149.56	143.35	0	255	0
585	-79.21	-149.56	143.4	0	255	0
585	-79.25	-149.57	143.44	0	255	0
585	-79.28	-149.57	143.49	0	255	0
585	-79.31	-149.58	143.54	0	255	0
585	-79.33	-149.58	143.58	0	255	0
585	-79.36	-149.59	143.62	0	255	0
585	-79.39	-149.59	143.66	0	255	0
585	-79.42	-149.6	143.7	0	255	0
585	-79.44	-149.6	143.74	0	255	0
585	-79.47	-149.61	143.78	0	255	0
585	-79.5	-149.61	143.82	0	255	0
585	-79.52	-149.61	143.86	0	255	0
585	-79.54	-149.62	143.89	0	255	0
585	-79.57	-149.62	143.93	0	255	0
585	-79.59	-149.62	143.96	0	255	0
585	-79.61	-149.63	143.99	0	255	0
585	-79.63	-149.63	144.02	0	255	0
585	-79.65	-149.63	144.05	0	255	0
585	-79.67	-149.64	144.08	0	255	0
585	-79.68	-149.64	144.1	0	255	0
585	-79.7	-149.64	144.13	0	255	0
585	-79.72	-149.64	144.15	0	255	0
585	-79.73	-149.65	144.18	0	255	0
585	-79.75	-149.65	144.2	0	255	0
585	-79.76	-149.65	144.22	0	255	0
585	-79.77	-149.65	144.24	0	255	0
585	-79.78	-149.65	144.25	0	255	0
585	-79.79	-149.66	144.27	0	255	0
585	-79.8	-149.66	144.28	0	255	0
585	-79.81	-149.66	144.29	0	255	0
585	-79.82	-149.66	144.3	0	255	0
585	-79.82	-149.66	144.31	0	255	0
585	-79.83	-149.66	144.32	0	255	0
585	-79.83	-149.66	144.33	0	255	0
585	-79.84	-149.66	144.33	0	255	0
585	-79.84	-149.66	144.33	0	255	0
585	-79.84	-149.66	144.33	0	255	0
585	-79.84	-149.66	144.33	0	255	0
585	-79.84	-149.66	144.33	0	255	0
585	-79.84	-149.66	144.33	0	255	0
585	-79.84	-149.66	144.33	0	255	0
585	-79.84	-149.66	144.33	0	255	0
585	-79.84	-149.66	144.33	0	255	0
585	-79.84	-149.66	144.33	0	255	0
585	-79.84	-149.66	144.33	0	255	0
585	-79.84	-149.66	144.33	0	255	0
585	-79.84	-149.66	144.33	0	255	0
585	-79.84	-149.66	144.33	0	255	0
585	-79.84	-149.66	144.33	0	255	0
585	-79.84	-149.66	144.33	0	255	0
585	-79.84	-149.66	144.33	0	255	0
585	-79.84	-149.66	144.33	0	255	0
585	-79.84	-149.66	144.33	0	255	0
585	-79.84	-149.66	144.33	0	255	0
585	-79.84	-149.66	144.33	0	255	0
585	-79.84	-149.66	144.33	0	255	0
585	-79.84	-149.66	144.33	0	255	0
585	-79.84	-149.66	144.33	0	255	0
585	-79.84	-149.66	144.33	0	255	0
585	-79.84	-149.66	144.33	0	255	0
585	-79.84	-149.66	144.33	0	255	0
585	-79.84	-149.66	144.33	0	255	0
585	-79.84	-149.66	144.33	0	255	0
585	-79.84	-149.66	144.33	0	255	0
585	-79.84	-149.66	144.33	0	255	0
585	-79.84	-149.66	144.33	0	255	0
585	-79.84	-149.66	144.33	0	255	0
585	-79.84	-149.66	144.33	0	255	0
585	-79.84	-149.66	144.33	0	255	0
585	-79.84	-149.66	144.33	0	255	0
585	-79.84	-149.66	144.33	0	255	0
585	-79.84	-149.66	144.33	0	255	0
585	-79.84	-149.66	144.33	0	255	0
585	-79.84	-149.66	144.33	0	255	0
585	-79.84	-149.66	144.33	0	255	0
585	-79.84	-149.66	144.33	0	255	0
585	-79.84	-149.66	144.33	0	255	0
585	-79.84	-149.66	144.33	0	255	0
585	-79.84	-149.66	144.33	0	255	0
585	-79.84	-149.66	144.33	0	255	0
585	-79.84	-149.66	144.33	0	255	0
585	-79.84	-149.66	144.33	0	255	0
585	-79.84	-149.66	144.33	0	255	0
585	-79.84	-149.66	144.33	0	255	0
585	-79.84	-149.66	144.33	0	255	0
585	-79.84	-149.66	144.33	0	255	0
585	-79.84	-149.66	144.33	0	255	0
585	-79.84	-149.66	144.33	0	255	0
585	-79.84	-149.66	144.33	0	255	0
585	-79.84	-149.66	144.33	0	255	0
585	-79.84	-149.66	144.33	0	255	0
585	-79.84	-149.66	144.33	0	255	0
585	-79.84	-149.66	144.33	0	255	0
585	-79.84	-149.66	144.33	0	255	0
585	-79.84	-149.66	144.33	0	255	0
585	-79.84	-149.66	144.33	0	255	0
585	-79.84	-149.66	144.33	0	255	0
585	-79.84	-149.66	144.33	0	255	0
585	-79.84	-149.66	144.33	0	255	0
585	-79.84	-149.66	144.33	0	255	0
585	-79.84	-149.66	144.33	0	255	0
585	-79.84	-149.66	144.33	0	255	0
585	-79.84	-149.66	144.33	0	255	0
585	-79.84	-149.66	144.33	0	255	0
585	-79.84	-149.66	144.33	0	255	0
585	-79.84	-149.66	144.33	0	255	0
585	-79.84	-149.66	144.33	0	255	0
585	-79.84	-149.66	144.33	0	255	0
585	-79.84	-149.66	144.33	0	255	0
585	-79.84	-149.66	144.33	0	255	0
585	-79.84	-149.66	144.33	0	255	0
585	-79.84	-149.66	144.33	0	255	0
585	-79.84	-149.66	144.33	0	255	0
585	-79.84	-149.66	144.33	0	255	0
585	-79.84	-149.66	144.33	0	255	0
585	-79.84	-149.66	144.33	0	255	0
585	-79.84	-149.66	144.33	0	255	0
585	-79.84	-149.66	144.33	0	255	0
585	-79.84	-149.66	144.33	0	255	0
585	-79.84	-149.66	144.33	0	255	0
585	-79.84	-149.66	144.33	0	255	0
585	-79.84	-149.66	144.33	0	255	0
585	-79.84	-149.66	144.33	0	255	0
585	-79.84	-149.66	144.33	0	255	0
585	-79.84	-149.66	144.33	0	255	0
585	-79.84	-149.66	144.33	0	255	0
585	-79.84	-149.66	144.33	0	255	0
585	-79.84	-149.66	144.33	0	255	0
585	-79.84	-149.66	144.33	0	255	0
585	-79.84	-149.66	144.33	0	255	0
585	-79.84	-149.66	144.33	0	255	0
585	-79.84	-149.66	144.33	0	255	0
585	-79.84	-149.66	144.33	0	255	0
585	-79.84	-149.66	144.33	0	255	0
585	-79.84	-149.66	144.33	0	255	0
585	-79.84	-149.66	144.33	0	255	0
585	-79.84	-149.66	144.33	0	255	0
585	-79.84	-149.66	144.33	0	255	0
585	-79.84	-149.66	144.33	0	255	0
585	-79.84	-149.66	144.33	0	255	0
585	-79.84	-149.66	144.33	0	255	0
585	-79.84	-149.66	144.33	0	255	0
585	-79.84	-149.66	144.33	0	255	0
585	-79.84	-149.66	144.33	0	255	0
585	-79.84	-149.66	144.33	0	255	0
585	-79.84	-149.66	144.33	0	255	0
585	-79.84	-149.66	144.33	0	255	0
585	-79.84	-149.66	144.33	0	255	0
585	-79.84	-149.66	144.33	0	255	0
585	-79.84	-149.66	144.33	0	255	0
585	-79.84	-149.66	144.33	0	255	0
585	-79.84	-149.66	144.33	0	255	0
585	-79.84	-149.66	144.33	0	255	0
585	-79.84	-149.66	144.33	0	255	0
585	-79.84	-149.66	144.33	0	255	0
585	-79.84	-149.66	144.33	0	255	0
585	-79.84	-149.66	144.33	0	255	0
585	-79.84	-149.66	144.33	0	255	0
585	-79.84	-149.66	144.33	0	255	0
585	-79.84	-149.66	144.33	0	255	0
585	-79.84	-149.66	144.33	0	255	0
585	-79.84	-149.66	144.33	0	255	0
585	-79.84	-149.66	144.33	0	255	0
585	-79.84	-149.66	144.33	0	255	0
585	-79.84	-149.66	144.33	0	255	0
585	-79.84	-149.66	144.33	0	255	0
585	-79.84	-149.66	144.33	0	255	0
585	-79.84	-149.66	144.33	0	255	0
585	-79.84	-149.66	144.33	0	255	0
585	-79.84	-149.66	144.33	0	255	0
585	-79.84	-149.66	144.33	0	255	0
585	-79.84	-149.66	144.33	0	255	0
585	-79.84	-149.66	144.33	0	255	0
585	-79.84	-149.66	144.33	0	255	0
585	-79.84	-149.66	144.33	0	255	0
585	-79.84	-149.66	144.33	0	255	0
585	-79.84	-149.66	144.33	0	255	0
585	-79.84	-149.66	144.33	0	255	0
585	-79.84	-149.66	144.33	0	255	0
585	-79.84	-149.66	144.33	0	255	0
585	-79.84	-149.66	144.33	0	255	0
585	-79.84	-149.66	144.33	0	255	0
585	-79.84	-149.66	144.33	0	255	0
585	-79.84	-149.66	144.33	0	255	0
585	-79.84	-149.66	144.33	0	255	0
585	-79.84	-149.66	144.33	0	255	0
