587	-82.48	-150.08	142.79	0	255	0
587	-82.48	-150.08	142.79	0	255	0
587	-82.48	-150.08	142.79	0	255	0
587	-82.48	-150.08	142.78	0	255	0
587	-82.48	-150.08	142.78	0	255	0
587	-82.47	-150.08	142.77	0	255	0
587	-82.46	-150.08	142.76	0	255	0
587	-82.46	-150.08	142.75	0	255	0
587	-82.45	-150.08	142.74	0	255	0
587	-82.44	-150.08	142.72	0	255	0
587	-82.43	-150.07	142.71	0	255	0
587	-82.42	-150.07	142.69	0	255	0
587	-82.41	-150.07	142.67	0	255	0
587	-82.4	-150.07	142.65	0	255	0
587	-82.38	-150.07	142.63	0	255	0
587	-82.37	-150.06	142.6	0	255	0
587	-82.36	-150.06	142.58	0	255	0
587	-82.34	-150.06	142.55	0	255	0
587	-82.32	-150.06	142.53	0	255	0
587	-82.31	-150.05	142.5	0	255	0
587	-82.29	-150.05	142.47	0	255	0
587	-82.27	-150.05	142.43	0	255	0
587	-82.25	-150.05	142.4	0	255	0
587	-82.23	-150.04	142.37	0	255	0
587	-82.21	-150.04	142.33	0	255	0
587	-82.18	-150.04	142.3	0	255	0
587	-82.16	-150.03	142.26	0	255	0
587	-82.14	-150.03	142.22	0	255	0
587	-82.11	-150.02	142.18	0	255	0
587	-82.09	-150.02	142.14	0	255	0
587	-82.06	-150.02	142.09	0	255	0
587	-82.04	-150.01	142.05	0	255	0
587	-82.01	-150.01	142.01	0	255	0
587	-81.98	-150.0	141.96	0	255	0
587	-81.95	-150.0	141.91	0	255	0
587	-81.93	-149.99	141.87	0	255	0
587	-81.9	-149.99	141.82	0	255	0
587	-81.87	-149.98	141.77	0	255	0
587	-81.84	-149.98	141.72	0	255	0
587	-81.81	-149.98	141.67	0	255	0
587	-81.77	-149.97	141.62	0	255	0
587	-81.74	-149.97	141.56	0	255	0
587	-81.71	-149.96	141.51	0	255	0
587	-81.68	-149.95	141.46	0	255	0
587	-81.64	-149.95	141.4	0	255	0
587	-81.61	-149.94	141.34	0	255	0
587	-81.58	-149.94	141.29	0	255	0
587	-81.54	-149.93	141.23	0	255	0
587	-81.51	-149.93	141.17	0	255	0
587	-81.47	-149.92	141.11	0	255	0
587	-81.44	-149.92	141.05	0	255	0
587	-81.4	-149.91	140.99	0	255	0
587	-81.36	-149.9	140.93	0	255	0
587	-81.33	-149.9	140.87	0	255	0
587	-81.29	-149.89	140.81	0	255	0
587	-81.25	-149.89	140.75	0	255	0
587	-81.21	-149.88	140.69	0	255	0
587	-81.18	-149.88	140.62	0	255	0
587	-81.14	-149.87	140.56	0	255	0
587	-81.1	-149.86	140.5	0	255	0
587	-81.06	-149.86	140.43	0	255	0
587	-81.02	-149.85	140.37	0	255	0
587	-80.98	-149.84	140.3	0	255	0
587	-80.94	-149.84	140.24	0	255	0
587	-80.9	-149.83	140.17	0	255	0
587	-80.86	-149.83	140.11	0	255	0
587	-80.82	-149.82	140.04	0	255	0
587	-80.78	-149.81	139.97	0	255	0
587	-80.74	-149.81	139.91	0	255	0
587	-80.7	-149.8	139.84	0	255	0
587	-80.66	-149.79	139.77	0	255	0
587	-80.62	-149.79	139.71	0	255	0
587	-80.58	-149.78	139.64	0	255	0
587	-80.54	-149.78	139.57	0	255	0
587	-80.5	-149.77	139.51	0	255	0
587	-80.46	-149.76	139.44	0	255	0
587	-80.42	-149.76	139.37	0	255	0
587	-80.38	-149.75	139.31	0	255	0
587	-80.34	-149.74	139.24	0	255	0
587	-80.3	-149.74	139.17	0	255	0
587	-80.26	-149.73	139.1	0	255	0
587	-80.22	-149.72	139.04	0	255	0
587	-80.18	-149.72	138.97	0	255	0
587	-80.14	-149.71	138.91	0	255	0
587	-80.1	-149.71	138.84	0	255	0
587	-80.06	-149.7	138.77	0	255	0
587	-80.02	-149.69	138.71	0	255	0
587	-79.98	-149.69	138.64	0	255	0
587	-79.94	-149.68	138.58	0	255	0
587	-79.9	-149.67	138.51	0	255	0
587	-79.86	-149.67	138.45	0	255	0
587	-79.83	-149.66	138.38	0	255	0
587	-79.79	-149.66	138.32	0	255	0
587	-79.75	-149.65	138.26	0	255	0
587	-79.71	-149.64	138.19	0	255	0
587	-79.67	-149.64	138.13	0	255	0
587	-79.64	-149.63	138.07	0	255	0
587	-79.6	-149.63	138.01	0	255	0
587	-79.56	-149.62	137.95	0	255	0
587	-79.53	-149.61	137.89	0	255	0
587	-79.49	-149.61	137.83	0	255	0
587	-79.45	-149.6	137.77	0	255	0
587	-79.42	-149.6	137.71	0	255	0
587	-79.38	-149.59	137.65	0	255	0
587	-79.35	-149.59	137.59	0	255	0
587	-79.31	-149.58	137.54	0	255	0
587	-79.28	-149.58	137.48	0	255	0
587	-79.25	-149.57	137.42	0	255	0
587	-79.21	-149.56	137.37	0	255	0
587	-79.18	-149.56	137.32	0	255	0
587	-79.15	-149.55	137.26	0	255	0
587	-79.12	-149.55	137.21	0	255	0
587	-79.09	-149.54	137.16	0	255	0
587	-79.06	-149.54	137.11	0	255	0
587	-79.03	-149.54	137.06	0	255	0
587	-79.0	-149.53	137.01	0	255	0
587	-78.97	-149.53	136.96	0	255	0
587	-78.94	-149.52	136.92	0	255	0
587	-78.91	-149.52	136.87	0	255	0
587	-78.89	-149.51	136.83	0	255	0
587	-78.86	-149.51	136.78	0	255	0
587	-78.84	-149.5	136.74	0	255	0
587	-78.81	-149.5	136.7	0	255	0
587	-78.79	-149.5	136.66	0	255	0
587	-78.76	-149.49	136.62	0	255	0
587	-78.74	-149.49	136.58	0	255	0
587	-78.72	-149.49	136.55	0	255	0
587	-78.7	-149.48	136.51	0	255	0
587	-78.68	-149.48	136.48	0	255	0
587	-78.66	-149.48	136.44	0	255	0
587	-78.64	-149.47	136.41	0	255	0
587	-78.62	-149.47	136.38	0	255	0
587	-78.6	-149.47	136.35	0	255	0
587	-78.59	-149.47	136.33	0	255	0
587	-78.57	-149.46	136.3	0	255	0
587	-78.55	-149.46	136.27	0	255	0
587	-78.54	-149.46	136.25	0	255	0
587	-78.53	-149.46	136.23	0	255	0
587	-78.52	-149.45	136.21	0	255	0
587	-78.5	-149.45	136.19	0	255	0
587	-78.49	-149.45	136.17	0	255	0
587	-78.48	-149.45	136.16	0	255	0
587	-78.47	-149.45	136.14	0	255	0
587	-78.47	-149.45	136.13	0	255	0
587	-78.46	-149.45	136.12	0	255	0
587	-78.45	-149.44	136.11	0	255	0
587	-78.45	-149.44	136.1	0	255	0
587	-78.45	-149.44	136.09	0	255	0
587	-78.44	-149.44	136.09	0	255	0
587	-78.44	-149.44	136.09	0	255	0
587	-78.44	-149.44	136.09	0	255	0
587	-78.44	-149.44	136.09	0	255	0
587	-78.44	-149.44	136.09	0	255	0
587	-78.45	-149.44	136.09	0	255	0
587	-78.45	-149.44	136.1	0	255	0
587	-78.45	-149.44	136.11	0	255	0
587	-78.46	-149.45	136.12	0	255	0
587	-78.47	-149.45	136.13	0	255	0
587	-78.47	-149.45	136.14	0	255	0
587	-78.48	-149.45	136.16	0	255	0
587	-78.49	-149.45	136.17	0	255	0
587	-78.5	-149.45	136.19	0	255	0
587	-78.51	-149.45	136.21	0	255	0
587	-78.53	-149.46	136.23	0	255	0
587	-78.54	-149.46	136.25	0	255	0
587	-78.55	-149.46	136.27	0	255	0
587	-78.57	-149.46	136.3	0	255	0
587	-78.58	-149.46	136.32	0	255	0
587	-78.6	-149.47	136.35	0	255	0
587	-78.62	-149.47	136.38	0	255	0
587	-78.64	-149.47	136.41	0	255	0
587	-78.65	-149.48	136.44	0	255	0
587	-78.67	-149.48	136.47	0	255	0
587	-78.69	-149.48	136.51	0	255	0
587	-78.72	-149.49	136.54	0	255	0
587	-78.74	-149.49	136.58	0	255	0
587	-78.76	-149.49	136.61	0	255	0
587	-78.78	-149.5	136.65	0	255	0
587	-78.81	-149.5	136.69	0	255	0
587	-78.83	-149.5	136.73	0	255	0
587	-78.86	-149.51	136.78	0	255	0
587	-78.88	-149.51	136.82	0	255	0
587	-78.91	-149.52	136.86	0	255	0
587	-78.94	-149.52	136.91	0	255	0
587	-78.96	-149.52	136.95	0	255	0
587	-78.99	-149.53	137.0	0	255	0
587	-79.02	-149.53	137.05	0	255	0
587	-79.05	-149.54	137.1	0	255	0
587	-79.08	-149.54	137.15	0	255	0
587	-79.11	-149.55	137.2	0	255	0
587	-79.14	-149.55	137.25	0	255	0
587	-79.17	-149.56	137.3	0	255	0
587	-79.21	-149.56	137.35	0	255	0
587	-79.24	-149.57	137.41	0	255	0
587	-79.27	-149.57	137.46	0	255	0
587	-79.3	-149.58	137.52	0	255	0
587	-79.34	-149.58	137.57	0	255	0
587	-79.37	-149.59	137.63	0	255	0
587	-79.41	-149.6	137.69	0	255	0
587	-79.44	-149.6	137.75	0	255	0
587	-79.48	-149.61	137.81	0	255	0
587	-79.51	-149.61	137.86	0	255	0
587	-79.55	-149.62	137.92	0	255	0
587	-79.59	-149.62	137.99	0	255	0
587	-79.62	-149.63	138.05	0	255	0
587	-79.66	-149.64	138.11	0	255	0
587	-79.7	-149.64	138.17	0	255	0
587	-79.73	-149.65	138.23	0	255	0
587	-79.77	-149.65	138.29	0	255	0
587	-79.81	-149.66	138.36	0	255	0
587	-79.85	-149.67	138.42	0	255	0
587	-79.89	-149.67	138.49	0	255	0
587	-79.93	-149.68	138.55	0	255	0
587	-79.97	-149.68	138.61	0	255	0
587	-80.0	-149.69	138.68	0	255	0
587	-80.04	-149.7	138.74	0	255	0
587	-80.08	-149.7	138.81	0	255	0
587	-80.12	-149.71	138.88	0	255	0
587	-80.16	-149.71	138.94	0	255	0
587	-80.2	-149.72	139.01	0	255	0
587	-80.24	-149.73	139.07	0	255	0
587	-80.28	-149.73	139.14	0	255	0
587	-80.32	-149.74	139.21	0	255	0
587	-80.36	-149.75	139.27	0	255	0
587	-80.4	-149.75	139.34	0	255	0
587	-80.44	-149.76	139.41	0	255	0
587	-80.48	-149.77	139.47	0	255	0
587	-80.52	-149.77	139.54	0	255	0
587	-80.56	-149.78	139.61	0	255	0
587	-80.6	-149.78	139.67	0	255	0
587	-80.64	-149.79	139.74	0	255	0
587	-80.68	-149.8	139.81	0	255	0
587	-80.72	-149.8	139.87	0	255	0
587	-80.76	-149.81	139.94	0	255	0
587	-80.8	-149.82	140.0	0	255	0
587	-80.84	-149.82	140.07	0	255	0
587	-80.88	-149.83	140.13	0	255	0
587	-80.92	-149.83	140.2	0	255	0
587	-80.96	-149.84	140.26	0	255	0
587	-81.0	-149.85	140.33	0	255	0
587	-81.04	-149.85	140.39	0	255	0
587	-81.08	-149.86	140.46	0	255	0
587	-81.11	-149.87	140.52	0	255	0
587	-81.15	-149.87	140.58	0	255	0
587	-81.19	-149.88	140.65	0	255	0
587	-81.23	-149.88	140.71	0	255	0
587	-81.27	-149.89	140.77	0	255	0
587	-81.3	-149.9	140.83	0	255	0
587	-81.34	-149.9	140.89	0	255	0
587	-81.38	-149.91	140.95	0	255	0
587	-81.41	-149.91	141.01	0	255	0
587	-81.45	-149.92	141.07	0	255	0
587	-81.48	-149.92	141.13	0	255	0
587	-81.52	-149.93	141.19	0	255	0
587	-81.55	-149.93	141.25	0	255	0
587	-81.59	-149.94	141.3	0	255	0
587	-81.62	-149.95	141.36	0	255	0
587	-81.65	-149.95	141.42	0	255	0
587	-81.69	-149.96	141.47	0	255	0
587	-81.72	-149.96	141.52	0	255	0
587	-81.75	-149.97	141.58	0	255	0
587	-81.78	-149.97	141.63	0	255	0
587	-81.81	-149.98	141.68	0	255	0
587	-81.84	-149.98	141.73	0	255	0
587	-81.87	-149.99	141.78	0	255	0
587	-81.9	-149.99	141.83	0	255	0
587	-81.93	-150.0	141.88	0	255	0
587	-81.96	-150.0	141.93	0	255	0
587	-81.99	-150.0	141.97	0	255	0
587	-82.02	-150.01	142.02	0	255	0
587	-82.04	-150.01	142.06	0	255	0
587	-82.07	-150.02	142.1	0	255	0
587	-82.09	-150.02	142.15	0	255	0
587	-82.12	-150.02	142.19	0	255	0
587	-82.14	-150.03	142.23	0	255	0
587	-82.17	-150.03	142.26	0	255	0
587	-82.19	-150.04	142.3	0	255	0
587	-82.21	-150.04	142.34	0	255	0
587	-82.23	-150.04	142.37	0	255	0
587	-82.25	-150.05	142.41	0	255	0
587	-82.27	-150.05	142.44	0	255	0
587	-82.29	-150.05	142.47	0	255	0
587	-82.31	-150.05	142.5	0	255	0
587	-82.32	-150.06	142.53	0	255	0
587	-82.34	-150.06	142.56	0	255	0
587	-82.36	-150.06	142.58	0	255	0
587	-82.37	-150.06	142.61	0	255	0
587	-82.39	-150.07	142.63	0	255	0
587	-82.4	-150.07	142.65	0	255	0
587	-82.41	-150.07	142.67	0	255	0
587	-82.42	-150.07	142.69	0	255	0
587	-82.43	-150.07	142.71	0	255	0
587	-82.44	-150.08	142.72	0	255	0
587	-82.45	-150.08	142.74	0	255	0
587	-82.46	-150.08	142.75	0	255	0
587	-82.46	-150.08	142.76	0	255	0
587	-82.47	-150.08	142.77	0	255	0
587	-82.48	-150.08	142.78	0	255	0
587	-82.48	-150.08	142.78	0	255	0
587	-82.48	-150.08	142.79	0	255	0
587	-82.48	-150.08	142.79	0	255	0
587	-82.48	-150.08	142.79	0	255	0
587	-82.48	-150.08	142.79	0	255	0
587	-82.48	-150.08	142.79	0	255	0
587	-82.48	-150.08	142.79	0	255	0
587	-82.48	-150.08	142.79	0	255	0
587	-82.48	-150.08	142.79	0	255	0
587	-82.48	-150.08	142.79	0	255	0
587	-82.48	-150.08	142.79	0	255	0
587	-82.48	-150.08	142.79	0	255	0
587	-82.48	-150.08	142.79	0	255	0
587	-82.48	-150.08	142.79	0	255	0
587	-82.48	-150.08	142.79	0	255	0
587	-82.48	-150.08	142.79	0	255	0
587	-82.48	-150.08	142.79	0	255	0
587	-82.48	-150.08	142.79	0	255	0
587	-82.48	-150.08	142.79	0	255	0
587	-82.48	-150.08	142.79	0	255	0
587	-82.48	-150.08	142.79	0	255	0
587	-82.48	-150.08	142.79	0	255	0
587	-82.48	-150.08	142.79	0	255	0
587	-82.48	-150.08	142.79	0	255	0
587	-82.48	-150.08	142.79	0	255	0
587	-82.48	-150.08	142.79	0	255	0
587	-82.48	-150.08	142.79	0	255	0
587	-82.48	-150.08	142.79	0	255	0
587	-82.48	-150.08	142.79	0	255	0
587	-82.48	-150.08	142.79	0	255	0
587	-82.48	-150.08	142.79	0	255	0
587	-82.48	-150.08	142.79	0	255	0
587	-82.48	-150.08	142.79	0	255	0
587	-82.48	-150.08	142.79	0	255	0
587	-82.48	-150.08	142.79	0	255	0
587	-82.48	-150.08	142.79	0	255	0
587	-82.48	-150.08	142.79	0	255	0
587	-82.48	-150.08	142.79	0	255	0
587	-82.48	-150.08	142.79	0	255	0
587	-82.48	-150.08	142.79	0	255	0
587	-82.48	-150.08	142.79	0	255	0
587	-82.48	-150.08	142.79	0	255	0
587	-82.48	-150.08	142.79	0	255	0
587	-82.48	-150.08	142.79	0	255	0
587	-82.48	-150.08	142.79	0	255	0
587	-82.48	-150.08	142.79	0	255	0
587	-82.48	-150.08	142.79	0	255	0
587	-82.48	-150.08	142.79	0	255	0
587	-82.48	-150.08	142.79	0	255	0
587	-82.48	-150.08	142.79	0	255	0
587	-82.48	-150.08	142.79	0	255	0
587	-82.48	-150.08	142.79	0	255	0
587	-82.48	-150.08	142.79	0	255	0
587	-82.48	-150.08	142.79	0	255	0
587	-82.48	-150.08	142.79	0	255	0
587	-82.48	-150.08	142.79	0	255	0
587	-82.48	-150.08	142.79	0	255	0
587	-82.48	-150.08	142.79	0	255	0
587	-82.48	-150.08	142.79	0	255	0
587	-82.48	-150.08	142.79	0	255	0
587	-82.48	-150.08	142.79	0	255	0
587	-82.48	-150.08	142.79	0	255	0
587	-82.48	-150.08	142.79	0	255	0
587	-82.48	-150.08	142.79	0	255	0
587	-82.48	-150.08	142.79	0	255	0
587	-82.48	-150.08	142.79	0	255	0
587	-82.48	-150.08	142.79	0	255	0
587	-82.48	-150.08	142.79	0	255	0
587	-82.48	-150.08	142.79	0	255	0
587	-82.48	-150.08	142.79	0	255	0
587	-82.48	-150.08	142.79	0	255	0
587	-82.48	-150.08	142.79	0	255	0
587	-82.48	-150.08	142.79	0	255	0
587	-82.48	-150.08	142.79	0	255	0
587	-82.48	-150.08	142.79	0	255	0
587	-82.48	-150.08	142.79	0	255	0
587	-82.48	-150.08	142.79	0	255	0
587	-82.48	-150.08	142.79	0	255	0
587	-82.48	-150.08	142.79	0	255	0
587	-82.48	-150.08	142.79	0	255	0
587	-82.48	-150.08	142.79	0	255	0
587	-82.48	-150.08	142.79	0	255	0
587	-82.48	-150.08	142.79	0	255	0
587	-82.48	-150.08	142.79	0	255	0
587	-82.48	-150.08	142.79	0	255	0
587	-82.48	-150.08	142.79	0	255	0
587	-82.48	-150.08	142.79	0	255	0
587	-82.48	-150.08	142.79	0	255	0
587	-82.48	-150.08	142.79	0	255	0
587	-82.48	-150.08	142.79	0	255	0
587	-82.48	-150.08	142.79	0	255	0
587	-82.48	-150.08	142.79	0	255	0
587	-82.48	-150.08	142.79	0	255	0
587	-82.48	-150.08	142.79	0	255	0
587	-82.48	-150.08	142.79	0	255	0
587	-82.48	-150.08	142.79	0	255	0
587	-82.48	-150.08	142.79	0	255	0
587	-82.48	-150.08	142.79	0	255	0
587	-82.48	-150.08	142.79	0	255	0
587	-82.48	-150.08	142.79	0	255	0
587	-82.48	-150.08	142.79	0	255	0
587	-82.48	-150.08	142.79	0	255	0
587	-82.48	-150.08	142.79	0	255	0
587	-82.48	-150.08	142.79	0	255	0
587	-82.48	-150.08	142.79	0	255	0
587	-82.48	-150.08	142.79	0	255	0
587	-82.48	-150.08	142.79	0	255	0
587	-82.48	-150.08	142.79	0	255	0
587	-82.48	-150.08	142.79	0	255	0
587	-82.48	-150.08	142.79	0	255	0
587	-82.48	-150.08	142.79	0	255	0
587	-82.48	-150.08	142.79	0	255	0
587	-82.48	-150.08	142.79	0	255	0
587	-82.48	-150.08	142.79	0	255	0
587	-82.48	-150.08	142.79	0	255	0
587	-82.48	-150.08	142.79	0	255	0
587	-82.48	-150.08	142.79	0	255	0
587	-82.48	-150.08	142.79	0	255	0
587	-82.48	-150.08	142.79	0	255	0
587	-82.48	-150.08	142.79	0	255	0
587	-82.48	-150.08	142.79	0	255	0
587	-82.48	-150.08	142.79	0	255	0
587	-82.48	-150.08	142.79	0	255	0
587	-82.48	-150.08	142.79	0	255	0
587	-82.48	-150.08	142.79	0	255	0
587	-82.48	-150.08	142.79	0	255	0
587	-82.48	-150.08	142.79	0	255	0
587	-82.48	-150.08	142.79	0	255	0
587	-82.48	-150.08	142.79	0	255	0
587	-82.48	-150.08	142.79	0	255	0
587	-82.48	-150.08	142.79	0	255	0
587	-82.48	-150.08	142.79	0	255	0
587	-82.48	-150.08	142.79	0	255	0
587	-82.48	-150.08	142.79	0	255	0
587	-82.48	-150.08	142.79	0	255	0
587	-82.48	-150.08	142.79	0	255	0
587	-82.48	-150.08	142.79	0	255	0
587	-82.48	-150.08	142.79	0	255	0
587	-82.48	-150.08	142.79	0	255	0
587	-82.48	-150.08	142.79	0	255	0
587	-82.48	-150.08	142.79	0	255	0
587	-82.48	-150.08	142.79	0	255	0
587	-82.48	-150.08	142.79	0	255	0
587	-82.48	-150.08	142.79	0	255	0
587	-82.48	-150.08	142.79	0	255	0
587	-82.48	-150.08	142.79	0	255	0
587	-82.48	-150.08	142.79	0	255	0
587	-82.48	-150.08	142.79	0	255	0
587	-82.48	-150.08	142.79	0	255	0
587	-82.48	-150.08	142.79	0	255	0
587	-82.48	-150.08	142.79	0	255	0
587	-82.48	-150.08	142.79	0	255	0
587	-82.48	-150.08	142.79	0	255	0
