592	-158.97	-162.2	146.92	0	255	0
592	-158.97	-162.2	146.91	0	255	0
592	-158.97	-162.2	146.91	0	255	0
592	-158.98	-162.2	146.91	0	255	0
592	-158.98	-162.2	146.9	0	255	0
592	-158.99	-162.2	146.9	0	255	0
592	-158.99	-162.2	146.89	0	255	0
592	-159.0	-162.2	146.88	0	255	0
592	-159.01	-162.2	146.86	0	255	0
592	-159.02	-162.2	146.85	0	255	0
592	-159.03	-162.21	146.84	0	255	0
592	-159.05	-162.21	146.82	0	255	0
592	-159.06	-162.21	146.8	0	255	0
592	-159.07	-162.21	146.78	0	255	0
592	-159.09	-162.22	146.76	0	255	0
592	-159.11	-162.22	146.74	0	255	0
592	-159.12	-162.22	146.72	0	255	0
592	-159.14	-162.22	146.69	0	255	0
592	-159.16	-162.23	146.67	0	255	0
592	-159.18	-162.23	146.64	0	255	0
592	-159.2	-162.23	146.61	0	255	0
592	-159.23	-162.24	146.58	0	255	0
592	-159.25	-162.24	146.55	0	255	0
592	-159.27	-162.24	146.52	0	255	0
592	-159.3	-162.25	146.49	0	255	0
592	-159.33	-162.25	146.45	0	255	0
592	-159.35	-162.26	146.42	0	255	0
592	-159.38	-162.26	146.38	0	255	0
592	-159.41	-162.27	146.35	0	255	0
592	-159.44	-162.27	146.31	0	255	0
592	-159.47	-162.28	146.27	0	255	0
592	-159.5	-162.28	146.23	0	255	0
592	-159.53	-162.29	146.19	0	255	0
592	-159.56	-162.29	146.14	0	255	0
592	-159.6	-162.3	146.1	0	255	0
592	-159.63	-162.3	146.06	0	255	0
592	-159.67	-162.31	146.01	0	255	0
592	-159.7	-162.31	145.97	0	255	0
592	-159.74	-162.32	145.92	0	255	0
592	-159.77	-162.32	145.87	0	255	0
592	-159.81	-162.33	145.82	0	255	0
592	-159.85	-162.34	145.77	0	255	0
592	-159.89	-162.34	145.72	0	255	0
592	-159.93	-162.35	145.67	0	255	0
592	-159.97	-162.35	145.62	0	255	0
592	-160.01	-162.36	145.57	0	255	0
592	-160.05	-162.37	145.52	0	255	0
592	-160.09	-162.37	145.46	0	255	0
592	-160.13	-162.38	145.41	0	255	0
592	-160.17	-162.39	145.36	0	255	0
592	-160.21	-162.39	145.3	0	255	0
592	-160.26	-162.4	145.24	0	255	0
592	-160.3	-162.41	145.19	0	255	0
592	-160.34	-162.41	145.13	0	255	0
592	-160.39	-162.42	145.07	0	255	0
592	-160.43	-162.43	145.02	0	255	0
592	-160.47	-162.44	144.96	0	255	0
592	-160.52	-162.44	144.9	0	255	0
592	-160.56	-162.45	144.84	0	255	0
592	-160.61	-162.46	144.78	0	255	0
592	-160.66	-162.46	144.72	0	255	0
592	-160.7	-162.47	144.66	0	255	0
592	-160.75	-162.48	144.6	0	255	0
592	-160.8	-162.49	144.54	0	255	0
592	-160.84	-162.49	144.48	0	255	0
592	-160.89	-162.5	144.42	0	255	0
592	-160.94	-162.51	144.36	0	255	0
592	-160.98	-162.52	144.3	0	255	0
592	-161.03	-162.52	144.24	0	255	0
592	-161.08	-162.53	144.17	0	255	0
592	-161.13	-162.54	144.11	0	255	0
592	-161.17	-162.55	144.05	0	255	0
592	-161.22	-162.55	143.99	0	255	0
592	-161.27	-162.56	143.93	0	255	0
592	-161.32	-162.57	143.86	0	255	0
592	-161.36	-162.58	143.8	0	255	0
592	-161.41	-162.58	143.74	0	255	0
592	-161.46	-162.59	143.68	0	255	0
592	-161.51	-162.6	143.61	0	255	0
592	-161.56	-162.61	143.55	0	255	0
592	-161.6	-162.61	143.49	0	255	0
592	-161.65	-162.62	143.43	0	255	0
592	-161.7	-162.63	143.37	0	255	0
592	-161.75	-162.64	143.3	0	255	0
592	-161.79	-162.64	143.24	0	255	0
592	-161.84	-162.65	143.18	0	255	0
592	-161.89	-162.66	143.12	0	255	0
592	-161.93	-162.67	143.06	0	255	0
592	-161.98	-162.67	143.0	0	255	0
592	-162.03	-162.68	142.94	0	255	0
592	-162.07	-162.69	142.88	0	255	0
592	-162.12	-162.7	142.82	0	255	0
592	-162.16	-162.7	142.76	0	255	0
592	-162.21	-162.71	142.7	0	255	0
592	-162.25	-162.72	142.64	0	255	0
592	-162.3	-162.72	142.58	0	255	0
592	-162.34	-162.73	142.53	0	255	0
592	-162.39	-162.74	142.47	0	255	0
592	-162.43	-162.74	142.41	0	255	0
592	-162.47	-162.75	142.36	0	255	0
592	-162.52	-162.76	142.3	0	255	0
592	-162.56	-162.77	142.25	0	255	0
592	-162.6	-162.77	142.19	0	255	0
592	-162.64	-162.78	142.14	0	255	0
592	-162.68	-162.78	142.08	0	255	0
592	-162.72	-162.79	142.03	0	255	0
592	-162.76	-162.8	141.98	0	255	0
592	-162.8	-162.8	141.93	0	255	0
592	-162.84	-162.81	141.88	0	255	0
592	-162.88	-162.82	141.83	0	255	0
592	-162.92	-162.82	141.78	0	255	0
592	-162.95	-162.83	141.73	0	255	0
592	-162.99	-162.83	141.68	0	255	0
592	-163.03	-162.84	141.64	0	255	0
592	-163.06	-162.84	141.59	0	255	0
592	-163.1	-162.85	141.55	0	255	0
592	-163.13	-162.86	141.5	0	255	0
592	-163.16	-162.86	141.46	0	255	0
592	-163.2	-162.87	141.42	0	255	0
592	-163.23	-162.87	141.37	0	255	0
592	-163.26	-162.88	141.33	0	255	0
592	-163.29	-162.88	141.29	0	255	0
592	-163.32	-162.89	141.26	0	255	0
592	-163.35	-162.89	141.22	0	255	0
592	-163.38	-162.89	141.18	0	255	0
592	-163.4	-162.9	141.15	0	255	0
592	-163.43	-162.9	141.11	0	255	0
592	-163.45	-162.91	141.08	0	255	0
592	-163.48	-162.91	141.05	0	255	0
592	-163.5	-162.91	141.02	0	255	0
592	-163.52	-162.92	140.99	0	255	0
592	-163.55	-162.92	140.96	0	255	0
592	-163.57	-162.92	140.93	0	255	0
592	-163.59	-162.93	140.91	0	255	0
592	-163.61	-162.93	140.88	0	255	0
592	-163.62	-162.93	140.86	0	255	0
592	-163.64	-162.94	140.84	0	255	0
592	-163.66	-162.94	140.82	0	255	0
592	-163.67	-162.94	140.8	0	255	0
592	-163.68	-162.94	140.78	0	255	0
592	-163.7	-162.95	140.77	0	255	0
592	-163.71	-162.95	140.75	0	255	0
592	-163.72	-162.95	140.74	0	255	0
592	-163.73	-162.95	140.73	0	255	0
592	-163.73	-162.95	140.72	0	255	0
592	-163.74	-162.95	140.71	0	255	0
592	-163.75	-162.95	140.7	0	255	0
592	-163.75	-162.95	140.69	0	255	0
592	-163.75	-162.95	140.69	0	255	0
592	-163.76	-162.95	140.69	0	255	0
592	-163.76	-162.95	140.69	0	255	0
592	-163.76	-162.95	140.69	0	255	0
592	-163.75	-162.95	140.69	0	255	0
592	-163.75	-162.95	140.69	0	255	0
592	-163.75	-162.95	140.7	0	255	0
592	-163.74	-162.95	140.71	0	255	0
592	-163.73	-162.95	140.71	0	255	0
592	-163.73	-162.95	140.73	0	255	0
592	-163.72	-162.95	140.74	0	255	0
592	-163.71	-162.95	140.75	0	255	0
592	-163.7	-162.95	140.76	0	255	0
592	-163.68	-162.94	140.78	0	255	0
592	-163.67	-162.94	140.8	0	255	0
592	-163.66	-162.94	140.82	0	255	0
592	-163.64	-162.94	140.84	0	255	0
592	-163.62	-162.93	140.86	0	255	0
592	-163.61	-162.93	140.88	0	255	0
592	-163.59	-162.93	140.91	0	255	0
592	-163.57	-162.93	140.93	0	255	0
592	-163.55	-162.92	140.96	0	255	0
592	-163.53	-162.92	140.99	0	255	0
592	-163.5	-162.91	141.01	0	255	0
592	-163.48	-162.91	141.04	0	255	0
592	-163.46	-162.91	141.08	0	255	0
592	-163.43	-162.9	141.11	0	255	0
592	-163.41	-162.9	141.14	0	255	0
592	-163.38	-162.9	141.18	0	255	0
592	-163.35	-162.89	141.21	0	255	0
592	-163.32	-162.89	141.25	0	255	0
592	-163.3	-162.88	141.29	0	255	0
592	-163.27	-162.88	141.33	0	255	0
592	-163.23	-162.87	141.37	0	255	0
592	-163.2	-162.87	141.41	0	255	0
592	-163.17	-162.86	141.45	0	255	0
592	-163.14	-162.86	141.49	0	255	0
592	-163.1	-162.85	141.54	0	255	0
592	-163.07	-162.85	141.58	0	255	0
592	-163.04	-162.84	141.62	0	255	0
592	-163.0	-162.84	141.67	0	255	0
592	-162.96	-162.83	141.72	0	255	0
592	-162.93	-162.82	141.77	0	255	0
592	-162.89	-162.82	141.81	0	255	0
592	-162.85	-162.81	141.86	0	255	0
592	-162.81	-162.81	141.91	0	255	0
592	-162.77	-162.8	141.96	0	255	0
592	-162.74	-162.79	142.02	0	255	0
592	-162.7	-162.79	142.07	0	255	0
592	-162.65	-162.78	142.12	0	255	0
592	-162.61	-162.77	142.17	0	255	0
592	-162.57	-162.77	142.23	0	255	0
592	-162.53	-162.76	142.28	0	255	0
592	-162.49	-162.75	142.34	0	255	0
592	-162.45	-162.75	142.39	0	255	0
592	-162.4	-162.74	142.45	0	255	0
592	-162.36	-162.73	142.51	0	255	0
592	-162.31	-162.73	142.56	0	255	0
592	-162.27	-162.72	142.62	0	255	0
592	-162.23	-162.71	142.68	0	255	0
592	-162.18	-162.71	142.74	0	255	0
592	-162.14	-162.7	142.8	0	255	0
592	-162.09	-162.69	142.86	0	255	0
592	-162.05	-162.68	142.91	0	255	0
592	-162.0	-162.68	142.97	0	255	0
592	-161.95	-162.67	143.03	0	255	0
592	-161.91	-162.66	143.09	0	255	0
592	-161.86	-162.65	143.16	0	255	0
592	-161.81	-162.65	143.22	0	255	0
592	-161.77	-162.64	143.28	0	255	0
592	-161.72	-162.63	143.34	0	255	0
592	-161.67	-162.62	143.4	0	255	0
592	-161.63	-162.62	143.46	0	255	0
592	-161.58	-162.61	143.52	0	255	0
592	-161.53	-162.6	143.58	0	255	0
592	-161.48	-162.59	143.65	0	255	0
592	-161.44	-162.59	143.71	0	255	0
592	-161.39	-162.58	143.77	0	255	0
592	-161.34	-162.57	143.83	0	255	0
592	-161.29	-162.56	143.89	0	255	0
592	-161.25	-162.56	143.96	0	255	0
592	-161.2	-162.55	144.02	0	255	0
592	-161.15	-162.54	144.08	0	255	0
592	-161.1	-162.53	144.14	0	255	0
592	-161.06	-162.53	144.2	0	255	0
592	-161.01	-162.52	144.26	0	255	0
592	-160.96	-162.51	144.32	0	255	0
592	-160.92	-162.5	144.39	0	255	0
592	-160.87	-162.5	144.45	0	255	0
592	-160.82	-162.49	144.51	0	255	0
592	-160.78	-162.48	144.57	0	255	0
592	-160.73	-162.48	144.63	0	255	0
592	-160.68	-162.47	144.69	0	255	0
592	-160.64	-162.46	144.75	0	255	0
592	-160.59	-162.45	144.81	0	255	0
592	-160.55	-162.45	144.86	0	255	0
592	-160.5	-162.44	144.92	0	255	0
592	-160.46	-162.43	144.98	0	255	0
592	-160.41	-162.43	145.04	0	255	0
592	-160.37	-162.42	145.1	0	255	0
592	-160.33	-162.41	145.15	0	255	0
592	-160.28	-162.4	145.21	0	255	0
592	-160.24	-162.4	145.26	0	255	0
592	-160.2	-162.39	145.32	0	255	0
592	-160.16	-162.38	145.37	0	255	0
592	-160.12	-162.38	145.43	0	255	0
592	-160.07	-162.37	145.48	0	255	0
592	-160.03	-162.37	145.53	0	255	0
592	-159.99	-162.36	145.59	0	255	0
592	-159.95	-162.35	145.64	0	255	0
592	-159.91	-162.35	145.69	0	255	0
592	-159.88	-162.34	145.74	0	255	0
592	-159.84	-162.33	145.79	0	255	0
592	-159.8	-162.33	145.84	0	255	0
592	-159.76	-162.32	145.88	0	255	0
592	-159.73	-162.32	145.93	0	255	0
592	-159.69	-162.31	145.98	0	255	0
592	-159.66	-162.31	146.02	0	255	0
592	-159.62	-162.3	146.07	0	255	0
592	-159.59	-162.29	146.11	0	255	0
592	-159.56	-162.29	146.15	0	255	0
592	-159.53	-162.28	146.19	0	255	0
592	-159.49	-162.28	146.24	0	255	0
592	-159.46	-162.27	146.28	0	255	0
592	-159.43	-162.27	146.31	0	255	0
592	-159.4	-162.27	146.35	0	255	0
592	-159.38	-162.26	146.39	0	255	0
592	-159.35	-162.26	146.43	0	255	0
592	-159.32	-162.25	146.46	0	255	0
592	-159.3	-162.25	146.49	0	255	0
592	-159.27	-162.24	146.53	0	255	0
592	-159.25	-162.24	146.56	0	255	0
592	-159.22	-162.24	146.59	0	255	0
592	-159.2	-162.23	146.62	0	255	0
592	-159.18	-162.23	146.64	0	255	0
592	-159.16	-162.23	146.67	0	255	0
592	-159.14	-162.22	146.7	0	255	0
592	-159.12	-162.22	146.72	0	255	0
592	-159.1	-162.22	146.74	0	255	0
592	-159.09	-162.22	146.76	0	255	0
592	-159.07	-162.21	146.78	0	255	0
592	-159.06	-162.21	146.8	0	255	0
592	-159.04	-162.21	146.82	0	255	0
592	-159.03	-162.21	146.84	0	255	0
592	-159.02	-162.2	146.85	0	255	0
592	-159.01	-162.2	146.86	0	255	0
592	-159.0	-162.2	146.88	0	255	0
592	-158.99	-162.2	146.89	0	255	0
592	-158.99	-162.2	146.9	0	255	0
592	-158.98	-162.2	146.9	0	255	0
592	-158.98	-162.2	146.91	0	255	0
592	-158.97	-162.2	146.91	0	255	0
592	-158.97	-162.2	146.91	0	255	0
592	-158.97	-162.2	146.92	0	255	0
592	-158.97	-162.2	146.92	0	255	0
592	-158.97	-162.2	146.92	0	255	0
592	-158.97	-162.2	146.92	0	255	0
592	-158.97	-162.2	146.92	0	255	0
592	-158.97	-162.2	146.92	0	255	0
592	-158.97	-162.2	146.92	0	255	0
592	-158.97	-162.2	146.92	0	255	0
592	-158.97	-162.2	146.92	0	255	0
592	-158.97	-162.2	146.92	0	255	0
592	-158.97	-162.2	146.92	0	255	0
592	-158.97	-162.2	146.92	0	255	0
592	-158.97	-162.2	146.92	0	255	0
592	-158.97	-162.2	146.92	0	255	0
592	-158.97	-162.2	146.92	0	255	0
592	-158.97	-162.2	146.92	0	255	0
592	-158.97	-162.2	146.92	0	255	0
592	-158.97	-162.2	146.92	0	255	0
592	-158.97	-162.2	146.92	0	255	0
592	-158.97	-162.2	146.92	0	255	0
592	-158.97	-162.2	146.92	0	255	0
592	-158.97	-162.2	146.92	0	255	0
592	-158.97	-162.2	146.92	0	255	0
592	-158.97	-162.2	146.92	0	255	0
592	-158.97	-162.2	146.92	0	255	0
592	-158.97	-162.2	146.92	0	255	0
592	-158.97	-162.2	146.92	0	255	0
592	-158.97	-162.2	146.92	0	255	0
592	-158.97	-162.2	146.92	0	255	0
592	-158.97	-162.2	146.92	0	255	0
592	-158.97	-162.2	146.92	0	255	0
592	-158.97	-162.2	146.92	0	255	0
592	-158.97	-162.2	146.92	0	255	0
592	-158.97	-162.2	146.92	0	255	0
592	-158.97	-162.2	146.92	0	255	0
592	-158.97	-162.2	146.92	0	255	0
592	-158.97	-162.2	146.92	0	255	0
592	-158.97	-162.2	146.92	0	255	0
592	-158.97	-162.2	146.92	0	255	0
592	-158.97	-162.2	146.92	0	255	0
592	-158.97	-162.2	146.92	0	255	0
592	-158.97	-162.2	146.92	0	255	0
592	-158.97	-162.2	146.92	0	255	0
592	-158.97	-162.2	146.92	0	255	0
592	-158.97	-162.2	146.92	0	255	0
592	-158.97	-162.2	146.92	0	255	0
592	-158.97	-162.2	146.92	0	255	0
592	-158.97	-162.2	146.92	0	255	0
592	-158.97	-162.2	146.92	0	255	0
592	-158.97	-162.2	146.92	0	255	0
592	-158.97	-162.2	146.92	0	255	0
592	-158.97	-162.2	146.92	0	255	0
592	-158.97	-162.2	146.92	0	255	0
592	-158.97	-162.2	146.92	0	255	0
592	-158.97	-162.2	146.92	0	255	0
592	-158.97	-162.2	146.92	0	255	0
592	-158.97	-162.2	146.92	0	255	0
592	-158.97	-162.2	146.92	0	255	0
592	-158.97	-162.2	146.92	0	255	0
592	-158.97	-162.2	146.92	0	255	0
592	-158.97	-162.2	146.92	0	255	0
592	-158.97	-162.2	146.92	0	255	0
592	-158.97	-162.2	146.92	0	255	0
592	-158.97	-162.2	146.92	0	255	0
592	-158.97	-162.2	146.92	0	255	0
592	-158.97	-162.2	146.92	0	255	0
592	-158.97	-162.2	146.92	0	255	0
592	-158.97	-162.2	146.92	0	255	0
592	-158.97	-162.2	146.92	0	255	0
592	-158.97	-162.2	146.92	0	255	0
592	-158.97	-162.2	146.92	0	255	0
592	-158.97	-162.2	146.92	0	255	0
592	-158.97	-162.2	146.92	0	255	0
592	-158.97	-162.2	146.92	0	255	0
592	-158.97	-162.2	146.92	0	255	0
592	-158.97	-162.2	146.92	0	255	0
592	-158.97	-162.2	146.92	0	255	0
592	-158.97	-162.2	146.92	0	255	0
592	-158.97	-162.2	146.92	0	255	0
592	-158.97	-162.2	146.92	0	255	0
592	-158.97	-162.2	146.92	0	255	0
592	-158.97	-162.2	146.92	0	255	0
592	-158.97	-162.2	146.92	0	255	0
592	-158.97	-162.2	146.92	0	255	0
592	-158.97	-162.2	146.92	0	255	0
592	-158.97	-162.2	146.92	0	255	0
592	-158.97	-162.2	146.92	0	255	0
592	-158.97	-162.2	146.92	0	255	0
592	-158.97	-162.2	146.92	0	255	0
592	-158.97	-162.2	146.92	0	255	0
592	-158.97	-162.2	146.92	0	255	0
592	-158.97	-162.2	146.92	0	255	0
592	-158.97	-162.2	146.92	0	255	0
592	-158.97	-162.2	146.92	0	255	0
592	-158.97	-162.2	146.92	0	255	0
592	-158.97	-162.2	146.92	0	255	0
592	-158.97	-162.2	146.92	0	255	0
592	-158.97	-162.2	146.92	0	255	0
592	-158.97	-162.2	146.92	0	255	0
592	-158.97	-162.2	146.92	0	255	0
592	-158.97	-162.2	146.92	0	255	0
592	-158.97	-162.2	146.92	0	255	0
592	-158.97	-162.2	146.92	0	255	0
592	-158.97	-162.2	146.92	0	255	0
592	-158.97	-162.2	146.92	0	255	0
592	-158.97	-162.2	146.92	0	255	0
592	-158.97	-162.2	146.92	0	255	0
592	-158.97	-162.2	146.92	0	255	0
592	-158.97	-162.2	146.92	0	255	0
592	-158.97	-162.2	146.92	0	255	0
592	-158.97	-162.2	146.92	0	255	0
592	-158.97	-162.2	146.92	0	255	0
592	-158.97	-162.2	146.92	0	255	0
592	-158.97	-162.2	146.92	0	255	0
592	-158.97	-162.2	146.92	0	255	0
592	-158.97	-162.2	146.92	0	255	0
592	-158.97	-162.2	146.92	0	255	0
592	-158.97	-162.2	146.92	0	255	0
592	-158.97	-162.2	146.92	0	255	0
592	-158.97	-162.2	146.92	0	255	0
592	-158.97	-162.2	146.92	0	255	0
592	-158.97	-162.2	146.92	0	255	0
592	-158.97	-162.2	146.92	0	255	0
592	-158.97	-162.2	146.92	0	255	0
592	-158.97	-162.2	146.92	0	255	0
592	-158.97	-162.2	146.92	0	255	0
592	-158.97	-162.2	146.92	0	255	0
592	-158.97	-162.2	146.92	0	255	0
592	-158.97	-162.2	146.92	0	255	0
592	-158.97	-162.2	146.92	0	255	0
592	-158.97	-162.2	146.92	0	255	0
592	-158.97	-162.2	146.92	0	255	0
592	-158.97	-162.2	146.92	0	255	0
592	-158.97	-162.2	146.92	0	255	0
592	-158.97	-162.2	146.92	0	255	0
592	-158.97	-162.2	146.92	0	255	0
592	-158.97	-162.2	146.92	0	255	0
592	-158.97	-162.2	146.92	0	255	0
592	-158.97	-162.2	146.92	0	255	0
592	-158.97	-162.2	146.92	0	255	0
592	-158.97	-162.2	146.92	0	255	0
592	-158.97	-162.2	146.92	0	255	0
592	-158.97	-162.2	146.92	0	255	0
592	-158.97	-162.2	146.92	0	255	0
592	-158.97	-162.2	146.92	0	255	0
592	-158.97	-162.2	146.92	0	255	0
592	-158.97	-162.2	146.92	0	255	0
592	-158.97	-162.2	146.92	0	255	0
592	-158.97	-162.2	146.92	0	255	0
592	-158.97	-162.2	146.92	0	255	0
