596	-173.41	-164.48	155.38	0	255	0
596	-173.41	-164.48	155.38	0	255	0
596	-173.41	-164.48	155.38	0	255	0
596	-173.41	-164.48	155.38	0	255	0
596	-173.42	-164.49	155.37	0	255	0
596	-173.43	-164.49	155.37	0	255	0
596	-173.44	-164.49	155.36	0	255	0
596	-173.45	-164.49	155.35	0	255	0
596	-173.46	-164.49	155.34	0	255	0
596	-173.47	-164.49	155.33	0	255	0
596	-173.49	-164.5	155.32	0	255	0
596	-173.5	-164.5	155.3	0	255	0
596	-173.52	-164.5	155.29	0	255	0
596	-173.54	-164.5	155.27	0	255	0
596	-173.56	-164.51	155.26	0	255	0
596	-173.59	-164.51	155.24	0	255	0
596	-173.61	-164.52	155.22	0	255	0
596	-173.64	-164.52	155.2	0	255	0
596	-173.66	-164.52	155.18	0	255	0
596	-173.69	-164.53	155.15	0	255	0
596	-173.72	-164.53	155.13	0	255	0
596	-173.75	-164.54	155.1	0	255	0
596	-173.78	-164.54	155.08	0	255	0
596	-173.81	-164.55	155.05	0	255	0
596	-173.85	-164.55	155.02	0	255	0
596	-173.88	-164.56	155.0	0	255	0
596	-173.92	-164.56	154.97	0	255	0
596	-173.96	-164.57	154.94	0	255	0
596	-174.0	-164.58	154.9	0	255	0
596	-174.04	-164.58	154.87	0	255	0
596	-174.08	-164.59	154.84	0	255	0
596	-174.12	-164.6	154.8	0	255	0
596	-174.16	-164.6	154.77	0	255	0
596	-174.2	-164.61	154.73	0	255	0
596	-174.25	-164.62	154.7	0	255	0
596	-174.3	-164.62	154.66	0	255	0
596	-174.34	-164.63	154.62	0	255	0
596	-174.39	-164.64	154.58	0	255	0
596	-174.44	-164.65	154.54	0	255	0
596	-174.49	-164.65	154.5	0	255	0
596	-174.54	-164.66	154.46	0	255	0
596	-174.59	-164.67	154.42	0	255	0
596	-174.64	-164.68	154.38	0	255	0
596	-174.69	-164.69	154.34	0	255	0
596	-174.75	-164.7	154.29	0	255	0
596	-174.8	-164.7	154.25	0	255	0
596	-174.85	-164.71	154.21	0	255	0
596	-174.91	-164.72	154.16	0	255	0
596	-174.96	-164.73	154.12	0	255	0
596	-175.02	-164.74	154.07	0	255	0
596	-175.08	-164.75	154.02	0	255	0
596	-175.14	-164.76	153.98	0	255	0
596	-175.19	-164.77	153.93	0	255	0
596	-175.25	-164.78	153.88	0	255	0
596	-175.31	-164.78	153.83	0	255	0
596	-175.37	-164.79	153.78	0	255	0
596	-175.43	-164.8	153.74	0	255	0
596	-175.49	-164.81	153.69	0	255	0
596	-175.55	-164.82	153.64	0	255	0
596	-175.61	-164.83	153.59	0	255	0
596	-175.68	-164.84	153.54	0	255	0
596	-175.74	-164.85	153.49	0	255	0
596	-175.8	-164.86	153.43	0	255	0
596	-175.86	-164.87	153.38	0	255	0
596	-175.93	-164.88	153.33	0	255	0
596	-175.99	-164.89	153.28	0	255	0
596	-176.05	-164.9	153.23	0	255	0
596	-176.12	-164.91	153.18	0	255	0
596	-176.18	-164.92	153.13	0	255	0
596	-176.24	-164.93	153.07	0	255	0
596	-176.31	-164.94	153.02	0	255	0
596	-176.37	-164.95	152.97	0	255	0
596	-176.44	-164.96	152.92	0	255	0
596	-176.5	-164.97	152.86	0	255	0
596	-176.57	-164.98	152.81	0	255	0
596	-176.63	-164.99	152.76	0	255	0
596	-176.7	-165.0	152.71	0	255	0
596	-176.76	-165.01	152.65	0	255	0
596	-176.82	-165.02	152.6	0	255	0
596	-176.89	-165.03	152.55	0	255	0
596	-176.95	-165.04	152.5	0	255	0
596	-177.02	-165.06	152.44	0	255	0
596	-177.08	-165.07	152.39	0	255	0
596	-177.15	-165.08	152.34	0	255	0
596	-177.21	-165.09	152.29	0	255	0
596	-177.27	-165.1	152.24	0	255	0
596	-177.34	-165.11	152.19	0	255	0
596	-177.4	-165.12	152.13	0	255	0
596	-177.46	-165.13	152.08	0	255	0
596	-177.52	-165.14	152.03	0	255	0
596	-177.59	-165.15	151.98	0	255	0
596	-177.65	-165.15	151.93	0	255	0
596	-177.71	-165.16	151.88	0	255	0
596	-177.77	-165.17	151.83	0	255	0
596	-177.83	-165.18	151.78	0	255	0
596	-177.89	-165.19	151.73	0	255	0
596	-177.95	-165.2	151.68	0	255	0
596	-178.01	-165.21	151.64	0	255	0
596	-178.07	-165.22	151.59	0	255	0
596	-178.13	-165.23	151.54	0	255	0
596	-178.18	-165.24	151.49	0	255	0
596	-178.24	-165.25	151.45	0	255	0
596	-178.3	-165.26	151.4	0	255	0
596	-178.35	-165.27	151.36	0	255	0
596	-178.41	-165.28	151.31	0	255	0
596	-178.46	-165.28	151.27	0	255	0
596	-178.52	-165.29	151.22	0	255	0
596	-178.57	-165.3	151.18	0	255	0
596	-178.62	-165.31	151.14	0	255	0
596	-178.67	-165.32	151.1	0	255	0
596	-178.72	-165.33	151.05	0	255	0
596	-178.77	-165.33	151.01	0	255	0
596	-178.82	-165.34	150.97	0	255	0
596	-178.87	-165.35	150.93	0	255	0
596	-178.92	-165.36	150.9	0	255	0
596	-178.97	-165.36	150.86	0	255	0
596	-179.01	-165.37	150.82	0	255	0
596	-179.06	-165.38	150.78	0	255	0
596	-179.1	-165.39	150.75	0	255	0
596	-179.14	-165.39	150.71	0	255	0
596	-179.19	-165.4	150.68	0	255	0
596	-179.23	-165.4	150.65	0	255	0
596	-179.27	-165.41	150.61	0	255	0
596	-179.3	-165.42	150.58	0	255	0
596	-179.34	-165.42	150.55	0	255	0
596	-179.38	-165.43	150.52	0	255	0
596	-179.41	-165.43	150.49	0	255	0
596	-179.45	-165.44	150.47	0	255	0
596	-179.48	-165.45	150.44	0	255	0
596	-179.51	-165.45	150.41	0	255	0
596	-179.54	-165.46	150.39	0	255	0
596	-179.57	-165.46	150.36	0	255	0
596	-179.6	-165.46	150.34	0	255	0
596	-179.63	-165.47	150.32	0	255	0
596	-179.65	-165.47	150.3	0	255	0
596	-179.68	-165.48	150.28	0	255	0
596	-179.7	-165.48	150.26	0	255	0
596	-179.72	-165.48	150.24	0	255	0
596	-179.74	-165.49	150.23	0	255	0
596	-179.76	-165.49	150.21	0	255	0
596	-179.77	-165.49	150.2	0	255	0
596	-179.79	-165.49	150.19	0	255	0
596	-179.8	-165.5	150.18	0	255	0
596	-179.82	-165.5	150.17	0	255	0
596	-179.83	-165.5	150.16	0	255	0
596	-179.84	-165.5	150.15	0	255	0
596	-179.84	-165.5	150.14	0	255	0
596	-179.85	-165.5	150.14	0	255	0
596	-179.85	-165.5	150.14	0	255	0
596	-179.86	-165.5	150.13	0	255	0
596	-179.86	-165.5	150.13	0	255	0
596	-179.86	-165.5	150.13	0	255	0
596	-179.85	-165.5	150.14	0	255	0
596	-179.85	-165.5	150.14	0	255	0
596	-179.84	-165.5	150.14	0	255	0
596	-179.84	-165.5	150.15	0	255	0
596	-179.83	-165.5	150.16	0	255	0
596	-179.82	-165.5	150.17	0	255	0
596	-179.8	-165.5	150.18	0	255	0
596	-179.79	-165.49	150.19	0	255	0
596	-179.78	-165.49	150.2	0	255	0
596	-179.76	-165.49	150.21	0	255	0
596	-179.74	-165.49	150.23	0	255	0
596	-179.72	-165.48	150.24	0	255	0
596	-179.7	-165.48	150.26	0	255	0
596	-179.68	-165.48	150.28	0	255	0
596	-179.65	-165.47	150.3	0	255	0
596	-179.63	-165.47	150.32	0	255	0
596	-179.6	-165.46	150.34	0	255	0
596	-179.58	-165.46	150.36	0	255	0
596	-179.55	-165.46	150.38	0	255	0
596	-179.52	-165.45	150.41	0	255	0
596	-179.49	-165.45	150.43	0	255	0
596	-179.45	-165.44	150.46	0	255	0
596	-179.42	-165.44	150.49	0	255	0
596	-179.38	-165.43	150.52	0	255	0
596	-179.35	-165.42	150.55	0	255	0
596	-179.31	-165.42	150.58	0	255	0
596	-179.27	-165.41	150.61	0	255	0
596	-179.23	-165.41	150.64	0	255	0
596	-179.19	-165.4	150.67	0	255	0
596	-179.15	-165.39	150.71	0	255	0
596	-179.11	-165.39	150.74	0	255	0
596	-179.07	-165.38	150.78	0	255	0
596	-179.02	-165.37	150.81	0	255	0
596	-178.98	-165.37	150.85	0	255	0
596	-178.93	-165.36	150.89	0	255	0
596	-178.88	-165.35	150.92	0	255	0
596	-178.84	-165.34	150.96	0	255	0
596	-178.79	-165.34	151.0	0	255	0
596	-178.74	-165.33	151.04	0	255	0
596	-178.69	-165.32	151.08	0	255	0
596	-178.64	-165.31	151.13	0	255	0
596	-178.58	-165.3	151.17	0	255	0
596	-178.53	-165.3	151.21	0	255	0
596	-178.48	-165.29	151.25	0	255	0
596	-178.43	-165.28	151.3	0	255	0
596	-178.37	-165.27	151.34	0	255	0
596	-178.32	-165.26	151.39	0	255	0
596	-178.26	-165.25	151.43	0	255	0
596	-178.2	-165.24	151.48	0	255	0
596	-178.15	-165.23	151.53	0	255	0
596	-178.09	-165.22	151.57	0	255	0
596	-178.03	-165.22	151.62	0	255	0
596	-177.97	-165.21	151.67	0	255	0
596	-177.91	-165.2	151.72	0	255	0
596	-177.85	-165.19	151.76	0	255	0
596	-177.79	-165.18	151.81	0	255	0
596	-177.73	-165.17	151.86	0	255	0
596	-177.67	-165.16	151.91	0	255	0
596	-177.61	-165.15	151.96	0	255	0
596	-177.55	-165.14	152.01	0	255	0
596	-177.49	-165.13	152.06	0	255	0
596	-177.42	-165.12	152.11	0	255	0
596	-177.36	-165.11	152.16	0	255	0
596	-177.3	-165.1	152.21	0	255	0
596	-177.24	-165.09	152.27	0	255	0
596	-177.17	-165.08	152.32	0	255	0
596	-177.11	-165.07	152.37	0	255	0
596	-177.05	-165.06	152.42	0	255	0
596	-176.98	-165.05	152.47	0	255	0
596	-176.92	-165.04	152.52	0	255	0
596	-176.86	-165.03	152.58	0	255	0
596	-176.79	-165.02	152.63	0	255	0
596	-176.73	-165.01	152.68	0	255	0
596	-176.66	-165.0	152.73	0	255	0
596	-176.6	-164.99	152.78	0	255	0
596	-176.53	-164.98	152.84	0	255	0
596	-176.47	-164.97	152.89	0	255	0
596	-176.41	-164.96	152.94	0	255	0
596	-176.34	-164.95	152.99	0	255	0
596	-176.28	-164.94	153.05	0	255	0
596	-176.22	-164.93	153.1	0	255	0
596	-176.15	-164.92	153.15	0	255	0
596	-176.09	-164.91	153.2	0	255	0
596	-176.03	-164.9	153.25	0	255	0
596	-175.96	-164.89	153.3	0	255	0
596	-175.9	-164.88	153.35	0	255	0
596	-175.84	-164.87	153.4	0	255	0
596	-175.78	-164.86	153.46	0	255	0
596	-175.71	-164.85	153.51	0	255	0
596	-175.65	-164.84	153.56	0	255	0
596	-175.59	-164.83	153.61	0	255	0
596	-175.53	-164.82	153.66	0	255	0
596	-175.47	-164.81	153.7	0	255	0
596	-175.41	-164.8	153.75	0	255	0
596	-175.35	-164.79	153.8	0	255	0
596	-175.29	-164.78	153.85	0	255	0
596	-175.23	-164.77	153.9	0	255	0
596	-175.17	-164.76	153.95	0	255	0
596	-175.12	-164.75	153.99	0	255	0
596	-175.06	-164.74	154.04	0	255	0
596	-175.0	-164.74	154.08	0	255	0
596	-174.95	-164.73	154.13	0	255	0
596	-174.89	-164.72	154.18	0	255	0
596	-174.84	-164.71	154.22	0	255	0
596	-174.78	-164.7	154.26	0	255	0
596	-174.73	-164.69	154.31	0	255	0
596	-174.68	-164.68	154.35	0	255	0
596	-174.63	-164.68	154.39	0	255	0
596	-174.57	-164.67	154.43	0	255	0
596	-174.52	-164.66	154.47	0	255	0
596	-174.47	-164.65	154.51	0	255	0
596	-174.43	-164.64	154.55	0	255	0
596	-174.38	-164.64	154.59	0	255	0
596	-174.33	-164.63	154.63	0	255	0
596	-174.28	-164.62	154.67	0	255	0
596	-174.24	-164.62	154.71	0	255	0
596	-174.2	-164.61	154.74	0	255	0
596	-174.15	-164.6	154.78	0	255	0
596	-174.11	-164.59	154.81	0	255	0
596	-174.07	-164.59	154.85	0	255	0
596	-174.03	-164.58	154.88	0	255	0
596	-173.99	-164.58	154.91	0	255	0
596	-173.95	-164.57	154.94	0	255	0
596	-173.91	-164.56	154.97	0	255	0
596	-173.88	-164.56	155.0	0	255	0
596	-173.84	-164.55	155.03	0	255	0
596	-173.81	-164.55	155.06	0	255	0
596	-173.78	-164.54	155.08	0	255	0
596	-173.75	-164.54	155.11	0	255	0
596	-173.72	-164.53	155.13	0	255	0
596	-173.69	-164.53	155.16	0	255	0
596	-173.66	-164.52	155.18	0	255	0
596	-173.63	-164.52	155.2	0	255	0
596	-173.61	-164.52	155.22	0	255	0
596	-173.58	-164.51	155.24	0	255	0
596	-173.56	-164.51	155.26	0	255	0
596	-173.54	-164.5	155.27	0	255	0
596	-173.52	-164.5	155.29	0	255	0
596	-173.5	-164.5	155.31	0	255	0
596	-173.49	-164.5	155.32	0	255	0
596	-173.47	-164.49	155.33	0	255	0
596	-173.46	-164.49	155.34	0	255	0
596	-173.45	-164.49	155.35	0	255	0
596	-173.44	-164.49	155.36	0	255	0
596	-173.43	-164.49	155.37	0	255	0
596	-173.42	-164.49	155.37	0	255	0
596	-173.41	-164.48	155.38	0	255	0
596	-173.41	-164.48	155.38	0	255	0
596	-173.41	-164.48	155.38	0	255	0
596	-173.41	-164.48	155.38	0	255	0
596	-173.41	-164.48	155.38	0	255	0
596	-173.41	-164.48	155.38	0	255	0
596	-173.41	-164.48	155.38	0	255	0
596	-173.41	-164.48	155.38	0	255	0
596	-173.41	-164.48	155.38	0	255	0
596	-173.41	-164.48	155.38	0	255	0
596	-173.41	-164.48	155.38	0	255	0
596	-173.41	-164.48	155.38	0	255	0
596	-173.41	-164.48	155.38	0	255	0
596	-173.41	-164.48	155.38	0	255	0
596	-173.41	-164.48	155.38	0	255	0
596	-173.41	-164.48	155.38	0	255	0
596	-173.41	-164.48	155.38	0	255	0
596	-173.41	-164.48	155.38	0	255	0
596	-173.41	-164.48	155.38	0	255	0
596	-173.41	-164.48	155.38	0	255	0
596	-173.41	-164.48	155.38	0	255	0
596	-173.41	-164.48	155.38	0	255	0
596	-173.41	-164.48	155.38	0	255	0
596	-173.41	-164.48	155.38	0	255	0
596	-173.41	-164.48	155.38	0	255	0
596	-173.41	-164.48	155.38	0	255	0
596	-173.41	-164.48	155.38	0	255	0
596	-173.41	-164.48	155.38	0	255	0
596	-173.41	-164.48	155.38	0	255	0
596	-173.41	-164.48	155.38	0	255	0
596	-173.41	-164.48	155.38	0	255	0
596	-173.41	-164.48	155.38	0	255	0
596	-173.41	-164.48	155.38	0	255	0
596	-173.41	-164.48	155.38	0	255	0
596	-173.41	-164.48	155.38	0	255	0
596	-173.41	-164.48	155.38	0	255	0
596	-173.41	-164.48	155.38	0	255	0
596	-173.41	-164.48	155.38	0	255	0
596	-173.41	-164.48	155.38	0	255	0
596	-173.41	-164.48	155.38	0	255	0
596	-173.41	-164.48	155.38	0	255	0
596	-173.41	-164.48	155.38	0	255	0
596	-173.41	-164.48	155.38	0	255	0
596	-173.41	-164.48	155.38	0	255	0
596	-173.41	-164.48	155.38	0	255	0
596	-173.41	-164.48	155.38	0	255	0
596	-173.41	-164.48	155.38	0	255	0
596	-173.41	-164.48	155.38	0	255	0
596	-173.41	-164.48	155.38	0	255	0
596	-173.41	-164.48	155.38	0	255	0
596	-173.41	-164.48	155.38	0	255	0
596	-173.41	-164.48	155.38	0	255	0
596	-173.41	-164.48	155.38	0	255	0
596	-173.41	-164.48	155.38	0	255	0
596	-173.41	-164.48	155.38	0	255	0
596	-173.41	-164.48	155.38	0	255	0
596	-173.41	-164.48	155.38	0	255	0
596	-173.41	-164.48	155.38	0	255	0
596	-173.41	-164.48	155.38	0	255	0
596	-173.41	-164.48	155.38	0	255	0
596	-173.41	-164.48	155.38	0	255	0
596	-173.41	-164.48	155.38	0	255	0
596	-173.41	-164.48	155.38	0	255	0
596	-173.41	-164.48	155.38	0	255	0
596	-173.41	-164.48	155.38	0	255	0
596	-173.41	-164.48	155.38	0	255	0
596	-173.41	-164.48	155.38	0	255	0
596	-173.41	-164.48	155.38	0	255	0
596	-173.41	-164.48	155.38	0	255	0
596	-173.41	-164.48	155.38	0	255	0
596	-173.41	-164.48	155.38	0	255	0
596	-173.41	-164.48	155.38	0	255	0
596	-173.41	-164.48	155.38	0	255	0
596	-173.41	-164.48	155.38	0	255	0
596	-173.41	-164.48	155.38	0	255	0
596	-173.41	-164.48	155.38	0	255	0
596	-173.41	-164.48	155.38	0	255	0
596	-173.41	-164.48	155.38	0	255	0
596	-173.41	-164.48	155.38	0	255	0
596	-173.41	-164.48	155.38	0	255	0
596	-173.41	-164.48	155.38	0	255	0
596	-173.41	-164.48	155.38	0	255	0
596	-173.41	-164.48	155.38	0	255	0
596	-173.41	-164.48	155.38	0	255	0
596	-173.41	-164.48	155.38	0	255	0
596	-173.41	-164.48	155.38	0	255	0
596	-173.41	-164.48	155.38	0	255	0
596	-173.41	-164.48	155.38	0	255	0
596	-173.41	-164.48	155.38	0	255	0
596	-173.41	-164.48	155.38	0	255	0
596	-173.41	-164.48	155.38	0	255	0
596	-173.41	-164.48	155.38	0	255	0
596	-173.41	-164.48	155.38	0	255	0
596	-173.41	-164.48	155.38	0	255	0
596	-173.41	-164.48	155.38	0	255	0
596	-173.41	-164.48	155.38	0	255	0
596	-173.41	-164.48	155.38	0	255	0
596	-173.41	-164.48	155.38	0	255	0
596	-173.41	-164.48	155.38	0	255	0
596	-173.41	-164.48	155.38	0	255	0
596	-173.41	-164.48	155.38	0	255	0
596	-173.41	-164.48	155.38	0	255	0
596	-173.41	-164.48	155.38	0	255	0
596	-173.41	-164.48	155.38	0	255	0
596	-173.41	-164.48	155.38	0	255	0
596	-173.41	-164.48	155.38	0	255	0
596	-173.41	-164.48	155.38	0	255	0
596	-173.41	-164.48	155.38	0	255	0
596	-173.41	-164.48	155.38	0	255	0
596	-173.41	-164.48	155.38	0	255	0
596	-173.41	-164.48	155.38	0	255	0
596	-173.41	-164.48	155.38	0	255	0
596	-173.41	-164.48	155.38	0	255	0
596	-173.41	-164.48	155.38	0	255	0
596	-173.41	-164.48	155.38	0	255	0
596	-173.41	-164.48	155.38	0	255	0
596	-173.41	-164.48	155.38	0	255	0
596	-173.41	-164.48	155.38	0	255	0
596	-173.41	-164.48	155.38	0	255	0
596	-173.41	-164.48	155.38	0	255	0
596	-173.41	-164.48	155.38	0	255	0
596	-173.41	-164.48	155.38	0	255	0
596	-173.41	-164.48	155.38	0	255	0
596	-173.41	-164.48	155.38	0	255	0
596	-173.41	-164.48	155.38	0	255	0
596	-173.41	-164.48	155.38	0	255	0
596	-173.41	-164.48	155.38	0	255	0
596	-173.41	-164.48	155.38	0	255	0
596	-173.41	-164.48	155.38	0	255	0
596	-173.41	-164.48	155.38	0	255	0
596	-173.41	-164.48	155.38	0	255	0
596	-173.41	-164.48	155.38	0	255	0
596	-173.41	-164.48	155.38	0	255	0
596	-173.41	-164.48	155.38	0	255	0
596	-173.41	-164.48	155.38	0	255	0
596	-173.41	-164.48	155.38	0	255	0
596	-173.41	-164.48	155.38	0	255	0
596	-173.41	-164.48	155.38	0	255	0
596	-173.41	-164.48	155.38	0	255	0
596	-173.41	-164.48	155.38	0	255	0
596	-173.41	-164.48	155.38	0	255	0
596	-173.41	-164.48	155.38	0	255	0
596	-173.41	-164.48	155.38	0	255	0
596	-173.41	-164.48	155.38	0	255	0
596	-173.41	-164.48	155.38	0	255	0
596	-173.41	-164.48	155.38	0	255	0
596	-173.41	-164.48	155.38	0	255	0
596	-173.41	-164.48	155.38	0	255	0
596	-173.41	-164.48	155.38	0	255	0
596	-173.41	-164.48	155.38	0	255	0
596	-173.41	-164.48	155.38	0	255	0
596	-173.41	-164.48	155.38	0	255	0
596	-173.41	-164.48	155.38	0	255	0
