599	-87.27	-150.84	262.01	0	255	0
599	-87.27	-150.84	262.01	0	255	0
599	-87.27	-150.84	262.01	0	255	0
599	-87.26	-150.84	262.02	0	255	0
599	-87.26	-150.84	262.02	0	255	0
599	-87.26	-150.84	262.03	0	255	0
599	-87.25	-150.84	262.04	0	255	0
599	-87.25	-150.84	262.05	0	255	0
599	-87.24	-150.84	262.07	0	255	0
599	-87.23	-150.83	262.08	0	255	0
599	-87.22	-150.83	262.1	0	255	0
599	-87.21	-150.83	262.12	0	255	0
599	-87.2	-150.83	262.14	0	255	0
599	-87.19	-150.83	262.16	0	255	0
599	-87.18	-150.83	262.18	0	255	0
599	-87.17	-150.82	262.21	0	255	0
599	-87.16	-150.82	262.23	0	255	0
599	-87.14	-150.82	262.26	0	255	0
599	-87.13	-150.82	262.29	0	255	0
599	-87.11	-150.82	262.32	0	255	0
599	-87.1	-150.81	262.35	0	255	0
599	-87.08	-150.81	262.39	0	255	0
599	-87.06	-150.81	262.42	0	255	0
599	-87.05	-150.81	262.46	0	255	0
599	-87.03	-150.8	262.49	0	255	0
599	-87.01	-150.8	262.53	0	255	0
599	-86.99	-150.8	262.57	0	255	0
599	-86.97	-150.79	262.61	0	255	0
599	-86.95	-150.79	262.65	0	255	0
599	-86.93	-150.79	262.7	0	255	0
599	-86.9	-150.78	262.74	0	255	0
599	-86.88	-150.78	262.79	0	255	0
599	-86.86	-150.78	262.84	0	255	0
599	-86.84	-150.77	262.88	0	255	0
599	-86.81	-150.77	262.93	0	255	0
599	-86.79	-150.76	262.98	0	255	0
599	-86.76	-150.76	263.03	0	255	0
599	-86.74	-150.76	263.08	0	255	0
599	-86.71	-150.75	263.14	0	255	0
599	-86.68	-150.75	263.19	0	255	0
599	-86.66	-150.74	263.25	0	255	0
599	-86.63	-150.74	263.3	0	255	0
599	-86.6	-150.73	263.36	0	255	0
599	-86.57	-150.73	263.42	0	255	0
599	-86.54	-150.73	263.47	0	255	0
599	-86.51	-150.72	263.53	0	255	0
599	-86.48	-150.72	263.59	0	255	0
599	-86.45	-150.71	263.65	0	255	0
599	-86.42	-150.71	263.71	0	255	0
599	-86.39	-150.7	263.78	0	255	0
599	-86.36	-150.7	263.84	0	255	0
599	-86.33	-150.69	263.9	0	255	0
599	-86.3	-150.69	263.96	0	255	0
599	-86.27	-150.68	264.03	0	255	0
599	-86.24	-150.68	264.09	0	255	0
599	-86.2	-150.67	264.16	0	255	0
599	-86.17	-150.67	264.22	0	255	0
599	-86.14	-150.66	264.29	0	255	0
599	-86.11	-150.66	264.36	0	255	0
599	-86.07	-150.65	264.42	0	255	0
599	-86.04	-150.65	264.49	0	255	0
599	-86.01	-150.64	264.56	0	255	0
599	-85.97	-150.63	264.63	0	255	0
599	-85.94	-150.63	264.7	0	255	0
599	-85.9	-150.62	264.77	0	255	0
599	-85.87	-150.62	264.83	0	255	0
599	-85.84	-150.61	264.9	0	255	0
599	-85.8	-150.61	264.97	0	255	0
599	-85.77	-150.6	265.04	0	255	0
599	-85.73	-150.6	265.11	0	255	0
599	-85.7	-150.59	265.18	0	255	0
599	-85.66	-150.59	265.25	0	255	0
599	-85.63	-150.58	265.32	0	255	0
599	-85.59	-150.57	265.39	0	255	0
599	-85.56	-150.57	265.47	0	255	0
599	-85.52	-150.56	265.54	0	255	0
599	-85.49	-150.56	265.61	0	255	0
599	-85.45	-150.55	265.68	0	255	0
599	-85.42	-150.55	265.75	0	255	0
599	-85.38	-150.54	265.82	0	255	0
599	-85.35	-150.54	265.89	0	255	0
599	-85.31	-150.53	265.96	0	255	0
599	-85.28	-150.53	266.03	0	255	0
599	-85.24	-150.52	266.1	0	255	0
599	-85.21	-150.51	266.17	0	255	0
599	-85.18	-150.51	266.24	0	255	0
599	-85.14	-150.5	266.31	0	255	0
599	-85.11	-150.5	266.37	0	255	0
599	-85.07	-150.49	266.44	0	255	0
599	-85.04	-150.49	266.51	0	255	0
599	-85.01	-150.48	266.58	0	255	0
599	-84.97	-150.48	266.65	0	255	0
599	-84.94	-150.47	266.71	0	255	0
599	-84.91	-150.47	266.78	0	255	0
599	-84.87	-150.46	266.85	0	255	0
599	-84.84	-150.46	266.91	0	255	0
599	-84.81	-150.45	266.98	0	255	0
599	-84.78	-150.45	267.04	0	255	0
599	-84.75	-150.44	267.11	0	255	0
599	-84.71	-150.44	267.17	0	255	0
599	-84.68	-150.43	267.23	0	255	0
599	-84.65	-150.43	267.3	0	255	0
599	-84.62	-150.42	267.36	0	255	0
599	-84.59	-150.42	267.42	0	255	0
599	-84.56	-150.41	267.48	0	255	0
599	-84.53	-150.41	267.54	0	255	0
599	-84.5	-150.4	267.6	0	255	0
599	-84.47	-150.4	267.66	0	255	0
599	-84.45	-150.39	267.71	0	255	0
599	-84.42	-150.39	267.77	0	255	0
599	-84.39	-150.38	267.82	0	255	0
599	-84.36	-150.38	267.88	0	255	0
599	-84.34	-150.38	267.93	0	255	0
599	-84.31	-150.37	267.99	0	255	0
599	-84.28	-150.37	268.04	0	255	0
599	-84.26	-150.36	268.09	0	255	0
599	-84.23	-150.36	268.14	0	255	0
599	-84.21	-150.36	268.19	0	255	0
599	-84.19	-150.35	268.24	0	255	0
599	-84.16	-150.35	268.28	0	255	0
599	-84.14	-150.34	268.33	0	255	0
599	-84.12	-150.34	268.37	0	255	0
599	-84.1	-150.34	268.42	0	255	0
599	-84.08	-150.33	268.46	0	255	0
599	-84.06	-150.33	268.5	0	255	0
599	-84.04	-150.33	268.54	0	255	0
599	-84.02	-150.33	268.58	0	255	0
599	-84.0	-150.32	268.62	0	255	0
599	-83.98	-150.32	268.65	0	255	0
599	-83.96	-150.32	268.69	0	255	0
599	-83.95	-150.31	268.72	0	255	0
599	-83.93	-150.31	268.75	0	255	0
599	-83.92	-150.31	268.78	0	255	0
599	-83.9	-150.31	268.81	0	255	0
599	-83.89	-150.3	268.84	0	255	0
599	-83.88	-150.3	268.86	0	255	0
599	-83.86	-150.3	268.89	0	255	0
599	-83.85	-150.3	268.91	0	255	0
599	-83.84	-150.3	268.93	0	255	0
599	-83.83	-150.3	268.95	0	255	0
599	-83.82	-150.29	268.97	0	255	0
599	-83.81	-150.29	268.99	0	255	0
599	-83.81	-150.29	269.0	0	255	0
599	-83.8	-150.29	269.02	0	255	0
599	-83.79	-150.29	269.03	0	255	0
599	-83.79	-150.29	269.04	0	255	0
599	-83.79	-150.29	269.05	0	255	0
599	-83.78	-150.29	269.05	0	255	0
599	-83.78	-150.29	269.06	0	255	0
599	-83.78	-150.29	269.06	0	255	0
599	-83.78	-150.29	269.06	0	255	0
599	-83.78	-150.29	269.06	0	255	0
599	-83.78	-150.29	269.06	0	255	0
599	-83.78	-150.29	269.05	0	255	0
599	-83.79	-150.29	269.05	0	255	0
599	-83.79	-150.29	269.04	0	255	0
599	-83.79	-150.29	269.03	0	255	0
599	-83.8	-150.29	269.02	0	255	0
599	-83.81	-150.29	269.0	0	255	0
599	-83.81	-150.29	268.99	0	255	0
599	-83.82	-150.29	268.97	0	255	0
599	-83.83	-150.3	268.96	0	255	0
599	-83.84	-150.3	268.94	0	255	0
599	-83.85	-150.3	268.91	0	255	0
599	-83.86	-150.3	268.89	0	255	0
599	-83.87	-150.3	268.87	0	255	0
599	-83.89	-150.3	268.84	0	255	0
599	-83.9	-150.31	268.81	0	255	0
599	-83.92	-150.31	268.79	0	255	0
599	-83.93	-150.31	268.76	0	255	0
599	-83.95	-150.31	268.72	0	255	0
599	-83.96	-150.32	268.69	0	255	0
599	-83.98	-150.32	268.66	0	255	0
599	-84.0	-150.32	268.62	0	255	0
599	-84.01	-150.32	268.58	0	255	0
599	-84.03	-150.33	268.55	0	255	0
599	-84.05	-150.33	268.51	0	255	0
599	-84.07	-150.33	268.47	0	255	0
599	-84.09	-150.34	268.42	0	255	0
599	-84.11	-150.34	268.38	0	255	0
599	-84.14	-150.34	268.34	0	255	0
599	-84.16	-150.35	268.29	0	255	0
599	-84.18	-150.35	268.25	0	255	0
599	-84.21	-150.36	268.2	0	255	0
599	-84.23	-150.36	268.15	0	255	0
599	-84.25	-150.36	268.1	0	255	0
599	-84.28	-150.37	268.05	0	255	0
599	-84.3	-150.37	268.0	0	255	0
599	-84.33	-150.37	267.95	0	255	0
599	-84.36	-150.38	267.89	0	255	0
599	-84.38	-150.38	267.84	0	255	0
599	-84.41	-150.39	267.78	0	255	0
599	-84.44	-150.39	267.73	0	255	0
599	-84.47	-150.4	267.67	0	255	0
599	-84.49	-150.4	267.61	0	255	0
599	-84.52	-150.41	267.56	0	255	0
599	-84.55	-150.41	267.5	0	255	0
599	-84.58	-150.41	267.44	0	255	0
599	-84.61	-150.42	267.38	0	255	0
599	-84.64	-150.42	267.32	0	255	0
599	-84.67	-150.43	267.25	0	255	0
599	-84.7	-150.43	267.19	0	255	0
599	-84.73	-150.44	267.13	0	255	0
599	-84.77	-150.44	267.07	0	255	0
599	-84.8	-150.45	267.0	0	255	0
599	-84.83	-150.45	266.94	0	255	0
599	-84.86	-150.46	266.87	0	255	0
599	-84.89	-150.46	266.81	0	255	0
599	-84.93	-150.47	266.74	0	255	0
599	-84.96	-150.47	266.67	0	255	0
599	-84.99	-150.48	266.61	0	255	0
599	-85.03	-150.49	266.54	0	255	0
599	-85.06	-150.49	266.47	0	255	0
599	-85.09	-150.5	266.4	0	255	0
599	-85.13	-150.5	266.34	0	255	0
599	-85.16	-150.51	266.27	0	255	0
599	-85.2	-150.51	266.2	0	255	0
599	-85.23	-150.52	266.13	0	255	0
599	-85.26	-150.52	266.06	0	255	0
599	-85.3	-150.53	265.99	0	255	0
599	-85.33	-150.53	265.92	0	255	0
599	-85.37	-150.54	265.85	0	255	0
599	-85.4	-150.54	265.78	0	255	0
599	-85.44	-150.55	265.71	0	255	0
599	-85.47	-150.56	265.64	0	255	0
599	-85.51	-150.56	265.57	0	255	0
599	-85.54	-150.57	265.5	0	255	0
599	-85.57	-150.57	265.43	0	255	0
599	-85.61	-150.58	265.36	0	255	0
599	-85.64	-150.58	265.29	0	255	0
599	-85.68	-150.59	265.22	0	255	0
599	-85.71	-150.59	265.15	0	255	0
599	-85.75	-150.6	265.08	0	255	0
599	-85.78	-150.6	265.01	0	255	0
599	-85.82	-150.61	264.94	0	255	0
599	-85.85	-150.62	264.87	0	255	0
599	-85.88	-150.62	264.8	0	255	0
599	-85.92	-150.63	264.74	0	255	0
599	-85.95	-150.63	264.67	0	255	0
599	-85.99	-150.64	264.6	0	255	0
599	-86.02	-150.64	264.53	0	255	0
599	-86.05	-150.65	264.46	0	255	0
599	-86.09	-150.65	264.4	0	255	0
599	-86.12	-150.66	264.33	0	255	0
599	-86.15	-150.66	264.27	0	255	0
599	-86.18	-150.67	264.2	0	255	0
599	-86.22	-150.67	264.13	0	255	0
599	-86.25	-150.68	264.07	0	255	0
599	-86.28	-150.68	264.01	0	255	0
599	-86.31	-150.69	263.94	0	255	0
599	-86.34	-150.69	263.88	0	255	0
599	-86.37	-150.7	263.82	0	255	0
599	-86.4	-150.7	263.76	0	255	0
599	-86.43	-150.71	263.69	0	255	0
599	-86.46	-150.71	263.63	0	255	0
599	-86.49	-150.72	263.57	0	255	0
599	-86.52	-150.72	263.52	0	255	0
599	-86.55	-150.73	263.46	0	255	0
599	-86.58	-150.73	263.4	0	255	0
599	-86.61	-150.74	263.34	0	255	0
599	-86.64	-150.74	263.29	0	255	0
599	-86.66	-150.74	263.23	0	255	0
599	-86.69	-150.75	263.18	0	255	0
599	-86.72	-150.75	263.12	0	255	0
599	-86.74	-150.76	263.07	0	255	0
599	-86.77	-150.76	263.02	0	255	0
599	-86.79	-150.76	262.97	0	255	0
599	-86.82	-150.77	262.92	0	255	0
599	-86.84	-150.77	262.87	0	255	0
599	-86.86	-150.78	262.83	0	255	0
599	-86.89	-150.78	262.78	0	255	0
599	-86.91	-150.78	262.73	0	255	0
599	-86.93	-150.79	262.69	0	255	0
599	-86.95	-150.79	262.65	0	255	0
599	-86.97	-150.79	262.61	0	255	0
599	-86.99	-150.8	262.56	0	255	0
599	-87.01	-150.8	262.53	0	255	0
599	-87.03	-150.8	262.49	0	255	0
599	-87.05	-150.81	262.45	0	255	0
599	-87.07	-150.81	262.41	0	255	0
599	-87.08	-150.81	262.38	0	255	0
599	-87.1	-150.81	262.35	0	255	0
599	-87.12	-150.82	262.32	0	255	0
599	-87.13	-150.82	262.29	0	255	0
599	-87.15	-150.82	262.26	0	255	0
599	-87.16	-150.82	262.23	0	255	0
599	-87.17	-150.82	262.2	0	255	0
599	-87.18	-150.83	262.18	0	255	0
599	-87.19	-150.83	262.16	0	255	0
599	-87.21	-150.83	262.14	0	255	0
599	-87.22	-150.83	262.12	0	255	0
599	-87.22	-150.83	262.1	0	255	0
599	-87.23	-150.83	262.08	0	255	0
599	-87.24	-150.84	262.07	0	255	0
599	-87.25	-150.84	262.05	0	255	0
599	-87.25	-150.84	262.04	0	255	0
599	-87.26	-150.84	262.03	0	255	0
599	-87.26	-150.84	262.02	0	255	0
599	-87.26	-150.84	262.02	0	255	0
599	-87.27	-150.84	262.01	0	255	0
599	-87.27	-150.84	262.01	0	255	0
599	-87.27	-150.84	262.01	0	255	0
599	-87.27	-150.84	262.01	0	255	0
599	-87.27	-150.84	262.01	0	255	0
599	-87.27	-150.84	262.01	0	255	0
599	-87.27	-150.84	262.01	0	255	0
599	-87.27	-150.84	262.01	0	255	0
599	-87.27	-150.84	262.01	0	255	0
599	-87.27	-150.84	262.01	0	255	0
599	-87.27	-150.84	262.01	0	255	0
599	-87.27	-150.84	262.01	0	255	0
599	-87.27	-150.84	262.01	0	255	0
599	-87.27	-150.84	262.01	0	255	0
599	-87.27	-150.84	262.01	0	255	0
599	-87.27	-150.84	262.01	0	255	0
599	-87.27	-150.84	262.01	0	255	0
599	-87.27	-150.84	262.01	0	255	0
599	-87.27	-150.84	262.01	0	255	0
599	-87.27	-150.84	262.01	0	255	0
599	-87.27	-150.84	262.01	0	255	0
599	-87.27	-150.84	262.01	0	255	0
599	-87.27	-150.84	262.01	0	255	0
599	-87.27	-150.84	262.01	0	255	0
599	-87.27	-150.84	262.01	0	255	0
599	-87.27	-150.84	262.01	0	255	0
599	-87.27	-150.84	262.01	0	255	0
599	-87.27	-150.84	262.01	0	255	0
599	-87.27	-150.84	262.01	0	255	0
599	-87.27	-150.84	262.01	0	255	0
599	-87.27	-150.84	262.01	0	255	0
599	-87.27	-150.84	262.01	0	255	0
599	-87.27	-150.84	262.01	0	255	0
599	-87.27	-150.84	262.01	0	255	0
599	-87.27	-150.84	262.01	0	255	0
599	-87.27	-150.84	262.01	0	255	0
599	-87.27	-150.84	262.01	0	255	0
599	-87.27	-150.84	262.01	0	255	0
599	-87.27	-150.84	262.01	0	255	0
599	-87.27	-150.84	262.01	0	255	0
599	-87.27	-150.84	262.01	0	255	0
599	-87.27	-150.84	262.01	0	255	0
599	-87.27	-150.84	262.01	0	255	0
599	-87.27	-150.84	262.01	0	255	0
599	-87.27	-150.84	262.01	0	255	0
599	-87.27	-150.84	262.01	0	255	0
599	-87.27	-150.84	262.01	0	255	0
599	-87.27	-150.84	262.01	0	255	0
599	-87.27	-150.84	262.01	0	255	0
599	-87.27	-150.84	262.01	0	255	0
599	-87.27	-150.84	262.01	0	255	0
599	-87.27	-150.84	262.01	0	255	0
599	-87.27	-150.84	262.01	0	255	0
599	-87.27	-150.84	262.01	0	255	0
599	-87.27	-150.84	262.01	0	255	0
599	-87.27	-150.84	262.01	0	255	0
599	-87.27	-150.84	262.01	0	255	0
599	-87.27	-150.84	262.01	0	255	0
599	-87.27	-150.84	262.01	0	255	0
599	-87.27	-150.84	262.01	0	255	0
599	-87.27	-150.84	262.01	0	255	0
599	-87.27	-150.84	262.01	0	255	0
599	-87.27	-150.84	262.01	0	255	0
599	-87.27	-150.84	262.01	0	255	0
599	-87.27	-150.84	262.01	0	255	0
599	-87.27	-150.84	262.01	0	255	0
599	-87.27	-150.84	262.01	0	255	0
599	-87.27	-150.84	262.01	0	255	0
599	-87.27	-150.84	262.01	0	255	0
599	-87.27	-150.84	262.01	0	255	0
599	-87.27	-150.84	262.01	0	255	0
599	-87.27	-150.84	262.01	0	255	0
599	-87.27	-150.84	262.01	0	255	0
599	-87.27	-150.84	262.01	0	255	0
599	-87.27	-150.84	262.01	0	255	0
599	-87.27	-150.84	262.01	0	255	0
599	-87.27	-150.84	262.01	0	255	0
599	-87.27	-150.84	262.01	0	255	0
599	-87.27	-150.84	262.01	0	255	0
599	-87.27	-150.84	262.01	0	255	0
599	-87.27	-150.84	262.01	0	255	0
599	-87.27	-150.84	262.01	0	255	0
599	-87.27	-150.84	262.01	0	255	0
599	-87.27	-150.84	262.01	0	255	0
599	-87.27	-150.84	262.01	0	255	0
599	-87.27	-150.84	262.01	0	255	0
599	-87.27	-150.84	262.01	0	255	0
599	-87.27	-150.84	262.01	0	255	0
599	-87.27	-150.84	262.01	0	255	0
599	-87.27	-150.84	262.01	0	255	0
599	-87.27	-150.84	262.01	0	255	0
599	-87.27	-150.84	262.01	0	255	0
599	-87.27	-150.84	262.01	0	255	0
599	-87.27	-150.84	262.01	0	255	0
599	-87.27	-150.84	262.01	0	255	0
599	-87.27	-150.84	262.01	0	255	0
599	-87.27	-150.84	262.01	0	255	0
599	-87.27	-150.84	262.01	0	255	0
599	-87.27	-150.84	262.01	0	255	0
599	-87.27	-150.84	262.01	0	255	0
599	-87.27	-150.84	262.01	0	255	0
599	-87.27	-150.84	262.01	0	255	0
599	-87.27	-150.84	262.01	0	255	0
599	-87.27	-150.84	262.01	0	255	0
599	-87.27	-150.84	262.01	0	255	0
599	-87.27	-150.84	262.01	0	255	0
599	-87.27	-150.84	262.01	0	255	0
599	-87.27	-150.84	262.01	0	255	0
599	-87.27	-150.84	262.01	0	255	0
599	-87.27	-150.84	262.01	0	255	0
599	-87.27	-150.84	262.01	0	255	0
599	-87.27	-150.84	262.01	0	255	0
599	-87.27	-150.84	262.01	0	255	0
599	-87.27	-150.84	262.01	0	255	0
599	-87.27	-150.84	262.01	0	255	0
599	-87.27	-150.84	262.01	0	255	0
599	-87.27	-150.84	262.01	0	255	0
599	-87.27	-150.84	262.01	0	255	0
599	-87.27	-150.84	262.01	0	255	0
599	-87.27	-150.84	262.01	0	255	0
599	-87.27	-150.84	262.01	0	255	0
599	-87.27	-150.84	262.01	0	255	0
599	-87.27	-150.84	262.01	0	255	0
599	-87.27	-150.84	262.01	0	255	0
599	-87.27	-150.84	262.01	0	255	0
599	-87.27	-150.84	262.01	0	255	0
599	-87.27	-150.84	262.01	0	255	0
599	-87.27	-150.84	262.01	0	255	0
599	-87.27	-150.84	262.01	0	255	0
599	-87.27	-150.84	262.01	0	255	0
599	-87.27	-150.84	262.01	0	255	0
599	-87.27	-150.84	262.01	0	255	0
599	-87.27	-150.84	262.01	0	255	0
599	-87.27	-150.84	262.01	0	255	0
599	-87.27	-150.84	262.01	0	255	0
599	-87.27	-150.84	262.01	0	255	0
599	-87.27	-150.84	262.01	0	255	0
599	-87.27	-150.84	262.01	0	255	0
599	-87.27	-150.84	262.01	0	255	0
599	-87.27	-150.84	262.01	0	255	0
599	-87.27	-150.84	262.01	0	255	0
599	-87.27	-150.84	262.01	0	255	0
599	-87.27	-150.84	262.01	0	255	0
599	-87.27	-150.84	262.01	0	255	0
599	-87.27	-150.84	262.01	0	255	0
599	-87.27	-150.84	262.01	0	255	0
599	-87.27	-150.84	262.01	0	255	0
599	-87.27	-150.84	262.01	0	255	0
599	-87.27	-150.84	262.01	0	255	0
599	-87.27	-150.84	262.01	0	255	0
599	-87.27	-150.84	262.01	0	255	0
599	-87.27	-150.84	262.01	0	255	0
