600	-93.1	-151.76	265.22	0	255	0
600	-93.1	-151.76	265.22	0	255	0
600	-93.1	-151.76	265.22	0	255	0
600	-93.09	-151.76	265.23	0	255	0
600	-93.09	-151.76	265.24	0	255	0
600	-93.09	-151.76	265.24	0	255	0
600	-93.08	-151.76	265.25	0	255	0
600	-93.08	-151.76	265.27	0	255	0
600	-93.07	-151.76	265.28	0	255	0
600	-93.07	-151.76	265.3	0	255	0
600	-93.06	-151.76	265.31	0	255	0
600	-93.05	-151.76	265.33	0	255	0
600	-93.05	-151.76	265.35	0	255	0
600	-93.04	-151.75	265.38	0	255	0
600	-93.03	-151.75	265.4	0	255	0
600	-93.02	-151.75	265.43	0	255	0
600	-93.01	-151.75	265.46	0	255	0
600	-93.0	-151.75	265.48	0	255	0
600	-92.99	-151.75	265.51	0	255	0
600	-92.97	-151.74	265.55	0	255	0
600	-92.96	-151.74	265.58	0	255	0
600	-92.95	-151.74	265.62	0	255	0
600	-92.93	-151.74	265.65	0	255	0
600	-92.92	-151.74	265.69	0	255	0
600	-92.9	-151.73	265.73	0	255	0
600	-92.89	-151.73	265.77	0	255	0
600	-92.87	-151.73	265.81	0	255	0
600	-92.86	-151.73	265.85	0	255	0
600	-92.84	-151.72	265.9	0	255	0
600	-92.82	-151.72	265.94	0	255	0
600	-92.8	-151.72	265.99	0	255	0
600	-92.79	-151.71	266.04	0	255	0
600	-92.77	-151.71	266.09	0	255	0
600	-92.75	-151.71	266.14	0	255	0
600	-92.73	-151.71	266.19	0	255	0
600	-92.71	-151.7	266.24	0	255	0
600	-92.69	-151.7	266.3	0	255	0
600	-92.67	-151.7	266.35	0	255	0
600	-92.65	-151.69	266.41	0	255	0
600	-92.62	-151.69	266.46	0	255	0
600	-92.6	-151.69	266.52	0	255	0
600	-92.58	-151.68	266.58	0	255	0
600	-92.56	-151.68	266.64	0	255	0
600	-92.54	-151.67	266.7	0	255	0
600	-92.51	-151.67	266.76	0	255	0
600	-92.49	-151.67	266.82	0	255	0
600	-92.46	-151.66	266.89	0	255	0
600	-92.44	-151.66	266.95	0	255	0
600	-92.42	-151.66	267.01	0	255	0
600	-92.39	-151.65	267.08	0	255	0
600	-92.37	-151.65	267.14	0	255	0
600	-92.34	-151.64	267.21	0	255	0
600	-92.32	-151.64	267.28	0	255	0
600	-92.29	-151.64	267.35	0	255	0
600	-92.26	-151.63	267.41	0	255	0
600	-92.24	-151.63	267.48	0	255	0
600	-92.21	-151.62	267.55	0	255	0
600	-92.19	-151.62	267.62	0	255	0
600	-92.16	-151.61	267.69	0	255	0
600	-92.13	-151.61	267.76	0	255	0
600	-92.11	-151.61	267.83	0	255	0
600	-92.08	-151.6	267.9	0	255	0
600	-92.05	-151.6	267.98	0	255	0
600	-92.02	-151.59	268.05	0	255	0
600	-92.0	-151.59	268.12	0	255	0
600	-91.97	-151.58	268.19	0	255	0
600	-91.94	-151.58	268.27	0	255	0
600	-91.91	-151.58	268.34	0	255	0
600	-91.89	-151.57	268.41	0	255	0
600	-91.86	-151.57	268.49	0	255	0
600	-91.83	-151.56	268.56	0	255	0
600	-91.8	-151.56	268.63	0	255	0
600	-91.77	-151.55	268.71	0	255	0
600	-91.74	-151.55	268.78	0	255	0
600	-91.72	-151.54	268.86	0	255	0
600	-91.69	-151.54	268.93	0	255	0
600	-91.66	-151.54	269.01	0	255	0
600	-91.63	-151.53	269.08	0	255	0
600	-91.6	-151.53	269.15	0	255	0
600	-91.58	-151.52	269.23	0	255	0
600	-91.55	-151.52	269.3	0	255	0
600	-91.52	-151.51	269.38	0	255	0
600	-91.49	-151.51	269.45	0	255	0
600	-91.46	-151.5	269.52	0	255	0
600	-91.44	-151.5	269.6	0	255	0
600	-91.41	-151.5	269.67	0	255	0
600	-91.38	-151.49	269.74	0	255	0
600	-91.35	-151.49	269.81	0	255	0
600	-91.33	-151.48	269.89	0	255	0
600	-91.3	-151.48	269.96	0	255	0
600	-91.27	-151.47	270.03	0	255	0
600	-91.24	-151.47	270.1	0	255	0
600	-91.22	-151.47	270.17	0	255	0
600	-91.19	-151.46	270.24	0	255	0
600	-91.16	-151.46	270.31	0	255	0
600	-91.14	-151.45	270.38	0	255	0
600	-91.11	-151.45	270.45	0	255	0
600	-91.09	-151.45	270.52	0	255	0
600	-91.06	-151.44	270.59	0	255	0
600	-91.04	-151.44	270.65	0	255	0
600	-91.01	-151.43	270.72	0	255	0
600	-90.99	-151.43	270.78	0	255	0
600	-90.96	-151.43	270.85	0	255	0
600	-90.94	-151.42	270.91	0	255	0
600	-90.91	-151.42	270.98	0	255	0
600	-90.89	-151.41	271.04	0	255	0
600	-90.87	-151.41	271.1	0	255	0
600	-90.84	-151.41	271.16	0	255	0
600	-90.82	-151.4	271.22	0	255	0
600	-90.8	-151.4	271.28	0	255	0
600	-90.77	-151.4	271.34	0	255	0
600	-90.75	-151.39	271.4	0	255	0
600	-90.73	-151.39	271.46	0	255	0
600	-90.71	-151.39	271.51	0	255	0
600	-90.69	-151.38	271.57	0	255	0
600	-90.67	-151.38	271.62	0	255	0
600	-90.65	-151.38	271.67	0	255	0
600	-90.63	-151.37	271.72	0	255	0
600	-90.61	-151.37	271.77	0	255	0
600	-90.59	-151.37	271.82	0	255	0
600	-90.57	-151.36	271.87	0	255	0
600	-90.56	-151.36	271.92	0	255	0
600	-90.54	-151.36	271.96	0	255	0
600	-90.52	-151.36	272.01	0	255	0
600	-90.5	-151.35	272.05	0	255	0
600	-90.49	-151.35	272.09	0	255	0
600	-90.47	-151.35	272.13	0	255	0
600	-90.46	-151.35	272.17	0	255	0
600	-90.44	-151.34	272.21	0	255	0
600	-90.43	-151.34	272.25	0	255	0
600	-90.42	-151.34	272.28	0	255	0
600	-90.4	-151.34	272.32	0	255	0
600	-90.39	-151.33	272.35	0	255	0
600	-90.38	-151.33	272.38	0	255	0
600	-90.37	-151.33	272.41	0	255	0
600	-90.36	-151.33	272.44	0	255	0
600	-90.35	-151.33	272.46	0	255	0
600	-90.34	-151.33	272.49	0	255	0
600	-90.33	-151.33	272.51	0	255	0
600	-90.32	-151.32	272.53	0	255	0
600	-90.32	-151.32	272.55	0	255	0
600	-90.31	-151.32	272.57	0	255	0
600	-90.3	-151.32	272.58	0	255	0
600	-90.3	-151.32	272.6	0	255	0
600	-90.29	-151.32	272.61	0	255	0
600	-90.29	-151.32	272.62	0	255	0
600	-90.29	-151.32	272.63	0	255	0
600	-90.28	-151.32	272.63	0	255	0
600	-90.28	-151.32	272.64	0	255	0
600	-90.28	-151.32	272.64	0	255	0
600	-90.28	-151.32	272.64	0	255	0
600	-90.28	-151.32	272.64	0	255	0
600	-90.28	-151.32	272.64	0	255	0
600	-90.28	-151.32	272.63	0	255	0
600	-90.29	-151.32	272.63	0	255	0
600	-90.29	-151.32	272.62	0	255	0
600	-90.29	-151.32	272.61	0	255	0
600	-90.3	-151.32	272.6	0	255	0
600	-90.3	-151.32	272.58	0	255	0
600	-90.31	-151.32	272.57	0	255	0
600	-90.32	-151.32	272.55	0	255	0
600	-90.32	-151.32	272.53	0	255	0
600	-90.33	-151.33	272.51	0	255	0
600	-90.34	-151.33	272.49	0	255	0
600	-90.35	-151.33	272.46	0	255	0
600	-90.36	-151.33	272.44	0	255	0
600	-90.37	-151.33	272.41	0	255	0
600	-90.38	-151.33	272.38	0	255	0
600	-90.39	-151.33	272.35	0	255	0
600	-90.4	-151.34	272.32	0	255	0
600	-90.42	-151.34	272.29	0	255	0
600	-90.43	-151.34	272.25	0	255	0
600	-90.44	-151.34	272.22	0	255	0
600	-90.46	-151.35	272.18	0	255	0
600	-90.47	-151.35	272.14	0	255	0
600	-90.49	-151.35	272.1	0	255	0
600	-90.5	-151.35	272.06	0	255	0
600	-90.52	-151.35	272.02	0	255	0
600	-90.53	-151.36	271.97	0	255	0
600	-90.55	-151.36	271.93	0	255	0
600	-90.57	-151.36	271.88	0	255	0
600	-90.59	-151.37	271.83	0	255	0
600	-90.61	-151.37	271.78	0	255	0
600	-90.62	-151.37	271.73	0	255	0
600	-90.64	-151.37	271.68	0	255	0
600	-90.66	-151.38	271.63	0	255	0
600	-90.68	-151.38	271.58	0	255	0
600	-90.7	-151.38	271.52	0	255	0
600	-90.73	-151.39	271.47	0	255	0
600	-90.75	-151.39	271.41	0	255	0
600	-90.77	-151.39	271.36	0	255	0
600	-90.79	-151.4	271.3	0	255	0
600	-90.81	-151.4	271.24	0	255	0
600	-90.84	-151.41	271.18	0	255	0
600	-90.86	-151.41	271.12	0	255	0
600	-90.88	-151.41	271.06	0	255	0
600	-90.91	-151.42	271.0	0	255	0
600	-90.93	-151.42	270.93	0	255	0
600	-90.95	-151.42	270.87	0	255	0
600	-90.98	-151.43	270.81	0	255	0
600	-91.0	-151.43	270.74	0	255	0
600	-91.03	-151.44	270.67	0	255	0
600	-91.05	-151.44	270.61	0	255	0
600	-91.08	-151.44	270.54	0	255	0
600	-91.1	-151.45	270.47	0	255	0
600	-91.13	-151.45	270.41	0	255	0
600	-91.16	-151.46	270.34	0	255	0
600	-91.18	-151.46	270.27	0	255	0
600	-91.21	-151.46	270.2	0	255	0
600	-91.23	-151.47	270.13	0	255	0
600	-91.26	-151.47	270.06	0	255	0
600	-91.29	-151.48	269.99	0	255	0
600	-91.31	-151.48	269.92	0	255	0
600	-91.34	-151.49	269.84	0	255	0
600	-91.37	-151.49	269.77	0	255	0
600	-91.4	-151.49	269.7	0	255	0
600	-91.42	-151.5	269.63	0	255	0
600	-91.45	-151.5	269.56	0	255	0
600	-91.48	-151.51	269.48	0	255	0
600	-91.51	-151.51	269.41	0	255	0
600	-91.53	-151.52	269.34	0	255	0
600	-91.56	-151.52	269.26	0	255	0
600	-91.59	-151.52	269.19	0	255	0
600	-91.62	-151.53	269.12	0	255	0
600	-91.65	-151.53	269.04	0	255	0
600	-91.67	-151.54	268.97	0	255	0
600	-91.7	-151.54	268.89	0	255	0
600	-91.73	-151.55	268.82	0	255	0
600	-91.76	-151.55	268.75	0	255	0
600	-91.79	-151.56	268.67	0	255	0
600	-91.81	-151.56	268.6	0	255	0
600	-91.84	-151.56	268.53	0	255	0
600	-91.87	-151.57	268.45	0	255	0
600	-91.9	-151.57	268.38	0	255	0
600	-91.93	-151.58	268.31	0	255	0
600	-91.95	-151.58	268.23	0	255	0
600	-91.98	-151.59	268.16	0	255	0
600	-92.01	-151.59	268.09	0	255	0
600	-92.04	-151.6	268.02	0	255	0
600	-92.06	-151.6	267.95	0	255	0
600	-92.09	-151.6	267.88	0	255	0
600	-92.12	-151.61	267.8	0	255	0
600	-92.14	-151.61	267.73	0	255	0
600	-92.17	-151.62	267.66	0	255	0
600	-92.2	-151.62	267.59	0	255	0
600	-92.22	-151.62	267.53	0	255	0
600	-92.25	-151.63	267.46	0	255	0
600	-92.27	-151.63	267.39	0	255	0
600	-92.3	-151.64	267.32	0	255	0
600	-92.33	-151.64	267.25	0	255	0
600	-92.35	-151.65	267.19	0	255	0
600	-92.38	-151.65	267.12	0	255	0
600	-92.4	-151.65	267.06	0	255	0
600	-92.42	-151.66	266.99	0	255	0
600	-92.45	-151.66	266.93	0	255	0
600	-92.47	-151.66	266.87	0	255	0
600	-92.5	-151.67	266.8	0	255	0
600	-92.52	-151.67	266.74	0	255	0
600	-92.54	-151.68	266.68	0	255	0
600	-92.56	-151.68	266.62	0	255	0
600	-92.59	-151.68	266.56	0	255	0
600	-92.61	-151.69	266.51	0	255	0
600	-92.63	-151.69	266.45	0	255	0
600	-92.65	-151.69	266.39	0	255	0
600	-92.67	-151.7	266.34	0	255	0
600	-92.69	-151.7	266.28	0	255	0
600	-92.71	-151.7	266.23	0	255	0
600	-92.73	-151.71	266.18	0	255	0
600	-92.75	-151.71	266.13	0	255	0
600	-92.77	-151.71	266.08	0	255	0
600	-92.79	-151.71	266.03	0	255	0
600	-92.81	-151.72	265.98	0	255	0
600	-92.83	-151.72	265.94	0	255	0
600	-92.84	-151.72	265.89	0	255	0
600	-92.86	-151.73	265.85	0	255	0
600	-92.88	-151.73	265.8	0	255	0
600	-92.89	-151.73	265.76	0	255	0
600	-92.91	-151.73	265.72	0	255	0
600	-92.92	-151.74	265.68	0	255	0
600	-92.94	-151.74	265.65	0	255	0
600	-92.95	-151.74	265.61	0	255	0
600	-92.96	-151.74	265.58	0	255	0
600	-92.97	-151.74	265.54	0	255	0
600	-92.99	-151.75	265.51	0	255	0
600	-93.0	-151.75	265.48	0	255	0
600	-93.01	-151.75	265.45	0	255	0
600	-93.02	-151.75	265.43	0	255	0
600	-93.03	-151.75	265.4	0	255	0
600	-93.04	-151.75	265.38	0	255	0
600	-93.05	-151.76	265.35	0	255	0
600	-93.05	-151.76	265.33	0	255	0
600	-93.06	-151.76	265.31	0	255	0
600	-93.07	-151.76	265.3	0	255	0
600	-93.07	-151.76	265.28	0	255	0
600	-93.08	-151.76	265.27	0	255	0
600	-93.08	-151.76	265.25	0	255	0
600	-93.09	-151.76	265.24	0	255	0
600	-93.09	-151.76	265.24	0	255	0
600	-93.09	-151.76	265.23	0	255	0
600	-93.1	-151.76	265.22	0	255	0
600	-93.1	-151.76	265.22	0	255	0
600	-93.1	-151.76	265.22	0	255	0
600	-93.1	-151.76	265.22	0	255	0
600	-93.1	-151.76	265.22	0	255	0
600	-93.1	-151.76	265.22	0	255	0
600	-93.1	-151.76	265.22	0	255	0
600	-93.1	-151.76	265.22	0	255	0
600	-93.1	-151.76	265.22	0	255	0
600	-93.1	-151.76	265.22	0	255	0
600	-93.1	-151.76	265.22	0	255	0
600	-93.1	-151.76	265.22	0	255	0
600	-93.1	-151.76	265.22	0	255	0
600	-93.1	-151.76	265.22	0	255	0
600	-93.1	-151.76	265.22	0	255	0
600	-93.1	-151.76	265.22	0	255	0
600	-93.1	-151.76	265.22	0	255	0
600	-93.1	-151.76	265.22	0	255	0
600	-93.1	-151.76	265.22	0	255	0
600	-93.1	-151.76	265.22	0	255	0
600	-93.1	-151.76	265.22	0	255	0
600	-93.1	-151.76	265.22	0	255	0
600	-93.1	-151.76	265.22	0	255	0
600	-93.1	-151.76	265.22	0	255	0
600	-93.1	-151.76	265.22	0	255	0
600	-93.1	-151.76	265.22	0	255	0
600	-93.1	-151.76	265.22	0	255	0
600	-93.1	-151.76	265.22	0	255	0
600	-93.1	-151.76	265.22	0	255	0
600	-93.1	-151.76	265.22	0	255	0
600	-93.1	-151.76	265.22	0	255	0
600	-93.1	-151.76	265.22	0	255	0
600	-93.1	-151.76	265.22	0	255	0
600	-93.1	-151.76	265.22	0	255	0
600	-93.1	-151.76	265.22	0	255	0
600	-93.1	-151.76	265.22	0	255	0
600	-93.1	-151.76	265.22	0	255	0
600	-93.1	-151.76	265.22	0	255	0
600	-93.1	-151.76	265.22	0	255	0
600	-93.1	-151.76	265.22	0	255	0
600	-93.1	-151.76	265.22	0	255	0
600	-93.1	-151.76	265.22	0	255	0
600	-93.1	-151.76	265.22	0	255	0
600	-93.1	-151.76	265.22	0	255	0
600	-93.1	-151.76	265.22	0	255	0
600	-93.1	-151.76	265.22	0	255	0
600	-93.1	-151.76	265.22	0	255	0
600	-93.1	-151.76	265.22	0	255	0
600	-93.1	-151.76	265.22	0	255	0
600	-93.1	-151.76	265.22	0	255	0
600	-93.1	-151.76	265.22	0	255	0
600	-93.1	-151.76	265.22	0	255	0
600	-93.1	-151.76	265.22	0	255	0
600	-93.1	-151.76	265.22	0	255	0
600	-93.1	-151.76	265.22	0	255	0
600	-93.1	-151.76	265.22	0	255	0
600	-93.1	-151.76	265.22	0	255	0
600	-93.1	-151.76	265.22	0	255	0
600	-93.1	-151.76	265.22	0	255	0
600	-93.1	-151.76	265.22	0	255	0
600	-93.1	-151.76	265.22	0	255	0
600	-93.1	-151.76	265.22	0	255	0
600	-93.1	-151.76	265.22	0	255	0
600	-93.1	-151.76	265.22	0	255	0
600	-93.1	-151.76	265.22	0	255	0
600	-93.1	-151.76	265.22	0	255	0
600	-93.1	-151.76	265.22	0	255	0
600	-93.1	-151.76	265.22	0	255	0
600	-93.1	-151.76	265.22	0	255	0
600	-93.1	-151.76	265.22	0	255	0
600	-93.1	-151.76	265.22	0	255	0
600	-93.1	-151.76	265.22	0	255	0
600	-93.1	-151.76	265.22	0	255	0
600	-93.1	-151.76	265.22	0	255	0
600	-93.1	-151.76	265.22	0	255	0
600	-93.1	-151.76	265.22	0	255	0
600	-93.1	-151.76	265.22	0	255	0
600	-93.1	-151.76	265.22	0	255	0
600	-93.1	-151.76	265.22	0	255	0
600	-93.1	-151.76	265.22	0	255	0
600	-93.1	-151.76	265.22	0	255	0
600	-93.1	-151.76	265.22	0	255	0
600	-93.1	-151.76	265.22	0	255	0
600	-93.1	-151.76	265.22	0	255	0
600	-93.1	-151.76	265.22	0	255	0
600	-93.1	-151.76	265.22	0	255	0
600	-93.1	-151.76	265.22	0	255	0
600	-93.1	-151.76	265.22	0	255	0
600	-93.1	-151.76	265.22	0	255	0
600	-93.1	-151.76	265.22	0	255	0
600	-93.1	-151.76	265.22	0	255	0
600	-93.1	-151.76	265.22	0	255	0
600	-93.1	-151.76	265.22	0	255	0
600	-93.1	-151.76	265.22	0	255	0
600	-93.1	-151.76	265.22	0	255	0
600	-93.1	-151.76	265.22	0	255	0
600	-93.1	-151.76	265.22	0	255	0
600	-93.1	-151.76	265.22	0	255	0
600	-93.1	-151.76	265.22	0	255	0
600	-93.1	-151.76	265.22	0	255	0
600	-93.1	-151.76	265.22	0	255	0
600	-93.1	-151.76	265.22	0	255	0
600	-93.1	-151.76	265.22	0	255	0
600	-93.1	-151.76	265.22	0	255	0
600	-93.1	-151.76	265.22	0	255	0
600	-93.1	-151.76	265.22	0	255	0
600	-93.1	-151.76	265.22	0	255	0
600	-93.1	-151.76	265.22	0	255	0
600	-93.1	-151.76	265.22	0	255	0
600	-93.1	-151.76	265.22	0	255	0
600	-93.1	-151.76	265.22	0	255	0
600	-93.1	-151.76	265.22	0	255	0
600	-93.1	-151.76	265.22	0	255	0
600	-93.1	-151.76	265.22	0	255	0
600	-93.1	-151.76	265.22	0	255	0
600	-93.1	-151.76	265.22	0	255	0
600	-93.1	-151.76	265.22	0	255	0
600	-93.1	-151.76	265.22	0	255	0
600	-93.1	-151.76	265.22	0	255	0
600	-93.1	-151.76	265.22	0	255	0
600	-93.1	-151.76	265.22	0	255	0
600	-93.1	-151.76	265.22	0	255	0
600	-93.1	-151.76	265.22	0	255	0
600	-93.1	-151.76	265.22	0	255	0
600	-93.1	-151.76	265.22	0	255	0
600	-93.1	-151.76	265.22	0	255	0
600	-93.1	-151.76	265.22	0	255	0
600	-93.1	-151.76	265.22	0	255	0
600	-93.1	-151.76	265.22	0	255	0
600	-93.1	-151.76	265.22	0	255	0
600	-93.1	-151.76	265.22	0	255	0
600	-93.1	-151.76	265.22	0	255	0
600	-93.1	-151.76	265.22	0	255	0
600	-93.1	-151.76	265.22	0	255	0
600	-93.1	-151.76	265.22	0	255	0
600	-93.1	-151.76	265.22	0	255	0
600	-93.1	-151.76	265.22	0	255	0
600	-93.1	-151.76	265.22	0	255	0
600	-93.1	-151.76	265.22	0	255	0
600	-93.1	-151.76	265.22	0	255	0
600	-93.1	-151.76	265.22	0	255	0
600	-93.1	-151.76	265.22	0	255	0
600	-93.1	-151.76	265.22	0	255	0
600	-93.1	-151.76	265.22	0	255	0
600	-93.1	-151.76	265.22	0	255	0
600	-93.1	-151.76	265.22	0	255	0
600	-93.1	-151.76	265.22	0	255	0
600	-93.1	-151.76	265.22	0	255	0
600	-93.1	-151.76	265.22	0	255	0
600	-93.1	-151.76	265.22	0	255	0
600	-93.1	-151.76	265.22	0	255	0
600	-93.1	-151.76	265.22	0	255	0
