607	-70.48	-148.18	252.36	0	255	0
607	-70.47	-148.18	252.36	0	255	0
607	-70.47	-148.18	252.37	0	255	0
607	-70.47	-148.18	252.37	0	255	0
607	-70.46	-148.18	252.37	0	255	0
607	-70.46	-148.18	252.38	0	255	0
607	-70.45	-148.18	252.39	0	255	0
607	-70.44	-148.18	252.4	0	255	0
607	-70.43	-148.17	252.41	0	255	0
607	-70.42	-148.17	252.42	0	255	0
607	-70.41	-148.17	252.44	0	255	0
607	-70.39	-148.17	252.45	0	255	0
607	-70.38	-148.16	252.47	0	255	0
607	-70.36	-148.16	252.49	0	255	0
607	-70.34	-148.16	252.51	0	255	0
607	-70.32	-148.16	252.53	0	255	0
607	-70.3	-148.15	252.55	0	255	0
607	-70.28	-148.15	252.57	0	255	0
607	-70.26	-148.15	252.6	0	255	0
607	-70.24	-148.14	252.62	0	255	0
607	-70.21	-148.14	252.65	0	255	0
607	-70.19	-148.13	252.68	0	255	0
607	-70.16	-148.13	252.71	0	255	0
607	-70.13	-148.13	252.74	0	255	0
607	-70.1	-148.12	252.77	0	255	0
607	-70.07	-148.12	252.8	0	255	0
607	-70.04	-148.11	252.84	0	255	0
607	-70.01	-148.11	252.87	0	255	0
607	-69.98	-148.1	252.91	0	255	0
607	-69.95	-148.1	252.94	0	255	0
607	-69.91	-148.09	252.98	0	255	0
607	-69.88	-148.09	253.02	0	255	0
607	-69.84	-148.08	253.06	0	255	0
607	-69.8	-148.07	253.1	0	255	0
607	-69.77	-148.07	253.14	0	255	0
607	-69.73	-148.06	253.18	0	255	0
607	-69.69	-148.06	253.22	0	255	0
607	-69.65	-148.05	253.27	0	255	0
607	-69.61	-148.04	253.31	0	255	0
607	-69.57	-148.04	253.36	0	255	0
607	-69.52	-148.03	253.4	0	255	0
607	-69.48	-148.02	253.45	0	255	0
607	-69.44	-148.02	253.5	0	255	0
607	-69.39	-148.01	253.55	0	255	0
607	-69.35	-148.0	253.6	0	255	0
607	-69.3	-147.99	253.64	0	255	0
607	-69.26	-147.99	253.7	0	255	0
607	-69.21	-147.98	253.75	0	255	0
607	-69.16	-147.97	253.8	0	255	0
607	-69.12	-147.97	253.85	0	255	0
607	-69.07	-147.96	253.9	0	255	0
607	-69.02	-147.95	253.95	0	255	0
607	-68.97	-147.94	254.01	0	255	0
607	-68.92	-147.93	254.06	0	255	0
607	-68.87	-147.93	254.12	0	255	0
607	-68.82	-147.92	254.17	0	255	0
607	-68.77	-147.91	254.23	0	255	0
607	-68.72	-147.9	254.28	0	255	0
607	-68.67	-147.89	254.34	0	255	0
607	-68.62	-147.89	254.4	0	255	0
607	-68.57	-147.88	254.45	0	255	0
607	-68.51	-147.87	254.51	0	255	0
607	-68.46	-147.86	254.57	0	255	0
607	-68.41	-147.85	254.62	0	255	0
607	-68.35	-147.84	254.68	0	255	0
607	-68.3	-147.84	254.74	0	255	0
607	-68.25	-147.83	254.8	0	255	0
607	-68.19	-147.82	254.86	0	255	0
607	-68.14	-147.81	254.92	0	255	0
607	-68.09	-147.8	254.98	0	255	0
607	-68.03	-147.79	255.04	0	255	0
607	-67.98	-147.79	255.09	0	255	0
607	-67.92	-147.78	255.15	0	255	0
607	-67.87	-147.77	255.21	0	255	0
607	-67.82	-147.76	255.27	0	255	0
607	-67.76	-147.75	255.33	0	255	0
607	-67.71	-147.74	255.39	0	255	0
607	-67.65	-147.73	255.45	0	255	0
607	-67.6	-147.72	255.51	0	255	0
607	-67.54	-147.72	255.57	0	255	0
607	-67.49	-147.71	255.63	0	255	0
607	-67.44	-147.7	255.69	0	255	0
607	-67.38	-147.69	255.75	0	255	0
607	-67.33	-147.68	255.8	0	255	0
607	-67.28	-147.67	255.86	0	255	0
607	-67.22	-147.67	255.92	0	255	0
607	-67.17	-147.66	255.98	0	255	0
607	-67.12	-147.65	256.04	0	255	0
607	-67.06	-147.64	256.1	0	255	0
607	-67.01	-147.63	256.15	0	255	0
607	-66.96	-147.62	256.21	0	255	0
607	-66.91	-147.62	256.27	0	255	0
607	-66.85	-147.61	256.32	0	255	0
607	-66.8	-147.6	256.38	0	255	0
607	-66.75	-147.59	256.44	0	255	0
607	-66.7	-147.58	256.49	0	255	0
607	-66.65	-147.57	256.55	0	255	0
607	-66.6	-147.57	256.6	0	255	0
607	-66.55	-147.56	256.65	0	255	0
607	-66.5	-147.55	256.71	0	255	0
607	-66.46	-147.54	256.76	0	255	0
607	-66.41	-147.54	256.81	0	255	0
607	-66.36	-147.53	256.87	0	255	0
607	-66.31	-147.52	256.92	0	255	0
607	-66.27	-147.51	256.97	0	255	0
607	-66.22	-147.51	257.02	0	255	0
607	-66.18	-147.5	257.07	0	255	0
607	-66.13	-147.49	257.12	0	255	0
607	-66.09	-147.49	257.17	0	255	0
607	-66.04	-147.48	257.21	0	255	0
607	-66.0	-147.47	257.26	0	255	0
607	-65.96	-147.47	257.31	0	255	0
607	-65.92	-147.46	257.35	0	255	0
607	-65.88	-147.45	257.4	0	255	0
607	-65.84	-147.45	257.44	0	255	0
607	-65.8	-147.44	257.48	0	255	0
607	-65.76	-147.43	257.52	0	255	0
607	-65.72	-147.43	257.57	0	255	0
607	-65.68	-147.42	257.61	0	255	0
607	-65.65	-147.42	257.65	0	255	0
607	-65.61	-147.41	257.68	0	255	0
607	-65.58	-147.4	257.72	0	255	0
607	-65.54	-147.4	257.76	0	255	0
607	-65.51	-147.39	257.79	0	255	0
607	-65.48	-147.39	257.83	0	255	0
607	-65.45	-147.38	257.86	0	255	0
607	-65.42	-147.38	257.89	0	255	0
607	-65.39	-147.38	257.93	0	255	0
607	-65.36	-147.37	257.96	0	255	0
607	-65.34	-147.37	257.98	0	255	0
607	-65.31	-147.36	258.01	0	255	0
607	-65.29	-147.36	258.04	0	255	0
607	-65.26	-147.36	258.07	0	255	0
607	-65.24	-147.35	258.09	0	255	0
607	-65.22	-147.35	258.11	0	255	0
607	-65.2	-147.34	258.13	0	255	0
607	-65.18	-147.34	258.16	0	255	0
607	-65.16	-147.34	258.18	0	255	0
607	-65.15	-147.34	258.19	0	255	0
607	-65.13	-147.33	258.21	0	255	0
607	-65.12	-147.33	258.23	0	255	0
607	-65.1	-147.33	258.24	0	255	0
607	-65.09	-147.33	258.25	0	255	0
607	-65.08	-147.33	258.26	0	255	0
607	-65.07	-147.32	258.27	0	255	0
607	-65.07	-147.32	258.28	0	255	0
607	-65.06	-147.32	258.29	0	255	0
607	-65.05	-147.32	258.29	0	255	0
607	-65.05	-147.32	258.3	0	255	0
607	-65.05	-147.32	258.3	0	255	0
607	-65.05	-147.32	258.3	0	255	0
607	-65.05	-147.32	258.3	0	255	0
607	-65.05	-147.32	258.3	0	255	0
607	-65.05	-147.32	258.29	0	255	0
607	-65.06	-147.32	258.29	0	255	0
607	-65.07	-147.32	258.28	0	255	0
607	-65.07	-147.32	258.27	0	255	0
607	-65.08	-147.33	258.26	0	255	0
607	-65.09	-147.33	258.25	0	255	0
607	-65.1	-147.33	258.24	0	255	0
607	-65.12	-147.33	258.23	0	255	0
607	-65.13	-147.33	258.21	0	255	0
607	-65.15	-147.34	258.19	0	255	0
607	-65.16	-147.34	258.18	0	255	0
607	-65.18	-147.34	258.16	0	255	0
607	-65.2	-147.34	258.14	0	255	0
607	-65.22	-147.35	258.12	0	255	0
607	-65.24	-147.35	258.09	0	255	0
607	-65.26	-147.35	258.07	0	255	0
607	-65.28	-147.36	258.04	0	255	0
607	-65.31	-147.36	258.02	0	255	0
607	-65.33	-147.37	257.99	0	255	0
607	-65.36	-147.37	257.96	0	255	0
607	-65.39	-147.37	257.93	0	255	0
607	-65.42	-147.38	257.9	0	255	0
607	-65.44	-147.38	257.87	0	255	0
607	-65.48	-147.39	257.83	0	255	0
607	-65.51	-147.39	257.8	0	255	0
607	-65.54	-147.4	257.76	0	255	0
607	-65.57	-147.4	257.73	0	255	0
607	-65.61	-147.41	257.69	0	255	0
607	-65.64	-147.41	257.65	0	255	0
607	-65.68	-147.42	257.61	0	255	0
607	-65.71	-147.43	257.57	0	255	0
607	-65.75	-147.43	257.53	0	255	0
607	-65.79	-147.44	257.49	0	255	0
607	-65.83	-147.44	257.45	0	255	0
607	-65.87	-147.45	257.41	0	255	0
607	-65.91	-147.46	257.36	0	255	0
607	-65.95	-147.46	257.32	0	255	0
607	-65.99	-147.47	257.27	0	255	0
607	-66.03	-147.48	257.23	0	255	0
607	-66.07	-147.48	257.18	0	255	0
607	-66.12	-147.49	257.13	0	255	0
607	-66.16	-147.5	257.08	0	255	0
607	-66.21	-147.5	257.03	0	255	0
607	-66.25	-147.51	256.98	0	255	0
607	-66.3	-147.52	256.93	0	255	0
607	-66.34	-147.53	256.88	0	255	0
607	-66.39	-147.53	256.83	0	255	0
607	-66.44	-147.54	256.78	0	255	0
607	-66.49	-147.55	256.73	0	255	0
607	-66.54	-147.56	256.67	0	255	0
607	-66.58	-147.56	256.62	0	255	0
607	-66.63	-147.57	256.57	0	255	0
607	-66.68	-147.58	256.51	0	255	0
607	-66.73	-147.59	256.46	0	255	0
607	-66.78	-147.6	256.4	0	255	0
607	-66.84	-147.6	256.35	0	255	0
607	-66.89	-147.61	256.29	0	255	0
607	-66.94	-147.62	256.23	0	255	0
607	-66.99	-147.63	256.18	0	255	0
607	-67.04	-147.64	256.12	0	255	0
607	-67.09	-147.64	256.06	0	255	0
607	-67.15	-147.65	256.0	0	255	0
607	-67.2	-147.66	255.95	0	255	0
607	-67.25	-147.67	255.89	0	255	0
607	-67.31	-147.68	255.83	0	255	0
607	-67.36	-147.69	255.77	0	255	0
607	-67.41	-147.7	255.71	0	255	0
607	-67.47	-147.7	255.66	0	255	0
607	-67.52	-147.71	255.6	0	255	0
607	-67.57	-147.72	255.54	0	255	0
607	-67.63	-147.73	255.48	0	255	0
607	-67.68	-147.74	255.42	0	255	0
607	-67.73	-147.75	255.36	0	255	0
607	-67.79	-147.75	255.3	0	255	0
607	-67.84	-147.76	255.24	0	255	0
607	-67.9	-147.77	255.18	0	255	0
607	-67.95	-147.78	255.13	0	255	0
607	-68.0	-147.79	255.07	0	255	0
607	-68.06	-147.8	255.01	0	255	0
607	-68.11	-147.81	254.95	0	255	0
607	-68.16	-147.81	254.89	0	255	0
607	-68.22	-147.82	254.83	0	255	0
607	-68.27	-147.83	254.77	0	255	0
607	-68.32	-147.84	254.72	0	255	0
607	-68.38	-147.85	254.66	0	255	0
607	-68.43	-147.86	254.6	0	255	0
607	-68.48	-147.86	254.54	0	255	0
607	-68.53	-147.87	254.49	0	255	0
607	-68.59	-147.88	254.43	0	255	0
607	-68.64	-147.89	254.37	0	255	0
607	-68.69	-147.9	254.32	0	255	0
607	-68.74	-147.91	254.26	0	255	0
607	-68.79	-147.91	254.21	0	255	0
607	-68.84	-147.92	254.15	0	255	0
607	-68.89	-147.93	254.1	0	255	0
607	-68.94	-147.94	254.04	0	255	0
607	-68.99	-147.94	253.99	0	255	0
607	-69.04	-147.95	253.94	0	255	0
607	-69.08	-147.96	253.88	0	255	0
607	-69.13	-147.97	253.83	0	255	0
607	-69.18	-147.98	253.78	0	255	0
607	-69.23	-147.98	253.73	0	255	0
607	-69.27	-147.99	253.68	0	255	0
607	-69.32	-148.0	253.63	0	255	0
607	-69.36	-148.0	253.58	0	255	0
607	-69.41	-148.01	253.53	0	255	0
607	-69.45	-148.02	253.48	0	255	0
607	-69.49	-148.02	253.44	0	255	0
607	-69.53	-148.03	253.39	0	255	0
607	-69.58	-148.04	253.35	0	255	0
607	-69.62	-148.04	253.3	0	255	0
607	-69.66	-148.05	253.26	0	255	0
607	-69.7	-148.06	253.21	0	255	0
607	-69.74	-148.06	253.17	0	255	0
607	-69.77	-148.07	253.13	0	255	0
607	-69.81	-148.08	253.09	0	255	0
607	-69.85	-148.08	253.05	0	255	0
607	-69.88	-148.09	253.01	0	255	0
607	-69.92	-148.09	252.97	0	255	0
607	-69.95	-148.1	252.93	0	255	0
607	-69.98	-148.1	252.9	0	255	0
607	-70.02	-148.11	252.86	0	255	0
607	-70.05	-148.11	252.83	0	255	0
607	-70.08	-148.12	252.8	0	255	0
607	-70.11	-148.12	252.76	0	255	0
607	-70.14	-148.13	252.73	0	255	0
607	-70.16	-148.13	252.7	0	255	0
607	-70.19	-148.14	252.67	0	255	0
607	-70.22	-148.14	252.65	0	255	0
607	-70.24	-148.14	252.62	0	255	0
607	-70.26	-148.15	252.59	0	255	0
607	-70.28	-148.15	252.57	0	255	0
607	-70.31	-148.15	252.55	0	255	0
607	-70.33	-148.16	252.53	0	255	0
607	-70.34	-148.16	252.51	0	255	0
607	-70.36	-148.16	252.49	0	255	0
607	-70.38	-148.17	252.47	0	255	0
607	-70.39	-148.17	252.45	0	255	0
607	-70.41	-148.17	252.44	0	255	0
607	-70.42	-148.17	252.42	0	255	0
607	-70.43	-148.17	252.41	0	255	0
607	-70.44	-148.18	252.4	0	255	0
607	-70.45	-148.18	252.39	0	255	0
607	-70.46	-148.18	252.38	0	255	0
607	-70.46	-148.18	252.37	0	255	0
607	-70.47	-148.18	252.37	0	255	0
607	-70.47	-148.18	252.37	0	255	0
607	-70.47	-148.18	252.36	0	255	0
607	-70.48	-148.18	252.36	0	255	0
607	-70.48	-148.18	252.36	0	255	0
607	-70.48	-148.18	252.36	0	255	0
607	-70.48	-148.18	252.36	0	255	0
607	-70.48	-148.18	252.36	0	255	0
607	-70.48	-148.18	252.36	0	255	0
607	-70.48	-148.18	252.36	0	255	0
607	-70.48	-148.18	252.36	0	255	0
607	-70.48	-148.18	252.36	0	255	0
607	-70.48	-148.18	252.36	0	255	0
607	-70.48	-148.18	252.36	0	255	0
607	-70.48	-148.18	252.36	0	255	0
607	-70.48	-148.18	252.36	0	255	0
607	-70.48	-148.18	252.36	0	255	0
607	-70.48	-148.18	252.36	0	255	0
607	-70.48	-148.18	252.36	0	255	0
607	-70.48	-148.18	252.36	0	255	0
607	-70.48	-148.18	252.36	0	255	0
607	-70.48	-148.18	252.36	0	255	0
607	-70.48	-148.18	252.36	0	255	0
607	-70.48	-148.18	252.36	0	255	0
607	-70.48	-148.18	252.36	0	255	0
607	-70.48	-148.18	252.36	0	255	0
607	-70.48	-148.18	252.36	0	255	0
607	-70.48	-148.18	252.36	0	255	0
607	-70.48	-148.18	252.36	0	255	0
607	-70.48	-148.18	252.36	0	255	0
607	-70.48	-148.18	252.36	0	255	0
607	-70.48	-148.18	252.36	0	255	0
607	-70.48	-148.18	252.36	0	255	0
607	-70.48	-148.18	252.36	0	255	0
607	-70.48	-148.18	252.36	0	255	0
607	-70.48	-148.18	252.36	0	255	0
607	-70.48	-148.18	252.36	0	255	0
607	-70.48	-148.18	252.36	0	255	0
607	-70.48	-148.18	252.36	0	255	0
607	-70.48	-148.18	252.36	0	255	0
607	-70.48	-148.18	252.36	0	255	0
607	-70.48	-148.18	252.36	0	255	0
607	-70.48	-148.18	252.36	0	255	0
607	-70.48	-148.18	252.36	0	255	0
607	-70.48	-148.18	252.36	0	255	0
607	-70.48	-148.18	252.36	0	255	0
607	-70.48	-148.18	252.36	0	255	0
607	-70.48	-148.18	252.36	0	255	0
607	-70.48	-148.18	252.36	0	255	0
607	-70.48	-148.18	252.36	0	255	0
607	-70.48	-148.18	252.36	0	255	0
607	-70.48	-148.18	252.36	0	255	0
607	-70.48	-148.18	252.36	0	255	0
607	-70.48	-148.18	252.36	0	255	0
607	-70.48	-148.18	252.36	0	255	0
607	-70.48	-148.18	252.36	0	255	0
607	-70.48	-148.18	252.36	0	255	0
607	-70.48	-148.18	252.36	0	255	0
607	-70.48	-148.18	252.36	0	255	0
607	-70.48	-148.18	252.36	0	255	0
607	-70.48	-148.18	252.36	0	255	0
607	-70.48	-148.18	252.36	0	255	0
607	-70.48	-148.18	252.36	0	255	0
607	-70.48	-148.18	252.36	0	255	0
607	-70.48	-148.18	252.36	0	255	0
607	-70.48	-148.18	252.36	0	255	0
607	-70.48	-148.18	252.36	0	255	0
607	-70.48	-148.18	252.36	0	255	0
607	-70.48	-148.18	252.36	0	255	0
607	-70.48	-148.18	252.36	0	255	0
607	-70.48	-148.18	252.36	0	255	0
607	-70.48	-148.18	252.36	0	255	0
607	-70.48	-148.18	252.36	0	255	0
607	-70.48	-148.18	252.36	0	255	0
607	-70.48	-148.18	252.36	0	255	0
607	-70.48	-148.18	252.36	0	255	0
607	-70.48	-148.18	252.36	0	255	0
607	-70.48	-148.18	252.36	0	255	0
607	-70.48	-148.18	252.36	0	255	0
607	-70.48	-148.18	252.36	0	255	0
607	-70.48	-148.18	252.36	0	255	0
607	-70.48	-148.18	252.36	0	255	0
607	-70.48	-148.18	252.36	0	255	0
607	-70.48	-148.18	252.36	0	255	0
607	-70.48	-148.18	252.36	0	255	0
607	-70.48	-148.18	252.36	0	255	0
607	-70.48	-148.18	252.36	0	255	0
607	-70.48	-148.18	252.36	0	255	0
607	-70.48	-148.18	252.36	0	255	0
607	-70.48	-148.18	252.36	0	255	0
607	-70.48	-148.18	252.36	0	255	0
607	-70.48	-148.18	252.36	0	255	0
607	-70.48	-148.18	252.36	0	255	0
607	-70.48	-148.18	252.36	0	255	0
607	-70.48	-148.18	252.36	0	255	0
607	-70.48	-148.18	252.36	0	255	0
607	-70.48	-148.18	252.36	0	255	0
607	-70.48	-148.18	252.36	0	255	0
607	-70.48	-148.18	252.36	0	255	0
607	-70.48	-148.18	252.36	0	255	0
607	-70.48	-148.18	252.36	0	255	0
607	-70.48	-148.18	252.36	0	255	0
607	-70.48	-148.18	252.36	0	255	0
607	-70.48	-148.18	252.36	0	255	0
607	-70.48	-148.18	252.36	0	255	0
607	-70.48	-148.18	252.36	0	255	0
607	-70.48	-148.18	252.36	0	255	0
607	-70.48	-148.18	252.36	0	255	0
607	-70.48	-148.18	252.36	0	255	0
607	-70.48	-148.18	252.36	0	255	0
607	-70.48	-148.18	252.36	0	255	0
607	-70.48	-148.18	252.36	0	255	0
607	-70.48	-148.18	252.36	0	255	0
607	-70.48	-148.18	252.36	0	255	0
607	-70.48	-148.18	252.36	0	255	0
607	-70.48	-148.18	252.36	0	255	0
607	-70.48	-148.18	252.36	0	255	0
607	-70.48	-148.18	252.36	0	255	0
607	-70.48	-148.18	252.36	0	255	0
607	-70.48	-148.18	252.36	0	255	0
607	-70.48	-148.18	252.36	0	255	0
607	-70.48	-148.18	252.36	0	255	0
607	-70.48	-148.18	252.36	0	255	0
607	-70.48	-148.18	252.36	0	255	0
607	-70.48	-148.18	252.36	0	255	0
607	-70.48	-148.18	252.36	0	255	0
607	-70.48	-148.18	252.36	0	255	0
607	-70.48	-148.18	252.36	0	255	0
607	-70.48	-148.18	252.36	0	255	0
607	-70.48	-148.18	252.36	0	255	0
607	-70.48	-148.18	252.36	0	255	0
607	-70.48	-148.18	252.36	0	255	0
607	-70.48	-148.18	252.36	0	255	0
607	-70.48	-148.18	252.36	0	255	0
607	-70.48	-148.18	252.36	0	255	0
607	-70.48	-148.18	252.36	0	255	0
607	-70.48	-148.18	252.36	0	255	0
607	-70.48	-148.18	252.36	0	255	0
607	-70.48	-148.18	252.36	0	255	0
607	-70.48	-148.18	252.36	0	255	0
607	-70.48	-148.18	252.36	0	255	0
607	-70.48	-148.18	252.36	0	255	0
607	-70.48	-148.18	252.36	0	255	0
607	-70.48	-148.18	252.36	0	255	0
607	-70.48	-148.18	252.36	0	255	0
607	-70.48	-148.18	252.36	0	255	0
607	-70.48	-148.18	252.36	0	255	0
607	-70.48	-148.18	252.36	0	255	0
607	-70.48	-148.18	252.36	0	255	0
607	-70.48	-148.18	252.36	0	255	0
607	-70.48	-148.18	252.36	0	255	0
607	-70.48	-148.18	252.36	0	255	0
607	-70.48	-148.18	252.36	0	255	0
