727	-177.25	-162.97	196.1	0	255	0
727	-177.25	-162.97	196.1	0	255	0
727	-177.25	-162.97	196.1	0	255	0
727	-177.25	-162.97	196.1	0	255	0
727	-177.25	-162.97	196.1	0	255	0
727	-177.25	-162.97	196.1	0	255	0
727	-177.25	-162.97	196.1	0	255	0
727	-177.25	-162.97	196.1	0	255	0
727	-177.25	-162.97	196.1	0	255	0
727	-177.25	-162.97	196.1	0	255	0
727	-177.25	-162.97	196.1	0	255	0
727	-177.25	-162.97	196.1	0	255	0
727	-177.25	-162.97	196.1	0	255	0
727	-177.25	-162.97	196.1	0	255	0
727	-177.25	-162.97	196.1	0	255	0
727	-177.25	-162.97	196.1	0	255	0
727	-177.25	-162.97	196.1	0	255	0
727	-177.25	-162.97	196.1	0	255	0
727	-177.25	-162.97	196.1	0	255	0
727	-177.25	-162.97	196.1	0	255	0
727	-177.25	-162.97	196.1	0	255	0
727	-177.25	-162.97	196.1	0	255	0
727	-177.25	-162.97	196.1	0	255	0
727	-177.25	-162.97	196.1	0	255	0
727	-177.25	-162.97	196.1	0	255	0
727	-177.25	-162.97	196.1	0	255	0
727	-177.25	-162.97	196.1	0	255	0
727	-177.25	-162.97	196.1	0	255	0
727	-177.25	-162.97	196.1	0	255	0
727	-177.25	-162.97	196.1	0	255	0
727	-177.25	-162.97	196.1	0	255	0
727	-177.25	-162.97	196.1	0	255	0
727	-177.26	-162.98	196.1	0	255	0
727	-177.26	-162.98	196.1	0	255	0
727	-177.27	-162.98	196.1	0	255	0
727	-177.28	-162.98	196.1	0	255	0
727	-177.29	-162.99	196.1	0	255	0
727	-177.3	-162.99	196.1	0	255	0
727	-177.31	-163.0	196.09	0	255	0
727	-177.33	-163.0	196.09	0	255	0
727	-177.35	-163.01	196.09	0	255	0
727	-177.37	-163.01	196.09	0	255	0
727	-177.39	-163.02	196.09	0	255	0
727	-177.41	-163.03	196.09	0	255	0
727	-177.44	-163.04	196.08	0	255	0
727	-177.46	-163.05	196.08	0	255	0
727	-177.49	-163.06	196.08	0	255	0
727	-177.52	-163.07	196.08	0	255	0
727	-177.55	-163.08	196.07	0	255	0
727	-177.58	-163.09	196.07	0	255	0
727	-177.62	-163.1	196.07	0	255	0
727	-177.65	-163.11	196.06	0	255	0
727	-177.69	-163.13	196.06	0	255	0
727	-177.73	-163.14	196.06	0	255	0
727	-177.77	-163.15	196.06	0	255	0
727	-177.81	-163.17	196.05	0	255	0
727	-177.85	-163.18	196.05	0	255	0
727	-177.9	-163.2	196.04	0	255	0
727	-177.94	-163.21	196.04	0	255	0
727	-177.99	-163.23	196.04	0	255	0
727	-178.03	-163.25	196.03	0	255	0
727	-178.08	-163.26	196.03	0	255	0
727	-178.13	-163.28	196.02	0	255	0
727	-178.18	-163.3	196.02	0	255	0
727	-178.24	-163.32	196.02	0	255	0
727	-178.29	-163.34	196.01	0	255	0
727	-178.34	-163.35	196.01	0	255	0
727	-178.4	-163.37	196.0	0	255	0
727	-178.46	-163.39	196.0	0	255	0
727	-178.51	-163.41	195.99	0	255	0
727	-178.57	-163.43	195.99	0	255	0
727	-178.63	-163.45	195.98	0	255	0
727	-178.69	-163.48	195.98	0	255	0
727	-178.75	-163.5	195.97	0	255	0
727	-178.81	-163.52	195.97	0	255	0
727	-178.88	-163.54	195.96	0	255	0
727	-178.94	-163.56	195.96	0	255	0
727	-179.0	-163.58	195.95	0	255	0
727	-179.07	-163.61	195.94	0	255	0
727	-179.13	-163.63	195.94	0	255	0
727	-179.2	-163.65	195.93	0	255	0
727	-179.27	-163.68	195.93	0	255	0
727	-179.34	-163.7	195.92	0	255	0
727	-179.4	-163.72	195.92	0	255	0
727	-179.47	-163.75	195.91	0	255	0
727	-179.54	-163.77	195.9	0	255	0
727	-179.61	-163.8	195.9	0	255	0
727	-179.68	-163.82	195.89	0	255	0
727	-179.75	-163.85	195.89	0	255	0
727	-179.83	-163.87	195.88	0	255	0
727	-179.9	-163.9	195.87	0	255	0
727	-179.97	-163.92	195.87	0	255	0
727	-180.04	-163.95	195.86	0	255	0
727	-180.11	-163.97	195.86	0	255	0
727	-180.19	-164.0	195.85	0	255	0
727	-180.26	-164.02	195.84	0	255	0
727	-180.33	-164.05	195.84	0	255	0
727	-180.41	-164.07	195.83	0	255	0
727	-180.48	-164.1	195.82	0	255	0
727	-180.56	-164.13	195.82	0	255	0
727	-180.63	-164.15	195.81	0	255	0
727	-180.71	-164.18	195.81	0	255	0
727	-180.78	-164.2	195.8	0	255	0
727	-180.86	-164.23	195.79	0	255	0
727	-180.93	-164.26	195.79	0	255	0
727	-181.01	-164.28	195.78	0	255	0
727	-181.08	-164.31	195.77	0	255	0
727	-181.15	-164.33	195.77	0	255	0
727	-181.23	-164.36	195.76	0	255	0
727	-181.3	-164.39	195.75	0	255	0
727	-181.38	-164.41	195.75	0	255	0
727	-181.45	-164.44	195.74	0	255	0
727	-181.53	-164.46	195.74	0	255	0
727	-181.6	-164.49	195.73	0	255	0
727	-181.67	-164.51	195.72	0	255	0
727	-181.75	-164.54	195.72	0	255	0
727	-181.82	-164.57	195.71	0	255	0
727	-181.89	-164.59	195.7	0	255	0
727	-181.97	-164.62	195.7	0	255	0
727	-182.04	-164.64	195.69	0	255	0
727	-182.11	-164.67	195.69	0	255	0
727	-182.18	-164.69	195.68	0	255	0
727	-182.25	-164.72	195.67	0	255	0
727	-182.32	-164.74	195.67	0	255	0
727	-182.39	-164.77	195.66	0	255	0
727	-182.46	-164.79	195.66	0	255	0
727	-182.53	-164.81	195.65	0	255	0
727	-182.6	-164.84	195.64	0	255	0
727	-182.67	-164.86	195.64	0	255	0
727	-182.73	-164.88	195.63	0	255	0
727	-182.8	-164.91	195.63	0	255	0
727	-182.87	-164.93	195.62	0	255	0
727	-182.93	-164.95	195.62	0	255	0
727	-183.0	-164.97	195.61	0	255	0
727	-183.06	-165.0	195.6	0	255	0
727	-183.12	-165.02	195.6	0	255	0
727	-183.18	-165.04	195.59	0	255	0
727	-183.25	-165.06	195.59	0	255	0
727	-183.31	-165.08	195.58	0	255	0
727	-183.36	-165.1	195.58	0	255	0
727	-183.42	-165.12	195.57	0	255	0
727	-183.48	-165.14	195.57	0	255	0
727	-183.54	-165.16	195.56	0	255	0
727	-183.59	-165.18	195.56	0	255	0
727	-183.65	-165.2	195.55	0	255	0
727	-183.7	-165.22	195.55	0	255	0
727	-183.75	-165.24	195.55	0	255	0
727	-183.8	-165.26	195.54	0	255	0
727	-183.85	-165.27	195.54	0	255	0
727	-183.9	-165.29	195.53	0	255	0
727	-183.95	-165.31	195.53	0	255	0
727	-183.99	-165.32	195.53	0	255	0
727	-184.04	-165.34	195.52	0	255	0
727	-184.08	-165.35	195.52	0	255	0
727	-184.13	-165.37	195.51	0	255	0
727	-184.17	-165.38	195.51	0	255	0
727	-184.21	-165.4	195.51	0	255	0
727	-184.25	-165.41	195.5	0	255	0
727	-184.28	-165.42	195.5	0	255	0
727	-184.32	-165.44	195.5	0	255	0
727	-184.35	-165.45	195.49	0	255	0
727	-184.38	-165.46	195.49	0	255	0
727	-184.42	-165.47	195.49	0	255	0
727	-184.44	-165.48	195.49	0	255	0
727	-184.47	-165.49	195.48	0	255	0
727	-184.5	-165.5	195.48	0	255	0
727	-184.52	-165.51	195.48	0	255	0
727	-184.55	-165.52	195.48	0	255	0
727	-184.57	-165.52	195.48	0	255	0
727	-184.59	-165.53	195.47	0	255	0
727	-184.61	-165.54	195.47	0	255	0
727	-184.62	-165.54	195.47	0	255	0
727	-184.64	-165.55	195.47	0	255	0
727	-184.65	-165.55	195.47	0	255	0
727	-184.66	-165.55	195.47	0	255	0
727	-184.67	-165.56	195.47	0	255	0
727	-184.67	-165.56	195.47	0	255	0
727	-184.68	-165.56	195.47	0	255	0
727	-184.68	-165.56	195.47	0	255	0
727	-184.68	-165.56	195.47	0	255	0
727	-184.68	-165.56	195.47	0	255	0
727	-184.68	-165.56	195.47	0	255	0
727	-184.67	-165.56	195.47	0	255	0
727	-184.67	-165.56	195.47	0	255	0
727	-184.66	-165.55	195.47	0	255	0
727	-184.65	-165.55	195.47	0	255	0
727	-184.64	-165.55	195.47	0	255	0
727	-184.62	-165.54	195.47	0	255	0
727	-184.61	-165.54	195.47	0	255	0
727	-184.59	-165.53	195.47	0	255	0
727	-184.57	-165.52	195.48	0	255	0
727	-184.55	-165.52	195.48	0	255	0
727	-184.53	-165.51	195.48	0	255	0
727	-184.5	-165.5	195.48	0	255	0
727	-184.48	-165.49	195.48	0	255	0
727	-184.45	-165.48	195.49	0	255	0
727	-184.42	-165.47	195.49	0	255	0
727	-184.39	-165.46	195.49	0	255	0
727	-184.36	-165.45	195.49	0	255	0
727	-184.33	-165.44	195.5	0	255	0
727	-184.29	-165.43	195.5	0	255	0
727	-184.26	-165.41	195.5	0	255	0
727	-184.22	-165.4	195.51	0	255	0
727	-184.18	-165.39	195.51	0	255	0
727	-184.14	-165.37	195.51	0	255	0
727	-184.1	-165.36	195.52	0	255	0
727	-184.06	-165.34	195.52	0	255	0
727	-184.01	-165.33	195.52	0	255	0
727	-183.97	-165.31	195.53	0	255	0
727	-183.92	-165.3	195.53	0	255	0
727	-183.87	-165.28	195.54	0	255	0
727	-183.82	-165.26	195.54	0	255	0
727	-183.77	-165.25	195.54	0	255	0
727	-183.72	-165.23	195.55	0	255	0
727	-183.67	-165.21	195.55	0	255	0
727	-183.62	-165.19	195.56	0	255	0
727	-183.56	-165.17	195.56	0	255	0
727	-183.51	-165.15	195.57	0	255	0
727	-183.45	-165.13	195.57	0	255	0
727	-183.4	-165.11	195.58	0	255	0
727	-183.34	-165.09	195.58	0	255	0
727	-183.28	-165.07	195.59	0	255	0
727	-183.22	-165.05	195.59	0	255	0
727	-183.16	-165.03	195.6	0	255	0
727	-183.1	-165.01	195.6	0	255	0
727	-183.03	-164.99	195.61	0	255	0
727	-182.97	-164.97	195.61	0	255	0
727	-182.91	-164.94	195.62	0	255	0
727	-182.84	-164.92	195.62	0	255	0
727	-182.78	-164.9	195.63	0	255	0
727	-182.71	-164.88	195.63	0	255	0
727	-182.65	-164.85	195.64	0	255	0
727	-182.58	-164.83	195.65	0	255	0
727	-182.51	-164.81	195.65	0	255	0
727	-182.44	-164.78	195.66	0	255	0
727	-182.38	-164.76	195.66	0	255	0
727	-182.31	-164.73	195.67	0	255	0
727	-182.24	-164.71	195.67	0	255	0
727	-182.17	-164.69	195.68	0	255	0
727	-182.1	-164.66	195.69	0	255	0
727	-182.03	-164.64	195.69	0	255	0
727	-181.95	-164.61	195.7	0	255	0
727	-181.88	-164.59	195.7	0	255	0
727	-181.81	-164.56	195.71	0	255	0
727	-181.74	-164.54	195.72	0	255	0
727	-181.67	-164.51	195.72	0	255	0
727	-181.59	-164.49	195.73	0	255	0
727	-181.52	-164.46	195.74	0	255	0
727	-181.45	-164.44	195.74	0	255	0
727	-181.37	-164.41	195.75	0	255	0
727	-181.3	-164.38	195.75	0	255	0
727	-181.23	-164.36	195.76	0	255	0
727	-181.15	-164.33	195.77	0	255	0
727	-181.08	-164.31	195.77	0	255	0
727	-181.0	-164.28	195.78	0	255	0
727	-180.93	-164.26	195.79	0	255	0
727	-180.86	-164.23	195.79	0	255	0
727	-180.78	-164.2	195.8	0	255	0
727	-180.71	-164.18	195.8	0	255	0
727	-180.64	-164.15	195.81	0	255	0
727	-180.56	-164.13	195.82	0	255	0
727	-180.49	-164.1	195.82	0	255	0
727	-180.42	-164.08	195.83	0	255	0
727	-180.34	-164.05	195.84	0	255	0
727	-180.27	-164.03	195.84	0	255	0
727	-180.2	-164.0	195.85	0	255	0
727	-180.13	-163.98	195.85	0	255	0
727	-180.05	-163.95	195.86	0	255	0
727	-179.98	-163.93	195.87	0	255	0
727	-179.91	-163.9	195.87	0	255	0
727	-179.84	-163.88	195.88	0	255	0
727	-179.77	-163.85	195.88	0	255	0
727	-179.7	-163.83	195.89	0	255	0
727	-179.63	-163.8	195.9	0	255	0
727	-179.56	-163.78	195.9	0	255	0
727	-179.49	-163.75	195.91	0	255	0
727	-179.42	-163.73	195.91	0	255	0
727	-179.36	-163.71	195.92	0	255	0
727	-179.29	-163.68	195.93	0	255	0
727	-179.22	-163.66	195.93	0	255	0
727	-179.16	-163.64	195.94	0	255	0
727	-179.09	-163.61	195.94	0	255	0
727	-179.03	-163.59	195.95	0	255	0
727	-178.96	-163.57	195.95	0	255	0
727	-178.9	-163.55	195.96	0	255	0
727	-178.84	-163.53	195.96	0	255	0
727	-178.78	-163.51	195.97	0	255	0
727	-178.72	-163.48	195.97	0	255	0
727	-178.66	-163.46	195.98	0	255	0
727	-178.6	-163.44	195.98	0	255	0
727	-178.54	-163.42	195.99	0	255	0
727	-178.48	-163.4	195.99	0	255	0
727	-178.43	-163.38	196.0	0	255	0
727	-178.37	-163.36	196.0	0	255	0
727	-178.32	-163.35	196.01	0	255	0
727	-178.26	-163.33	196.01	0	255	0
727	-178.21	-163.31	196.02	0	255	0
727	-178.16	-163.29	196.02	0	255	0
727	-178.11	-163.27	196.03	0	255	0
727	-178.06	-163.26	196.03	0	255	0
727	-178.02	-163.24	196.03	0	255	0
727	-177.97	-163.22	196.04	0	255	0
727	-177.92	-163.21	196.04	0	255	0
727	-177.88	-163.19	196.05	0	255	0
727	-177.84	-163.18	196.05	0	255	0
727	-177.8	-163.16	196.05	0	255	0
727	-177.76	-163.15	196.06	0	255	0
727	-177.72	-163.14	196.06	0	255	0
727	-177.68	-163.12	196.06	0	255	0
727	-177.64	-163.11	196.07	0	255	0
727	-177.61	-163.1	196.07	0	255	0
727	-177.58	-163.09	196.07	0	255	0
727	-177.54	-163.08	196.07	0	255	0
727	-177.51	-163.07	196.08	0	255	0
727	-177.48	-163.06	196.08	0	255	0
727	-177.46	-163.05	196.08	0	255	0
727	-177.43	-163.04	196.08	0	255	0
727	-177.41	-163.03	196.09	0	255	0
727	-177.39	-163.02	196.09	0	255	0
727	-177.36	-163.01	196.09	0	255	0
727	-177.35	-163.01	196.09	0	255	0
727	-177.33	-163.0	196.09	0	255	0
727	-177.31	-163.0	196.09	0	255	0
727	-177.3	-162.99	196.1	0	255	0
727	-177.29	-162.99	196.1	0	255	0
727	-177.28	-162.98	196.1	0	255	0
727	-177.27	-162.98	196.1	0	255	0
727	-177.26	-162.98	196.1	0	255	0
727	-177.26	-162.98	196.1	0	255	0
727	-177.25	-162.97	196.1	0	255	0
727	-177.25	-162.97	196.1	0	255	0
727	-177.25	-162.97	196.1	0	255	0
727	-177.25	-162.97	196.1	0	255	0
727	-177.25	-162.97	196.1	0	255	0
727	-177.25	-162.97	196.1	0	255	0
727	-177.25	-162.97	196.1	0	255	0
727	-177.25	-162.97	196.1	0	255	0
727	-177.25	-162.97	196.1	0	255	0
727	-177.25	-162.97	196.1	0	255	0
727	-177.25	-162.97	196.1	0	255	0
727	-177.25	-162.97	196.1	0	255	0
727	-177.25	-162.97	196.1	0	255	0
727	-177.25	-162.97	196.1	0	255	0
727	-177.25	-162.97	196.1	0	255	0
727	-177.25	-162.97	196.1	0	255	0
727	-177.25	-162.97	196.1	0	255	0
727	-177.25	-162.97	196.1	0	255	0
727	-177.25	-162.97	196.1	0	255	0
727	-177.25	-162.97	196.1	0	255	0
727	-177.25	-162.97	196.1	0	255	0
727	-177.25	-162.97	196.1	0	255	0
727	-177.25	-162.97	196.1	0	255	0
727	-177.25	-162.97	196.1	0	255	0
727	-177.25	-162.97	196.1	0	255	0
727	-177.25	-162.97	196.1	0	255	0
727	-177.25	-162.97	196.1	0	255	0
727	-177.25	-162.97	196.1	0	255	0
727	-177.25	-162.97	196.1	0	255	0
727	-177.25	-162.97	196.1	0	255	0
727	-177.25	-162.97	196.1	0	255	0
727	-177.25	-162.97	196.1	0	255	0
727	-177.25	-162.97	196.1	0	255	0
727	-177.25	-162.97	196.1	0	255	0
727	-177.25	-162.97	196.1	0	255	0
727	-177.25	-162.97	196.1	0	255	0
727	-177.25	-162.97	196.1	0	255	0
727	-177.25	-162.97	196.1	0	255	0
727	-177.25	-162.97	196.1	0	255	0
727	-177.25	-162.97	196.1	0	255	0
727	-177.25	-162.97	196.1	0	255	0
727	-177.25	-162.97	196.1	0	255	0
727	-177.25	-162.97	196.1	0	255	0
727	-177.25	-162.97	196.1	0	255	0
727	-177.25	-162.97	196.1	0	255	0
727	-177.25	-162.97	196.1	0	255	0
727	-177.25	-162.97	196.1	0	255	0
727	-177.25	-162.97	196.1	0	255	0
727	-177.25	-162.97	196.1	0	255	0
727	-177.25	-162.97	196.1	0	255	0
727	-177.25	-162.97	196.1	0	255	0
727	-177.25	-162.97	196.1	0	255	0
727	-177.25	-162.97	196.1	0	255	0
727	-177.25	-162.97	196.1	0	255	0
727	-177.25	-162.97	196.1	0	255	0
727	-177.25	-162.97	196.1	0	255	0
727	-177.25	-162.97	196.1	0	255	0
727	-177.25	-162.97	196.1	0	255	0
727	-177.25	-162.97	196.1	0	255	0
727	-177.25	-162.97	196.1	0	255	0
727	-177.25	-162.97	196.1	0	255	0
727	-177.25	-162.97	196.1	0	255	0
727	-177.25	-162.97	196.1	0	255	0
727	-177.25	-162.97	196.1	0	255	0
727	-177.25	-162.97	196.1	0	255	0
727	-177.25	-162.97	196.1	0	255	0
727	-177.25	-162.97	196.1	0	255	0
727	-177.25	-162.97	196.1	0	255	0
727	-177.25	-162.97	196.1	0	255	0
727	-177.25	-162.97	196.1	0	255	0
727	-177.25	-162.97	196.1	0	255	0
727	-177.25	-162.97	196.1	0	255	0
727	-177.25	-162.97	196.1	0	255	0
727	-177.25	-162.97	196.1	0	255	0
727	-177.25	-162.97	196.1	0	255	0
727	-177.25	-162.97	196.1	0	255	0
727	-177.25	-162.97	196.1	0	255	0
727	-177.25	-162.97	196.1	0	255	0
727	-177.25	-162.97	196.1	0	255	0
727	-177.25	-162.97	196.1	0	255	0
727	-177.25	-162.97	196.1	0	255	0
727	-177.25	-162.97	196.1	0	255	0
727	-177.25	-162.97	196.1	0	255	0
727	-177.25	-162.97	196.1	0	255	0
727	-177.25	-162.97	196.1	0	255	0
727	-177.25	-162.97	196.1	0	255	0
727	-177.25	-162.97	196.1	0	255	0
727	-177.25	-162.97	196.1	0	255	0
727	-177.25	-162.97	196.1	0	255	0
727	-177.25	-162.97	196.1	0	255	0
727	-177.25	-162.97	196.1	0	255	0
727	-177.25	-162.97	196.1	0	255	0
727	-177.25	-162.97	196.1	0	255	0
727	-177.25	-162.97	196.1	0	255	0
727	-177.25	-162.97	196.1	0	255	0
727	-177.25	-162.97	196.1	0	255	0
727	-177.25	-162.97	196.1	0	255	0
727	-177.25	-162.97	196.1	0	255	0
727	-177.25	-162.97	196.1	0	255	0
727	-177.25	-162.97	196.1	0	255	0
727	-177.25	-162.97	196.1	0	255	0
727	-177.25	-162.97	196.1	0	255	0
727	-177.25	-162.97	196.1	0	255	0
727	-177.25	-162.97	196.1	0	255	0
727	-177.25	-162.97	196.1	0	255	0
727	-177.25	-162.97	196.1	0	255	0
727	-177.25	-162.97	196.1	0	255	0
727	-177.25	-162.97	196.1	0	255	0
727	-177.25	-162.97	196.1	0	255	0
727	-177.25	-162.97	196.1	0	255	0
727	-177.25	-162.97	196.1	0	255	0
727	-177.25	-162.97	196.1	0	255	0
727	-177.25	-162.97	196.1	0	255	0
727	-177.25	-162.97	196.1	0	255	0
727	-177.25	-162.97	196.1	0	255	0
727	-177.25	-162.97	196.1	0	255	0
727	-177.25	-162.97	196.1	0	255	0
727	-177.25	-162.97	196.1	0	255	0
727	-177.25	-162.97	196.1	0	255	0
727	-177.25	-162.97	196.1	0	255	0
727	-177.25	-162.97	196.1	0	255	0
727	-177.25	-162.97	196.1	0	255	0
