728	-177.25	-162.97	198.93	0	255	0
728	-177.25	-162.97	198.93	0	255	0
728	-177.25	-162.97	198.93	0	255	0
728	-177.25	-162.97	198.93	0	255	0
728	-177.25	-162.97	198.93	0	255	0
728	-177.25	-162.97	198.93	0	255	0
728	-177.25	-162.97	198.93	0	255	0
728	-177.25	-162.97	198.93	0	255	0
728	-177.25	-162.97	198.93	0	255	0
728	-177.25	-162.97	198.93	0	255	0
728	-177.25	-162.97	198.93	0	255	0
728	-177.25	-162.97	198.93	0	255	0
728	-177.25	-162.97	198.93	0	255	0
728	-177.25	-162.97	198.93	0	255	0
728	-177.25	-162.97	198.93	0	255	0
728	-177.25	-162.97	198.93	0	255	0
728	-177.25	-162.97	198.93	0	255	0
728	-177.25	-162.97	198.93	0	255	0
728	-177.25	-162.97	198.93	0	255	0
728	-177.25	-162.97	198.93	0	255	0
728	-177.25	-162.97	198.93	0	255	0
728	-177.25	-162.97	198.93	0	255	0
728	-177.25	-162.97	198.93	0	255	0
728	-177.25	-162.97	198.93	0	255	0
728	-177.25	-162.97	198.93	0	255	0
728	-177.25	-162.97	198.93	0	255	0
728	-177.25	-162.97	198.93	0	255	0
728	-177.25	-162.97	198.93	0	255	0
728	-177.25	-162.97	198.93	0	255	0
728	-177.25	-162.97	198.93	0	255	0
728	-177.25	-162.97	198.93	0	255	0
728	-177.25	-162.97	198.93	0	255	0
728	-177.26	-162.98	198.93	0	255	0
728	-177.26	-162.98	198.93	0	255	0
728	-177.27	-162.98	198.93	0	255	0
728	-177.28	-162.98	198.93	0	255	0
728	-177.29	-162.99	198.93	0	255	0
728	-177.3	-162.99	198.93	0	255	0
728	-177.31	-163.0	198.93	0	255	0
728	-177.33	-163.0	198.93	0	255	0
728	-177.35	-163.01	198.93	0	255	0
728	-177.37	-163.01	198.93	0	255	0
728	-177.39	-163.02	198.93	0	255	0
728	-177.41	-163.03	198.92	0	255	0
728	-177.44	-163.04	198.92	0	255	0
728	-177.46	-163.05	198.92	0	255	0
728	-177.49	-163.06	198.92	0	255	0
728	-177.52	-163.07	198.92	0	255	0
728	-177.55	-163.08	198.92	0	255	0
728	-177.58	-163.09	198.92	0	255	0
728	-177.62	-163.1	198.92	0	255	0
728	-177.65	-163.11	198.92	0	255	0
728	-177.69	-163.13	198.91	0	255	0
728	-177.73	-163.14	198.91	0	255	0
728	-177.77	-163.15	198.91	0	255	0
728	-177.81	-163.17	198.91	0	255	0
728	-177.85	-163.18	198.91	0	255	0
728	-177.9	-163.2	198.91	0	255	0
728	-177.94	-163.21	198.91	0	255	0
728	-177.99	-163.23	198.9	0	255	0
728	-178.03	-163.25	198.9	0	255	0
728	-178.08	-163.26	198.9	0	255	0
728	-178.13	-163.28	198.9	0	255	0
728	-178.18	-163.3	198.9	0	255	0
728	-178.24	-163.32	198.89	0	255	0
728	-178.29	-163.34	198.89	0	255	0
728	-178.34	-163.35	198.89	0	255	0
728	-178.4	-163.37	198.89	0	255	0
728	-178.46	-163.39	198.89	0	255	0
728	-178.51	-163.41	198.88	0	255	0
728	-178.57	-163.43	198.88	0	255	0
728	-178.63	-163.45	198.88	0	255	0
728	-178.69	-163.48	198.88	0	255	0
728	-178.75	-163.5	198.88	0	255	0
728	-178.81	-163.52	198.87	0	255	0
728	-178.88	-163.54	198.87	0	255	0
728	-178.94	-163.56	198.87	0	255	0
728	-179.0	-163.58	198.87	0	255	0
728	-179.07	-163.61	198.86	0	255	0
728	-179.13	-163.63	198.86	0	255	0
728	-179.2	-163.65	198.86	0	255	0
728	-179.27	-163.68	198.86	0	255	0
728	-179.34	-163.7	198.85	0	255	0
728	-179.4	-163.72	198.85	0	255	0
728	-179.47	-163.75	198.85	0	255	0
728	-179.54	-163.77	198.85	0	255	0
728	-179.61	-163.8	198.84	0	255	0
728	-179.68	-163.82	198.84	0	255	0
728	-179.75	-163.85	198.84	0	255	0
728	-179.83	-163.87	198.84	0	255	0
728	-179.9	-163.9	198.83	0	255	0
728	-179.97	-163.92	198.83	0	255	0
728	-180.04	-163.95	198.83	0	255	0
728	-180.11	-163.97	198.83	0	255	0
728	-180.19	-164.0	198.82	0	255	0
728	-180.26	-164.02	198.82	0	255	0
728	-180.33	-164.05	198.82	0	255	0
728	-180.41	-164.07	198.81	0	255	0
728	-180.48	-164.1	198.81	0	255	0
728	-180.56	-164.13	198.81	0	255	0
728	-180.63	-164.15	198.81	0	255	0
728	-180.71	-164.18	198.8	0	255	0
728	-180.78	-164.2	198.8	0	255	0
728	-180.86	-164.23	198.8	0	255	0
728	-180.93	-164.26	198.8	0	255	0
728	-181.01	-164.28	198.79	0	255	0
728	-181.08	-164.31	198.79	0	255	0
728	-181.15	-164.33	198.79	0	255	0
728	-181.23	-164.36	198.78	0	255	0
728	-181.3	-164.39	198.78	0	255	0
728	-181.38	-164.41	198.78	0	255	0
728	-181.45	-164.44	198.78	0	255	0
728	-181.53	-164.46	198.77	0	255	0
728	-181.6	-164.49	198.77	0	255	0
728	-181.67	-164.51	198.77	0	255	0
728	-181.75	-164.54	198.77	0	255	0
728	-181.82	-164.57	198.76	0	255	0
728	-181.89	-164.59	198.76	0	255	0
728	-181.97	-164.62	198.76	0	255	0
728	-182.04	-164.64	198.76	0	255	0
728	-182.11	-164.67	198.75	0	255	0
728	-182.18	-164.69	198.75	0	255	0
728	-182.25	-164.72	198.75	0	255	0
728	-182.32	-164.74	198.74	0	255	0
728	-182.39	-164.77	198.74	0	255	0
728	-182.46	-164.79	198.74	0	255	0
728	-182.53	-164.81	198.74	0	255	0
728	-182.6	-164.84	198.73	0	255	0
728	-182.67	-164.86	198.73	0	255	0
728	-182.73	-164.88	198.73	0	255	0
728	-182.8	-164.91	198.73	0	255	0
728	-182.87	-164.93	198.72	0	255	0
728	-182.93	-164.95	198.72	0	255	0
728	-183.0	-164.97	198.72	0	255	0
728	-183.06	-165.0	198.72	0	255	0
728	-183.12	-165.02	198.72	0	255	0
728	-183.18	-165.04	198.71	0	255	0
728	-183.25	-165.06	198.71	0	255	0
728	-183.31	-165.08	198.71	0	255	0
728	-183.36	-165.1	198.71	0	255	0
728	-183.42	-165.12	198.7	0	255	0
728	-183.48	-165.14	198.7	0	255	0
728	-183.54	-165.16	198.7	0	255	0
728	-183.59	-165.18	198.7	0	255	0
728	-183.65	-165.2	198.7	0	255	0
728	-183.7	-165.22	198.69	0	255	0
728	-183.75	-165.24	198.69	0	255	0
728	-183.8	-165.26	198.69	0	255	0
728	-183.85	-165.27	198.69	0	255	0
728	-183.9	-165.29	198.69	0	255	0
728	-183.95	-165.31	198.69	0	255	0
728	-183.99	-165.32	198.68	0	255	0
728	-184.04	-165.34	198.68	0	255	0
728	-184.08	-165.35	198.68	0	255	0
728	-184.13	-165.37	198.68	0	255	0
728	-184.17	-165.38	198.68	0	255	0
728	-184.21	-165.4	198.68	0	255	0
728	-184.25	-165.41	198.67	0	255	0
728	-184.28	-165.42	198.67	0	255	0
728	-184.32	-165.44	198.67	0	255	0
728	-184.35	-165.45	198.67	0	255	0
728	-184.38	-165.46	198.67	0	255	0
728	-184.42	-165.47	198.67	0	255	0
728	-184.44	-165.48	198.67	0	255	0
728	-184.47	-165.49	198.67	0	255	0
728	-184.5	-165.5	198.67	0	255	0
728	-184.52	-165.51	198.66	0	255	0
728	-184.55	-165.52	198.66	0	255	0
728	-184.57	-165.52	198.66	0	255	0
728	-184.59	-165.53	198.66	0	255	0
728	-184.61	-165.54	198.66	0	255	0
728	-184.62	-165.54	198.66	0	255	0
728	-184.64	-165.55	198.66	0	255	0
728	-184.65	-165.55	198.66	0	255	0
728	-184.66	-165.55	198.66	0	255	0
728	-184.67	-165.56	198.66	0	255	0
728	-184.67	-165.56	198.66	0	255	0
728	-184.68	-165.56	198.66	0	255	0
728	-184.68	-165.56	198.66	0	255	0
728	-184.68	-165.56	198.66	0	255	0
728	-184.68	-165.56	198.66	0	255	0
728	-184.68	-165.56	198.66	0	255	0
728	-184.67	-165.56	198.66	0	255	0
728	-184.67	-165.56	198.66	0	255	0
728	-184.66	-165.55	198.66	0	255	0
728	-184.65	-165.55	198.66	0	255	0
728	-184.64	-165.55	198.66	0	255	0
728	-184.62	-165.54	198.66	0	255	0
728	-184.61	-165.54	198.66	0	255	0
728	-184.59	-165.53	198.66	0	255	0
728	-184.57	-165.52	198.66	0	255	0
728	-184.55	-165.52	198.66	0	255	0
728	-184.53	-165.51	198.66	0	255	0
728	-184.5	-165.5	198.67	0	255	0
728	-184.48	-165.49	198.67	0	255	0
728	-184.45	-165.48	198.67	0	255	0
728	-184.42	-165.47	198.67	0	255	0
728	-184.39	-165.46	198.67	0	255	0
728	-184.36	-165.45	198.67	0	255	0
728	-184.33	-165.44	198.67	0	255	0
728	-184.29	-165.43	198.67	0	255	0
728	-184.26	-165.41	198.67	0	255	0
728	-184.22	-165.4	198.68	0	255	0
728	-184.18	-165.39	198.68	0	255	0
728	-184.14	-165.37	198.68	0	255	0
728	-184.1	-165.36	198.68	0	255	0
728	-184.06	-165.34	198.68	0	255	0
728	-184.01	-165.33	198.68	0	255	0
728	-183.97	-165.31	198.68	0	255	0
728	-183.92	-165.3	198.69	0	255	0
728	-183.87	-165.28	198.69	0	255	0
728	-183.82	-165.26	198.69	0	255	0
728	-183.77	-165.25	198.69	0	255	0
728	-183.72	-165.23	198.69	0	255	0
728	-183.67	-165.21	198.7	0	255	0
728	-183.62	-165.19	198.7	0	255	0
728	-183.56	-165.17	198.7	0	255	0
728	-183.51	-165.15	198.7	0	255	0
728	-183.45	-165.13	198.7	0	255	0
728	-183.4	-165.11	198.71	0	255	0
728	-183.34	-165.09	198.71	0	255	0
728	-183.28	-165.07	198.71	0	255	0
728	-183.22	-165.05	198.71	0	255	0
728	-183.16	-165.03	198.71	0	255	0
728	-183.1	-165.01	198.72	0	255	0
728	-183.03	-164.99	198.72	0	255	0
728	-182.97	-164.97	198.72	0	255	0
728	-182.91	-164.94	198.72	0	255	0
728	-182.84	-164.92	198.73	0	255	0
728	-182.78	-164.9	198.73	0	255	0
728	-182.71	-164.88	198.73	0	255	0
728	-182.65	-164.85	198.73	0	255	0
728	-182.58	-164.83	198.74	0	255	0
728	-182.51	-164.81	198.74	0	255	0
728	-182.44	-164.78	198.74	0	255	0
728	-182.38	-164.76	198.74	0	255	0
728	-182.31	-164.73	198.75	0	255	0
728	-182.24	-164.71	198.75	0	255	0
728	-182.17	-164.69	198.75	0	255	0
728	-182.1	-164.66	198.75	0	255	0
728	-182.03	-164.64	198.76	0	255	0
728	-181.95	-164.61	198.76	0	255	0
728	-181.88	-164.59	198.76	0	255	0
728	-181.81	-164.56	198.76	0	255	0
728	-181.74	-164.54	198.77	0	255	0
728	-181.67	-164.51	198.77	0	255	0
728	-181.59	-164.49	198.77	0	255	0
728	-181.52	-164.46	198.77	0	255	0
728	-181.45	-164.44	198.78	0	255	0
728	-181.37	-164.41	198.78	0	255	0
728	-181.3	-164.38	198.78	0	255	0
728	-181.23	-164.36	198.79	0	255	0
728	-181.15	-164.33	198.79	0	255	0
728	-181.08	-164.31	198.79	0	255	0
728	-181.0	-164.28	198.79	0	255	0
728	-180.93	-164.26	198.8	0	255	0
728	-180.86	-164.23	198.8	0	255	0
728	-180.78	-164.2	198.8	0	255	0
728	-180.71	-164.18	198.8	0	255	0
728	-180.64	-164.15	198.81	0	255	0
728	-180.56	-164.13	198.81	0	255	0
728	-180.49	-164.1	198.81	0	255	0
728	-180.42	-164.08	198.81	0	255	0
728	-180.34	-164.05	198.82	0	255	0
728	-180.27	-164.03	198.82	0	255	0
728	-180.2	-164.0	198.82	0	255	0
728	-180.13	-163.98	198.83	0	255	0
728	-180.05	-163.95	198.83	0	255	0
728	-179.98	-163.93	198.83	0	255	0
728	-179.91	-163.9	198.83	0	255	0
728	-179.84	-163.88	198.84	0	255	0
728	-179.77	-163.85	198.84	0	255	0
728	-179.7	-163.83	198.84	0	255	0
728	-179.63	-163.8	198.84	0	255	0
728	-179.56	-163.78	198.85	0	255	0
728	-179.49	-163.75	198.85	0	255	0
728	-179.42	-163.73	198.85	0	255	0
728	-179.36	-163.71	198.85	0	255	0
728	-179.29	-163.68	198.86	0	255	0
728	-179.22	-163.66	198.86	0	255	0
728	-179.16	-163.64	198.86	0	255	0
728	-179.09	-163.61	198.86	0	255	0
728	-179.03	-163.59	198.87	0	255	0
728	-178.96	-163.57	198.87	0	255	0
728	-178.9	-163.55	198.87	0	255	0
728	-178.84	-163.53	198.87	0	255	0
728	-178.78	-163.51	198.87	0	255	0
728	-178.72	-163.48	198.88	0	255	0
728	-178.66	-163.46	198.88	0	255	0
728	-178.6	-163.44	198.88	0	255	0
728	-178.54	-163.42	198.88	0	255	0
728	-178.48	-163.4	198.89	0	255	0
728	-178.43	-163.38	198.89	0	255	0
728	-178.37	-163.36	198.89	0	255	0
728	-178.32	-163.35	198.89	0	255	0
728	-178.26	-163.33	198.89	0	255	0
728	-178.21	-163.31	198.9	0	255	0
728	-178.16	-163.29	198.9	0	255	0
728	-178.11	-163.27	198.9	0	255	0
728	-178.06	-163.26	198.9	0	255	0
728	-178.02	-163.24	198.9	0	255	0
728	-177.97	-163.22	198.9	0	255	0
728	-177.92	-163.21	198.91	0	255	0
728	-177.88	-163.19	198.91	0	255	0
728	-177.84	-163.18	198.91	0	255	0
728	-177.8	-163.16	198.91	0	255	0
728	-177.76	-163.15	198.91	0	255	0
728	-177.72	-163.14	198.91	0	255	0
728	-177.68	-163.12	198.91	0	255	0
728	-177.64	-163.11	198.92	0	255	0
728	-177.61	-163.1	198.92	0	255	0
728	-177.58	-163.09	198.92	0	255	0
728	-177.54	-163.08	198.92	0	255	0
728	-177.51	-163.07	198.92	0	255	0
728	-177.48	-163.06	198.92	0	255	0
728	-177.46	-163.05	198.92	0	255	0
728	-177.43	-163.04	198.92	0	255	0
728	-177.41	-163.03	198.92	0	255	0
728	-177.39	-163.02	198.93	0	255	0
728	-177.36	-163.01	198.93	0	255	0
728	-177.35	-163.01	198.93	0	255	0
728	-177.33	-163.0	198.93	0	255	0
728	-177.31	-163.0	198.93	0	255	0
728	-177.3	-162.99	198.93	0	255	0
728	-177.29	-162.99	198.93	0	255	0
728	-177.28	-162.98	198.93	0	255	0
728	-177.27	-162.98	198.93	0	255	0
728	-177.26	-162.98	198.93	0	255	0
728	-177.26	-162.98	198.93	0	255	0
728	-177.25	-162.97	198.93	0	255	0
728	-177.25	-162.97	198.93	0	255	0
728	-177.25	-162.97	198.93	0	255	0
728	-177.25	-162.97	198.93	0	255	0
728	-177.25	-162.97	198.93	0	255	0
728	-177.25	-162.97	198.93	0	255	0
728	-177.25	-162.97	198.93	0	255	0
728	-177.25	-162.97	198.93	0	255	0
728	-177.25	-162.97	198.93	0	255	0
728	-177.25	-162.97	198.93	0	255	0
728	-177.25	-162.97	198.93	0	255	0
728	-177.25	-162.97	198.93	0	255	0
728	-177.25	-162.97	198.93	0	255	0
728	-177.25	-162.97	198.93	0	255	0
728	-177.25	-162.97	198.93	0	255	0
728	-177.25	-162.97	198.93	0	255	0
728	-177.25	-162.97	198.93	0	255	0
728	-177.25	-162.97	198.93	0	255	0
728	-177.25	-162.97	198.93	0	255	0
728	-177.25	-162.97	198.93	0	255	0
728	-177.25	-162.97	198.93	0	255	0
728	-177.25	-162.97	198.93	0	255	0
728	-177.25	-162.97	198.93	0	255	0
728	-177.25	-162.97	198.93	0	255	0
728	-177.25	-162.97	198.93	0	255	0
728	-177.25	-162.97	198.93	0	255	0
728	-177.25	-162.97	198.93	0	255	0
728	-177.25	-162.97	198.93	0	255	0
728	-177.25	-162.97	198.93	0	255	0
728	-177.25	-162.97	198.93	0	255	0
728	-177.25	-162.97	198.93	0	255	0
728	-177.25	-162.97	198.93	0	255	0
728	-177.25	-162.97	198.93	0	255	0
728	-177.25	-162.97	198.93	0	255	0
728	-177.25	-162.97	198.93	0	255	0
728	-177.25	-162.97	198.93	0	255	0
728	-177.25	-162.97	198.93	0	255	0
728	-177.25	-162.97	198.93	0	255	0
728	-177.25	-162.97	198.93	0	255	0
728	-177.25	-162.97	198.93	0	255	0
728	-177.25	-162.97	198.93	0	255	0
728	-177.25	-162.97	198.93	0	255	0
728	-177.25	-162.97	198.93	0	255	0
728	-177.25	-162.97	198.93	0	255	0
728	-177.25	-162.97	198.93	0	255	0
728	-177.25	-162.97	198.93	0	255	0
728	-177.25	-162.97	198.93	0	255	0
728	-177.25	-162.97	198.93	0	255	0
728	-177.25	-162.97	198.93	0	255	0
728	-177.25	-162.97	198.93	0	255	0
728	-177.25	-162.97	198.93	0	255	0
728	-177.25	-162.97	198.93	0	255	0
728	-177.25	-162.97	198.93	0	255	0
728	-177.25	-162.97	198.93	0	255	0
728	-177.25	-162.97	198.93	0	255	0
728	-177.25	-162.97	198.93	0	255	0
728	-177.25	-162.97	198.93	0	255	0
728	-177.25	-162.97	198.93	0	255	0
728	-177.25	-162.97	198.93	0	255	0
728	-177.25	-162.97	198.93	0	255	0
728	-177.25	-162.97	198.93	0	255	0
728	-177.25	-162.97	198.93	0	255	0
728	-177.25	-162.97	198.93	0	255	0
728	-177.25	-162.97	198.93	0	255	0
728	-177.25	-162.97	198.93	0	255	0
728	-177.25	-162.97	198.93	0	255	0
728	-177.25	-162.97	198.93	0	255	0
728	-177.25	-162.97	198.93	0	255	0
728	-177.25	-162.97	198.93	0	255	0
728	-177.25	-162.97	198.93	0	255	0
728	-177.25	-162.97	198.93	0	255	0
728	-177.25	-162.97	198.93	0	255	0
728	-177.25	-162.97	198.93	0	255	0
728	-177.25	-162.97	198.93	0	255	0
728	-177.25	-162.97	198.93	0	255	0
728	-177.25	-162.97	198.93	0	255	0
728	-177.25	-162.97	198.93	0	255	0
728	-177.25	-162.97	198.93	0	255	0
728	-177.25	-162.97	198.93	0	255	0
728	-177.25	-162.97	198.93	0	255	0
728	-177.25	-162.97	198.93	0	255	0
728	-177.25	-162.97	198.93	0	255	0
728	-177.25	-162.97	198.93	0	255	0
728	-177.25	-162.97	198.93	0	255	0
728	-177.25	-162.97	198.93	0	255	0
728	-177.25	-162.97	198.93	0	255	0
728	-177.25	-162.97	198.93	0	255	0
728	-177.25	-162.97	198.93	0	255	0
728	-177.25	-162.97	198.93	0	255	0
728	-177.25	-162.97	198.93	0	255	0
728	-177.25	-162.97	198.93	0	255	0
728	-177.25	-162.97	198.93	0	255	0
728	-177.25	-162.97	198.93	0	255	0
728	-177.25	-162.97	198.93	0	255	0
728	-177.25	-162.97	198.93	0	255	0
728	-177.25	-162.97	198.93	0	255	0
728	-177.25	-162.97	198.93	0	255	0
728	-177.25	-162.97	198.93	0	255	0
728	-177.25	-162.97	198.93	0	255	0
728	-177.25	-162.97	198.93	0	255	0
728	-177.25	-162.97	198.93	0	255	0
728	-177.25	-162.97	198.93	0	255	0
728	-177.25	-162.97	198.93	0	255	0
728	-177.25	-162.97	198.93	0	255	0
728	-177.25	-162.97	198.93	0	255	0
728	-177.25	-162.97	198.93	0	255	0
728	-177.25	-162.97	198.93	0	255	0
728	-177.25	-162.97	198.93	0	255	0
728	-177.25	-162.97	198.93	0	255	0
728	-177.25	-162.97	198.93	0	255	0
728	-177.25	-162.97	198.93	0	255	0
728	-177.25	-162.97	198.93	0	255	0
728	-177.25	-162.97	198.93	0	255	0
728	-177.25	-162.97	198.93	0	255	0
728	-177.25	-162.97	198.93	0	255	0
728	-177.25	-162.97	198.93	0	255	0
728	-177.25	-162.97	198.93	0	255	0
728	-177.25	-162.97	198.93	0	255	0
728	-177.25	-162.97	198.93	0	255	0
728	-177.25	-162.97	198.93	0	255	0
728	-177.25	-162.97	198.93	0	255	0
728	-177.25	-162.97	198.93	0	255	0
