729	-177.25	-162.97	201.76	0	255	0
729	-177.25	-162.97	201.76	0	255	0
729	-177.25	-162.97	201.76	0	255	0
729	-177.25	-162.97	201.76	0	255	0
729	-177.25	-162.97	201.76	0	255	0
729	-177.25	-162.97	201.76	0	255	0
729	-177.25	-162.97	201.76	0	255	0
729	-177.25	-162.97	201.76	0	255	0
729	-177.25	-162.97	201.76	0	255	0
729	-177.25	-162.97	201.76	0	255	0
729	-177.25	-162.97	201.76	0	255	0
729	-177.25	-162.97	201.76	0	255	0
729	-177.25	-162.97	201.76	0	255	0
729	-177.25	-162.97	201.76	0	255	0
729	-177.25	-162.97	201.76	0	255	0
729	-177.25	-162.97	201.76	0	255	0
729	-177.25	-162.97	201.76	0	255	0
729	-177.25	-162.97	201.76	0	255	0
729	-177.25	-162.97	201.76	0	255	0
729	-177.25	-162.97	201.76	0	255	0
729	-177.25	-162.97	201.76	0	255	0
729	-177.25	-162.97	201.76	0	255	0
729	-177.25	-162.97	201.76	0	255	0
729	-177.25	-162.97	201.76	0	255	0
729	-177.25	-162.97	201.76	0	255	0
729	-177.25	-162.97	201.76	0	255	0
729	-177.25	-162.97	201.76	0	255	0
729	-177.25	-162.97	201.76	0	255	0
729	-177.25	-162.97	201.76	0	255	0
729	-177.25	-162.97	201.76	0	255	0
729	-177.25	-162.97	201.76	0	255	0
729	-177.25	-162.97	201.76	0	255	0
729	-177.26	-162.98	201.76	0	255	0
729	-177.26	-162.98	201.76	0	255	0
729	-177.27	-162.98	201.76	0	255	0
729	-177.28	-162.98	201.76	0	255	0
729	-177.29	-162.99	201.76	0	255	0
729	-177.3	-162.99	201.76	0	255	0
729	-177.31	-163.0	201.76	0	255	0
729	-177.33	-163.0	201.76	0	255	0
729	-177.35	-163.01	201.76	0	255	0
729	-177.37	-163.01	201.76	0	255	0
729	-177.39	-163.02	201.76	0	255	0
729	-177.41	-163.03	201.76	0	255	0
729	-177.44	-163.04	201.76	0	255	0
729	-177.46	-163.05	201.76	0	255	0
729	-177.49	-163.06	201.76	0	255	0
729	-177.52	-163.07	201.77	0	255	0
729	-177.55	-163.08	201.77	0	255	0
729	-177.58	-163.09	201.77	0	255	0
729	-177.62	-163.1	201.77	0	255	0
729	-177.65	-163.11	201.77	0	255	0
729	-177.69	-163.13	201.77	0	255	0
729	-177.73	-163.14	201.77	0	255	0
729	-177.77	-163.15	201.77	0	255	0
729	-177.81	-163.17	201.77	0	255	0
729	-177.85	-163.18	201.77	0	255	0
729	-177.9	-163.2	201.77	0	255	0
729	-177.94	-163.21	201.77	0	255	0
729	-177.99	-163.23	201.77	0	255	0
729	-178.03	-163.25	201.77	0	255	0
729	-178.08	-163.26	201.77	0	255	0
729	-178.13	-163.28	201.77	0	255	0
729	-178.18	-163.3	201.77	0	255	0
729	-178.24	-163.32	201.77	0	255	0
729	-178.29	-163.34	201.77	0	255	0
729	-178.34	-163.35	201.77	0	255	0
729	-178.4	-163.37	201.78	0	255	0
729	-178.46	-163.39	201.78	0	255	0
729	-178.51	-163.41	201.78	0	255	0
729	-178.57	-163.43	201.78	0	255	0
729	-178.63	-163.45	201.78	0	255	0
729	-178.69	-163.48	201.78	0	255	0
729	-178.75	-163.5	201.78	0	255	0
729	-178.81	-163.52	201.78	0	255	0
729	-178.88	-163.54	201.78	0	255	0
729	-178.94	-163.56	201.78	0	255	0
729	-179.0	-163.58	201.78	0	255	0
729	-179.07	-163.61	201.78	0	255	0
729	-179.13	-163.63	201.78	0	255	0
729	-179.2	-163.65	201.79	0	255	0
729	-179.27	-163.68	201.79	0	255	0
729	-179.34	-163.7	201.79	0	255	0
729	-179.4	-163.72	201.79	0	255	0
729	-179.47	-163.75	201.79	0	255	0
729	-179.54	-163.77	201.79	0	255	0
729	-179.61	-163.8	201.79	0	255	0
729	-179.68	-163.82	201.79	0	255	0
729	-179.75	-163.85	201.79	0	255	0
729	-179.83	-163.87	201.79	0	255	0
729	-179.9	-163.9	201.79	0	255	0
729	-179.97	-163.92	201.79	0	255	0
729	-180.04	-163.95	201.8	0	255	0
729	-180.11	-163.97	201.8	0	255	0
729	-180.19	-164.0	201.8	0	255	0
729	-180.26	-164.02	201.8	0	255	0
729	-180.33	-164.05	201.8	0	255	0
729	-180.41	-164.07	201.8	0	255	0
729	-180.48	-164.1	201.8	0	255	0
729	-180.56	-164.13	201.8	0	255	0
729	-180.63	-164.15	201.8	0	255	0
729	-180.71	-164.18	201.8	0	255	0
729	-180.78	-164.2	201.8	0	255	0
729	-180.86	-164.23	201.8	0	255	0
729	-180.93	-164.26	201.81	0	255	0
729	-181.01	-164.28	201.81	0	255	0
729	-181.08	-164.31	201.81	0	255	0
729	-181.15	-164.33	201.81	0	255	0
729	-181.23	-164.36	201.81	0	255	0
729	-181.3	-164.39	201.81	0	255	0
729	-181.38	-164.41	201.81	0	255	0
729	-181.45	-164.44	201.81	0	255	0
729	-181.53	-164.46	201.81	0	255	0
729	-181.6	-164.49	201.81	0	255	0
729	-181.67	-164.51	201.81	0	255	0
729	-181.75	-164.54	201.82	0	255	0
729	-181.82	-164.57	201.82	0	255	0
729	-181.89	-164.59	201.82	0	255	0
729	-181.97	-164.62	201.82	0	255	0
729	-182.04	-164.64	201.82	0	255	0
729	-182.11	-164.67	201.82	0	255	0
729	-182.18	-164.69	201.82	0	255	0
729	-182.25	-164.72	201.82	0	255	0
729	-182.32	-164.74	201.82	0	255	0
729	-182.39	-164.77	201.82	0	255	0
729	-182.46	-164.79	201.82	0	255	0
729	-182.53	-164.81	201.82	0	255	0
729	-182.6	-164.84	201.83	0	255	0
729	-182.67	-164.86	201.83	0	255	0
729	-182.73	-164.88	201.83	0	255	0
729	-182.8	-164.91	201.83	0	255	0
729	-182.87	-164.93	201.83	0	255	0
729	-182.93	-164.95	201.83	0	255	0
729	-183.0	-164.97	201.83	0	255	0
729	-183.06	-165.0	201.83	0	255	0
729	-183.12	-165.02	201.83	0	255	0
729	-183.18	-165.04	201.83	0	255	0
729	-183.25	-165.06	201.83	0	255	0
729	-183.31	-165.08	201.83	0	255	0
729	-183.36	-165.1	201.83	0	255	0
729	-183.42	-165.12	201.84	0	255	0
729	-183.48	-165.14	201.84	0	255	0
729	-183.54	-165.16	201.84	0	255	0
729	-183.59	-165.18	201.84	0	255	0
729	-183.65	-165.2	201.84	0	255	0
729	-183.7	-165.22	201.84	0	255	0
729	-183.75	-165.24	201.84	0	255	0
729	-183.8	-165.26	201.84	0	255	0
729	-183.85	-165.27	201.84	0	255	0
729	-183.9	-165.29	201.84	0	255	0
729	-183.95	-165.31	201.84	0	255	0
729	-183.99	-165.32	201.84	0	255	0
729	-184.04	-165.34	201.84	0	255	0
729	-184.08	-165.35	201.84	0	255	0
729	-184.13	-165.37	201.84	0	255	0
729	-184.17	-165.38	201.84	0	255	0
729	-184.21	-165.4	201.84	0	255	0
729	-184.25	-165.41	201.85	0	255	0
729	-184.28	-165.42	201.85	0	255	0
729	-184.32	-165.44	201.85	0	255	0
729	-184.35	-165.45	201.85	0	255	0
729	-184.38	-165.46	201.85	0	255	0
729	-184.42	-165.47	201.85	0	255	0
729	-184.44	-165.48	201.85	0	255	0
729	-184.47	-165.49	201.85	0	255	0
729	-184.5	-165.5	201.85	0	255	0
729	-184.52	-165.51	201.85	0	255	0
729	-184.55	-165.52	201.85	0	255	0
729	-184.57	-165.52	201.85	0	255	0
729	-184.59	-165.53	201.85	0	255	0
729	-184.61	-165.54	201.85	0	255	0
729	-184.62	-165.54	201.85	0	255	0
729	-184.64	-165.55	201.85	0	255	0
729	-184.65	-165.55	201.85	0	255	0
729	-184.66	-165.55	201.85	0	255	0
729	-184.67	-165.56	201.85	0	255	0
729	-184.67	-165.56	201.85	0	255	0
729	-184.68	-165.56	201.85	0	255	0
729	-184.68	-165.56	201.85	0	255	0
729	-184.68	-165.56	201.85	0	255	0
729	-184.68	-165.56	201.85	0	255	0
729	-184.68	-165.56	201.85	0	255	0
729	-184.67	-165.56	201.85	0	255	0
729	-184.67	-165.56	201.85	0	255	0
729	-184.66	-165.55	201.85	0	255	0
729	-184.65	-165.55	201.85	0	255	0
729	-184.64	-165.55	201.85	0	255	0
729	-184.62	-165.54	201.85	0	255	0
729	-184.61	-165.54	201.85	0	255	0
729	-184.59	-165.53	201.85	0	255	0
729	-184.57	-165.52	201.85	0	255	0
729	-184.55	-165.52	201.85	0	255	0
729	-184.53	-165.51	201.85	0	255	0
729	-184.5	-165.5	201.85	0	255	0
729	-184.48	-165.49	201.85	0	255	0
729	-184.45	-165.48	201.85	0	255	0
729	-184.42	-165.47	201.85	0	255	0
729	-184.39	-165.46	201.85	0	255	0
729	-184.36	-165.45	201.85	0	255	0
729	-184.33	-165.44	201.85	0	255	0
729	-184.29	-165.43	201.85	0	255	0
729	-184.26	-165.41	201.85	0	255	0
729	-184.22	-165.4	201.84	0	255	0
729	-184.18	-165.39	201.84	0	255	0
729	-184.14	-165.37	201.84	0	255	0
729	-184.1	-165.36	201.84	0	255	0
729	-184.06	-165.34	201.84	0	255	0
729	-184.01	-165.33	201.84	0	255	0
729	-183.97	-165.31	201.84	0	255	0
729	-183.92	-165.3	201.84	0	255	0
729	-183.87	-165.28	201.84	0	255	0
729	-183.82	-165.26	201.84	0	255	0
729	-183.77	-165.25	201.84	0	255	0
729	-183.72	-165.23	201.84	0	255	0
729	-183.67	-165.21	201.84	0	255	0
729	-183.62	-165.19	201.84	0	255	0
729	-183.56	-165.17	201.84	0	255	0
729	-183.51	-165.15	201.84	0	255	0
729	-183.45	-165.13	201.84	0	255	0
729	-183.4	-165.11	201.84	0	255	0
729	-183.34	-165.09	201.83	0	255	0
729	-183.28	-165.07	201.83	0	255	0
729	-183.22	-165.05	201.83	0	255	0
729	-183.16	-165.03	201.83	0	255	0
729	-183.1	-165.01	201.83	0	255	0
729	-183.03	-164.99	201.83	0	255	0
729	-182.97	-164.97	201.83	0	255	0
729	-182.91	-164.94	201.83	0	255	0
729	-182.84	-164.92	201.83	0	255	0
729	-182.78	-164.9	201.83	0	255	0
729	-182.71	-164.88	201.83	0	255	0
729	-182.65	-164.85	201.83	0	255	0
729	-182.58	-164.83	201.83	0	255	0
729	-182.51	-164.81	201.82	0	255	0
729	-182.44	-164.78	201.82	0	255	0
729	-182.38	-164.76	201.82	0	255	0
729	-182.31	-164.73	201.82	0	255	0
729	-182.24	-164.71	201.82	0	255	0
729	-182.17	-164.69	201.82	0	255	0
729	-182.1	-164.66	201.82	0	255	0
729	-182.03	-164.64	201.82	0	255	0
729	-181.95	-164.61	201.82	0	255	0
729	-181.88	-164.59	201.82	0	255	0
729	-181.81	-164.56	201.82	0	255	0
729	-181.74	-164.54	201.82	0	255	0
729	-181.67	-164.51	201.81	0	255	0
729	-181.59	-164.49	201.81	0	255	0
729	-181.52	-164.46	201.81	0	255	0
729	-181.45	-164.44	201.81	0	255	0
729	-181.37	-164.41	201.81	0	255	0
729	-181.3	-164.38	201.81	0	255	0
729	-181.23	-164.36	201.81	0	255	0
729	-181.15	-164.33	201.81	0	255	0
729	-181.08	-164.31	201.81	0	255	0
729	-181.0	-164.28	201.81	0	255	0
729	-180.93	-164.26	201.81	0	255	0
729	-180.86	-164.23	201.8	0	255	0
729	-180.78	-164.2	201.8	0	255	0
729	-180.71	-164.18	201.8	0	255	0
729	-180.64	-164.15	201.8	0	255	0
729	-180.56	-164.13	201.8	0	255	0
729	-180.49	-164.1	201.8	0	255	0
729	-180.42	-164.08	201.8	0	255	0
729	-180.34	-164.05	201.8	0	255	0
729	-180.27	-164.03	201.8	0	255	0
729	-180.2	-164.0	201.8	0	255	0
729	-180.13	-163.98	201.8	0	255	0
729	-180.05	-163.95	201.8	0	255	0
729	-179.98	-163.93	201.79	0	255	0
729	-179.91	-163.9	201.79	0	255	0
729	-179.84	-163.88	201.79	0	255	0
729	-179.77	-163.85	201.79	0	255	0
729	-179.7	-163.83	201.79	0	255	0
729	-179.63	-163.8	201.79	0	255	0
729	-179.56	-163.78	201.79	0	255	0
729	-179.49	-163.75	201.79	0	255	0
729	-179.42	-163.73	201.79	0	255	0
729	-179.36	-163.71	201.79	0	255	0
729	-179.29	-163.68	201.79	0	255	0
729	-179.22	-163.66	201.79	0	255	0
729	-179.16	-163.64	201.78	0	255	0
729	-179.09	-163.61	201.78	0	255	0
729	-179.03	-163.59	201.78	0	255	0
729	-178.96	-163.57	201.78	0	255	0
729	-178.9	-163.55	201.78	0	255	0
729	-178.84	-163.53	201.78	0	255	0
729	-178.78	-163.51	201.78	0	255	0
729	-178.72	-163.48	201.78	0	255	0
729	-178.66	-163.46	201.78	0	255	0
729	-178.6	-163.44	201.78	0	255	0
729	-178.54	-163.42	201.78	0	255	0
729	-178.48	-163.4	201.78	0	255	0
729	-178.43	-163.38	201.78	0	255	0
729	-178.37	-163.36	201.78	0	255	0
729	-178.32	-163.35	201.77	0	255	0
729	-178.26	-163.33	201.77	0	255	0
729	-178.21	-163.31	201.77	0	255	0
729	-178.16	-163.29	201.77	0	255	0
729	-178.11	-163.27	201.77	0	255	0
729	-178.06	-163.26	201.77	0	255	0
729	-178.02	-163.24	201.77	0	255	0
729	-177.97	-163.22	201.77	0	255	0
729	-177.92	-163.21	201.77	0	255	0
729	-177.88	-163.19	201.77	0	255	0
729	-177.84	-163.18	201.77	0	255	0
729	-177.8	-163.16	201.77	0	255	0
729	-177.76	-163.15	201.77	0	255	0
729	-177.72	-163.14	201.77	0	255	0
729	-177.68	-163.12	201.77	0	255	0
729	-177.64	-163.11	201.77	0	255	0
729	-177.61	-163.1	201.77	0	255	0
729	-177.58	-163.09	201.77	0	255	0
729	-177.54	-163.08	201.77	0	255	0
729	-177.51	-163.07	201.77	0	255	0
729	-177.48	-163.06	201.76	0	255	0
729	-177.46	-163.05	201.76	0	255	0
729	-177.43	-163.04	201.76	0	255	0
729	-177.41	-163.03	201.76	0	255	0
729	-177.39	-163.02	201.76	0	255	0
729	-177.36	-163.01	201.76	0	255	0
729	-177.35	-163.01	201.76	0	255	0
729	-177.33	-163.0	201.76	0	255	0
729	-177.31	-163.0	201.76	0	255	0
729	-177.3	-162.99	201.76	0	255	0
729	-177.29	-162.99	201.76	0	255	0
729	-177.28	-162.98	201.76	0	255	0
729	-177.27	-162.98	201.76	0	255	0
729	-177.26	-162.98	201.76	0	255	0
729	-177.26	-162.98	201.76	0	255	0
729	-177.25	-162.97	201.76	0	255	0
729	-177.25	-162.97	201.76	0	255	0
729	-177.25	-162.97	201.76	0	255	0
729	-177.25	-162.97	201.76	0	255	0
729	-177.25	-162.97	201.76	0	255	0
729	-177.25	-162.97	201.76	0	255	0
729	-177.25	-162.97	201.76	0	255	0
729	-177.25	-162.97	201.76	0	255	0
729	-177.25	-162.97	201.76	0	255	0
729	-177.25	-162.97	201.76	0	255	0
729	-177.25	-162.97	201.76	0	255	0
729	-177.25	-162.97	201.76	0	255	0
729	-177.25	-162.97	201.76	0	255	0
729	-177.25	-162.97	201.76	0	255	0
729	-177.25	-162.97	201.76	0	255	0
729	-177.25	-162.97	201.76	0	255	0
729	-177.25	-162.97	201.76	0	255	0
729	-177.25	-162.97	201.76	0	255	0
729	-177.25	-162.97	201.76	0	255	0
729	-177.25	-162.97	201.76	0	255	0
729	-177.25	-162.97	201.76	0	255	0
729	-177.25	-162.97	201.76	0	255	0
729	-177.25	-162.97	201.76	0	255	0
729	-177.25	-162.97	201.76	0	255	0
729	-177.25	-162.97	201.76	0	255	0
729	-177.25	-162.97	201.76	0	255	0
729	-177.25	-162.97	201.76	0	255	0
729	-177.25	-162.97	201.76	0	255	0
729	-177.25	-162.97	201.76	0	255	0
729	-177.25	-162.97	201.76	0	255	0
729	-177.25	-162.97	201.76	0	255	0
729	-177.25	-162.97	201.76	0	255	0
729	-177.25	-162.97	201.76	0	255	0
729	-177.25	-162.97	201.76	0	255	0
729	-177.25	-162.97	201.76	0	255	0
729	-177.25	-162.97	201.76	0	255	0
729	-177.25	-162.97	201.76	0	255	0
729	-177.25	-162.97	201.76	0	255	0
729	-177.25	-162.97	201.76	0	255	0
729	-177.25	-162.97	201.76	0	255	0
729	-177.25	-162.97	201.76	0	255	0
729	-177.25	-162.97	201.76	0	255	0
729	-177.25	-162.97	201.76	0	255	0
729	-177.25	-162.97	201.76	0	255	0
729	-177.25	-162.97	201.76	0	255	0
729	-177.25	-162.97	201.76	0	255	0
729	-177.25	-162.97	201.76	0	255	0
729	-177.25	-162.97	201.76	0	255	0
729	-177.25	-162.97	201.76	0	255	0
729	-177.25	-162.97	201.76	0	255	0
729	-177.25	-162.97	201.76	0	255	0
729	-177.25	-162.97	201.76	0	255	0
729	-177.25	-162.97	201.76	0	255	0
729	-177.25	-162.97	201.76	0	255	0
729	-177.25	-162.97	201.76	0	255	0
729	-177.25	-162.97	201.76	0	255	0
729	-177.25	-162.97	201.76	0	255	0
729	-177.25	-162.97	201.76	0	255	0
729	-177.25	-162.97	201.76	0	255	0
729	-177.25	-162.97	201.76	0	255	0
729	-177.25	-162.97	201.76	0	255	0
729	-177.25	-162.97	201.76	0	255	0
729	-177.25	-162.97	201.76	0	255	0
729	-177.25	-162.97	201.76	0	255	0
729	-177.25	-162.97	201.76	0	255	0
729	-177.25	-162.97	201.76	0	255	0
729	-177.25	-162.97	201.76	0	255	0
729	-177.25	-162.97	201.76	0	255	0
729	-177.25	-162.97	201.76	0	255	0
729	-177.25	-162.97	201.76	0	255	0
729	-177.25	-162.97	201.76	0	255	0
729	-177.25	-162.97	201.76	0	255	0
729	-177.25	-162.97	201.76	0	255	0
729	-177.25	-162.97	201.76	0	255	0
729	-177.25	-162.97	201.76	0	255	0
729	-177.25	-162.97	201.76	0	255	0
729	-177.25	-162.97	201.76	0	255	0
729	-177.25	-162.97	201.76	0	255	0
729	-177.25	-162.97	201.76	0	255	0
729	-177.25	-162.97	201.76	0	255	0
729	-177.25	-162.97	201.76	0	255	0
729	-177.25	-162.97	201.76	0	255	0
729	-177.25	-162.97	201.76	0	255	0
729	-177.25	-162.97	201.76	0	255	0
729	-177.25	-162.97	201.76	0	255	0
729	-177.25	-162.97	201.76	0	255	0
729	-177.25	-162.97	201.76	0	255	0
729	-177.25	-162.97	201.76	0	255	0
729	-177.25	-162.97	201.76	0	255	0
729	-177.25	-162.97	201.76	0	255	0
729	-177.25	-162.97	201.76	0	255	0
729	-177.25	-162.97	201.76	0	255	0
729	-177.25	-162.97	201.76	0	255	0
729	-177.25	-162.97	201.76	0	255	0
729	-177.25	-162.97	201.76	0	255	0
729	-177.25	-162.97	201.76	0	255	0
729	-177.25	-162.97	201.76	0	255	0
729	-177.25	-162.97	201.76	0	255	0
729	-177.25	-162.97	201.76	0	255	0
729	-177.25	-162.97	201.76	0	255	0
729	-177.25	-162.97	201.76	0	255	0
729	-177.25	-162.97	201.76	0	255	0
729	-177.25	-162.97	201.76	0	255	0
729	-177.25	-162.97	201.76	0	255	0
729	-177.25	-162.97	201.76	0	255	0
729	-177.25	-162.97	201.76	0	255	0
729	-177.25	-162.97	201.76	0	255	0
729	-177.25	-162.97	201.76	0	255	0
729	-177.25	-162.97	201.76	0	255	0
729	-177.25	-162.97	201.76	0	255	0
729	-177.25	-162.97	201.76	0	255	0
729	-177.25	-162.97	201.76	0	255	0
729	-177.25	-162.97	201.76	0	255	0
729	-177.25	-162.97	201.76	0	255	0
729	-177.25	-162.97	201.76	0	255	0
729	-177.25	-162.97	201.76	0	255	0
729	-177.25	-162.97	201.76	0	255	0
729	-177.25	-162.97	201.76	0	255	0
729	-177.25	-162.97	201.76	0	255	0
729	-177.25	-162.97	201.76	0	255	0
729	-177.25	-162.97	201.76	0	255	0
729	-177.25	-162.97	201.76	0	255	0
