740	-172.13	-162.16	163.77	0	255	0
740	-172.13	-162.16	163.77	0	255	0
740	-172.13	-162.16	163.77	0	255	0
740	-172.13	-162.16	163.77	0	255	0
740	-172.13	-162.16	163.77	0	255	0
740	-172.13	-162.16	163.77	0	255	0
740	-172.13	-162.16	163.77	0	255	0
740	-172.13	-162.16	163.77	0	255	0
740	-172.13	-162.16	163.77	0	255	0
740	-172.13	-162.16	163.77	0	255	0
740	-172.13	-162.16	163.77	0	255	0
740	-172.13	-162.16	163.77	0	255	0
740	-172.13	-162.16	163.77	0	255	0
740	-172.13	-162.16	163.77	0	255	0
740	-172.13	-162.16	163.77	0	255	0
740	-172.13	-162.16	163.77	0	255	0
740	-172.13	-162.16	163.77	0	255	0
740	-172.13	-162.16	163.77	0	255	0
740	-172.13	-162.16	163.77	0	255	0
740	-172.13	-162.16	163.77	0	255	0
740	-172.13	-162.16	163.77	0	255	0
740	-172.13	-162.16	163.77	0	255	0
740	-172.13	-162.16	163.77	0	255	0
740	-172.13	-162.16	163.77	0	255	0
740	-172.13	-162.16	163.77	0	255	0
740	-172.13	-162.16	163.77	0	255	0
740	-172.13	-162.16	163.77	0	255	0
740	-172.13	-162.16	163.77	0	255	0
740	-172.13	-162.16	163.77	0	255	0
740	-172.13	-162.16	163.77	0	255	0
740	-172.13	-162.16	163.77	0	255	0
740	-172.13	-162.16	163.77	0	255	0
740	-172.13	-162.16	163.77	0	255	0
740	-172.14	-162.17	163.77	0	255	0
740	-172.14	-162.17	163.76	0	255	0
740	-172.15	-162.17	163.76	0	255	0
740	-172.16	-162.17	163.75	0	255	0
740	-172.17	-162.18	163.74	0	255	0
740	-172.18	-162.18	163.73	0	255	0
740	-172.2	-162.19	163.72	0	255	0
740	-172.22	-162.19	163.71	0	255	0
740	-172.23	-162.2	163.7	0	255	0
740	-172.25	-162.21	163.69	0	255	0
740	-172.27	-162.22	163.67	0	255	0
740	-172.3	-162.22	163.66	0	255	0
740	-172.32	-162.23	163.64	0	255	0
740	-172.35	-162.24	163.62	0	255	0
740	-172.37	-162.25	163.6	0	255	0
740	-172.4	-162.26	163.58	0	255	0
740	-172.43	-162.27	163.56	0	255	0
740	-172.46	-162.28	163.54	0	255	0
740	-172.49	-162.3	163.52	0	255	0
740	-172.53	-162.31	163.49	0	255	0
740	-172.56	-162.32	163.47	0	255	0
740	-172.6	-162.34	163.44	0	255	0
740	-172.64	-162.35	163.42	0	255	0
740	-172.67	-162.36	163.39	0	255	0
740	-172.71	-162.38	163.36	0	255	0
740	-172.76	-162.39	163.33	0	255	0
740	-172.8	-162.41	163.3	0	255	0
740	-172.84	-162.42	163.27	0	255	0
740	-172.89	-162.44	163.24	0	255	0
740	-172.93	-162.46	163.21	0	255	0
740	-172.98	-162.47	163.18	0	255	0
740	-173.03	-162.49	163.14	0	255	0
740	-173.07	-162.51	163.11	0	255	0
740	-173.12	-162.53	163.08	0	255	0
740	-173.17	-162.55	163.04	0	255	0
740	-173.23	-162.56	163.0	0	255	0
740	-173.28	-162.58	162.97	0	255	0
740	-173.33	-162.6	162.93	0	255	0
740	-173.38	-162.62	162.89	0	255	0
740	-173.44	-162.64	162.85	0	255	0
740	-173.5	-162.66	162.81	0	255	0
740	-173.55	-162.68	162.78	0	255	0
740	-173.61	-162.71	162.74	0	255	0
740	-173.67	-162.73	162.69	0	255	0
740	-173.73	-162.75	162.65	0	255	0
740	-173.78	-162.77	162.61	0	255	0
740	-173.84	-162.79	162.57	0	255	0
740	-173.91	-162.81	162.53	0	255	0
740	-173.97	-162.84	162.48	0	255	0
740	-174.03	-162.86	162.44	0	255	0
740	-174.09	-162.88	162.4	0	255	0
740	-174.15	-162.91	162.35	0	255	0
740	-174.22	-162.93	162.31	0	255	0
740	-174.28	-162.95	162.26	0	255	0
740	-174.34	-162.98	162.22	0	255	0
740	-174.41	-163.0	162.17	0	255	0
740	-174.47	-163.02	162.13	0	255	0
740	-174.54	-163.05	162.08	0	255	0
740	-174.61	-163.07	162.04	0	255	0
740	-174.67	-163.1	161.99	0	255	0
740	-174.74	-163.12	161.94	0	255	0
740	-174.81	-163.14	161.9	0	255	0
740	-174.87	-163.17	161.85	0	255	0
740	-174.94	-163.19	161.8	0	255	0
740	-175.01	-163.22	161.76	0	255	0
740	-175.07	-163.24	161.71	0	255	0
740	-175.14	-163.27	161.66	0	255	0
740	-175.21	-163.29	161.61	0	255	0
740	-175.28	-163.32	161.57	0	255	0
740	-175.35	-163.34	161.52	0	255	0
740	-175.41	-163.37	161.47	0	255	0
740	-175.48	-163.39	161.42	0	255	0
740	-175.55	-163.42	161.37	0	255	0
740	-175.62	-163.44	161.33	0	255	0
740	-175.69	-163.47	161.28	0	255	0
740	-175.76	-163.49	161.23	0	255	0
740	-175.82	-163.52	161.18	0	255	0
740	-175.89	-163.54	161.14	0	255	0
740	-175.96	-163.57	161.09	0	255	0
740	-176.03	-163.59	161.04	0	255	0
740	-176.09	-163.62	160.99	0	255	0
740	-176.16	-163.64	160.95	0	255	0
740	-176.23	-163.67	160.9	0	255	0
740	-176.3	-163.69	160.85	0	255	0
740	-176.36	-163.71	160.81	0	255	0
740	-176.43	-163.74	160.76	0	255	0
740	-176.49	-163.76	160.71	0	255	0
740	-176.56	-163.79	160.67	0	255	0
740	-176.62	-163.81	160.62	0	255	0
740	-176.69	-163.83	160.58	0	255	0
740	-176.75	-163.86	160.53	0	255	0
740	-176.82	-163.88	160.49	0	255	0
740	-176.88	-163.91	160.44	0	255	0
740	-176.94	-163.93	160.4	0	255	0
740	-177.01	-163.95	160.36	0	255	0
740	-177.07	-163.97	160.31	0	255	0
740	-177.13	-164.0	160.27	0	255	0
740	-177.19	-164.02	160.23	0	255	0
740	-177.25	-164.04	160.18	0	255	0
740	-177.31	-164.06	160.14	0	255	0
740	-177.37	-164.08	160.1	0	255	0
740	-177.42	-164.1	160.06	0	255	0
740	-177.48	-164.13	160.02	0	255	0
740	-177.54	-164.15	159.98	0	255	0
740	-177.59	-164.17	159.94	0	255	0
740	-177.65	-164.19	159.9	0	255	0
740	-177.7	-164.21	159.87	0	255	0
740	-177.76	-164.23	159.83	0	255	0
740	-177.81	-164.25	159.79	0	255	0
740	-177.86	-164.26	159.76	0	255	0
740	-177.91	-164.28	159.72	0	255	0
740	-177.96	-164.3	159.69	0	255	0
740	-178.01	-164.32	159.65	0	255	0
740	-178.06	-164.34	159.62	0	255	0
740	-178.1	-164.35	159.59	0	255	0
740	-178.15	-164.37	159.55	0	255	0
740	-178.19	-164.39	159.52	0	255	0
740	-178.24	-164.4	159.49	0	255	0
740	-178.28	-164.42	159.46	0	255	0
740	-178.32	-164.43	159.43	0	255	0
740	-178.36	-164.45	159.41	0	255	0
740	-178.4	-164.46	159.38	0	255	0
740	-178.44	-164.48	159.35	0	255	0
740	-178.47	-164.49	159.33	0	255	0
740	-178.51	-164.5	159.3	0	255	0
740	-178.54	-164.51	159.28	0	255	0
740	-178.57	-164.53	159.26	0	255	0
740	-178.6	-164.54	159.24	0	255	0
740	-178.63	-164.55	159.21	0	255	0
740	-178.66	-164.56	159.19	0	255	0
740	-178.69	-164.57	159.18	0	255	0
740	-178.71	-164.58	159.16	0	255	0
740	-178.74	-164.59	159.14	0	255	0
740	-178.76	-164.59	159.13	0	255	0
740	-178.78	-164.6	159.11	0	255	0
740	-178.8	-164.61	159.1	0	255	0
740	-178.82	-164.62	159.08	0	255	0
740	-178.84	-164.62	159.07	0	255	0
740	-178.85	-164.63	159.06	0	255	0
740	-178.86	-164.63	159.05	0	255	0
740	-178.87	-164.64	159.05	0	255	0
740	-178.88	-164.64	159.04	0	255	0
740	-178.89	-164.64	159.03	0	255	0
740	-178.9	-164.64	159.03	0	255	0
740	-178.9	-164.65	159.03	0	255	0
740	-178.91	-164.65	159.02	0	255	0
740	-178.91	-164.65	159.02	0	255	0
740	-178.91	-164.65	159.02	0	255	0
740	-178.9	-164.65	159.03	0	255	0
740	-178.9	-164.64	159.03	0	255	0
740	-178.89	-164.64	159.03	0	255	0
740	-178.88	-164.64	159.04	0	255	0
740	-178.88	-164.64	159.05	0	255	0
740	-178.86	-164.63	159.05	0	255	0
740	-178.85	-164.63	159.06	0	255	0
740	-178.84	-164.62	159.07	0	255	0
740	-178.82	-164.62	159.08	0	255	0
740	-178.8	-164.61	159.1	0	255	0
740	-178.78	-164.6	159.11	0	255	0
740	-178.76	-164.6	159.12	0	255	0
740	-178.74	-164.59	159.14	0	255	0
740	-178.72	-164.58	159.15	0	255	0
740	-178.69	-164.57	159.17	0	255	0
740	-178.67	-164.56	159.19	0	255	0
740	-178.64	-164.55	159.21	0	255	0
740	-178.61	-164.54	159.23	0	255	0
740	-178.58	-164.53	159.25	0	255	0
740	-178.55	-164.52	159.27	0	255	0
740	-178.52	-164.5	159.3	0	255	0
740	-178.48	-164.49	159.32	0	255	0
740	-178.45	-164.48	159.35	0	255	0
740	-178.41	-164.47	159.37	0	255	0
740	-178.37	-164.45	159.4	0	255	0
740	-178.33	-164.44	159.42	0	255	0
740	-178.29	-164.42	159.45	0	255	0
740	-178.25	-164.41	159.48	0	255	0
740	-178.21	-164.39	159.51	0	255	0
740	-178.17	-164.38	159.54	0	255	0
740	-178.12	-164.36	159.57	0	255	0
740	-178.08	-164.34	159.6	0	255	0
740	-178.03	-164.33	159.64	0	255	0
740	-177.98	-164.31	159.67	0	255	0
740	-177.93	-164.29	159.7	0	255	0
740	-177.88	-164.27	159.74	0	255	0
740	-177.83	-164.25	159.77	0	255	0
740	-177.78	-164.24	159.81	0	255	0
740	-177.73	-164.22	159.85	0	255	0
740	-177.68	-164.2	159.88	0	255	0
740	-177.62	-164.18	159.92	0	255	0
740	-177.57	-164.16	159.96	0	255	0
740	-177.52	-164.14	160.0	0	255	0
740	-177.46	-164.12	160.04	0	255	0
740	-177.4	-164.1	160.08	0	255	0
740	-177.34	-164.08	160.12	0	255	0
740	-177.29	-164.05	160.16	0	255	0
740	-177.23	-164.03	160.2	0	255	0
740	-177.17	-164.01	160.24	0	255	0
740	-177.11	-163.99	160.28	0	255	0
740	-177.05	-163.97	160.33	0	255	0
740	-176.99	-163.94	160.37	0	255	0
740	-176.93	-163.92	160.41	0	255	0
740	-176.86	-163.9	160.45	0	255	0
740	-176.8	-163.88	160.5	0	255	0
740	-176.74	-163.85	160.54	0	255	0
740	-176.67	-163.83	160.59	0	255	0
740	-176.61	-163.81	160.63	0	255	0
740	-176.55	-163.78	160.68	0	255	0
740	-176.48	-163.76	160.72	0	255	0
740	-176.42	-163.73	160.77	0	255	0
740	-176.35	-163.71	160.81	0	255	0
740	-176.29	-163.69	160.86	0	255	0
740	-176.22	-163.66	160.91	0	255	0
740	-176.15	-163.64	160.95	0	255	0
740	-176.09	-163.61	161.0	0	255	0
740	-176.02	-163.59	161.05	0	255	0
740	-175.95	-163.57	161.09	0	255	0
740	-175.89	-163.54	161.14	0	255	0
740	-175.82	-163.52	161.19	0	255	0
740	-175.75	-163.49	161.23	0	255	0
740	-175.69	-163.47	161.28	0	255	0
740	-175.62	-163.44	161.33	0	255	0
740	-175.55	-163.42	161.37	0	255	0
740	-175.48	-163.39	161.42	0	255	0
740	-175.42	-163.37	161.47	0	255	0
740	-175.35	-163.34	161.52	0	255	0
740	-175.28	-163.32	161.56	0	255	0
740	-175.21	-163.29	161.61	0	255	0
740	-175.15	-163.27	161.66	0	255	0
740	-175.08	-163.25	161.7	0	255	0
740	-175.01	-163.22	161.75	0	255	0
740	-174.95	-163.2	161.8	0	255	0
740	-174.88	-163.17	161.84	0	255	0
740	-174.81	-163.15	161.89	0	255	0
740	-174.75	-163.12	161.94	0	255	0
740	-174.68	-163.1	161.98	0	255	0
740	-174.62	-163.08	162.03	0	255	0
740	-174.55	-163.05	162.07	0	255	0
740	-174.49	-163.03	162.12	0	255	0
740	-174.42	-163.0	162.16	0	255	0
740	-174.36	-162.98	162.21	0	255	0
740	-174.3	-162.96	162.25	0	255	0
740	-174.23	-162.93	162.3	0	255	0
740	-174.17	-162.91	162.34	0	255	0
740	-174.11	-162.89	162.39	0	255	0
740	-174.05	-162.87	162.43	0	255	0
740	-173.99	-162.84	162.47	0	255	0
740	-173.93	-162.82	162.51	0	255	0
740	-173.87	-162.8	162.56	0	255	0
740	-173.81	-162.78	162.6	0	255	0
740	-173.75	-162.76	162.64	0	255	0
740	-173.69	-162.73	162.68	0	255	0
740	-173.63	-162.71	162.72	0	255	0
740	-173.57	-162.69	162.76	0	255	0
740	-173.52	-162.67	162.8	0	255	0
740	-173.46	-162.65	162.84	0	255	0
740	-173.41	-162.63	162.88	0	255	0
740	-173.36	-162.61	162.91	0	255	0
740	-173.3	-162.59	162.95	0	255	0
740	-173.25	-162.57	162.99	0	255	0
740	-173.2	-162.56	163.02	0	255	0
740	-173.15	-162.54	163.06	0	255	0
740	-173.1	-162.52	163.09	0	255	0
740	-173.05	-162.5	163.13	0	255	0
740	-173.0	-162.48	163.16	0	255	0
740	-172.96	-162.47	163.19	0	255	0
740	-172.91	-162.45	163.22	0	255	0
740	-172.87	-162.43	163.25	0	255	0
740	-172.82	-162.42	163.29	0	255	0
740	-172.78	-162.4	163.31	0	255	0
740	-172.74	-162.39	163.34	0	255	0
740	-172.7	-162.37	163.37	0	255	0
740	-172.66	-162.36	163.4	0	255	0
740	-172.62	-162.34	163.43	0	255	0
740	-172.59	-162.33	163.45	0	255	0
740	-172.55	-162.32	163.48	0	255	0
740	-172.52	-162.31	163.5	0	255	0
740	-172.48	-162.29	163.52	0	255	0
740	-172.45	-162.28	163.55	0	255	0
740	-172.42	-162.27	163.57	0	255	0
740	-172.39	-162.26	163.59	0	255	0
740	-172.37	-162.25	163.61	0	255	0
740	-172.34	-162.24	163.62	0	255	0
740	-172.32	-162.23	163.64	0	255	0
740	-172.29	-162.22	163.66	0	255	0
740	-172.27	-162.21	163.67	0	255	0
740	-172.25	-162.21	163.69	0	255	0
740	-172.23	-162.2	163.7	0	255	0
740	-172.21	-162.19	163.71	0	255	0
740	-172.2	-162.19	163.72	0	255	0
740	-172.18	-162.18	163.73	0	255	0
740	-172.17	-162.18	163.74	0	255	0
740	-172.16	-162.17	163.75	0	255	0
740	-172.15	-162.17	163.76	0	255	0
740	-172.14	-162.17	163.76	0	255	0
740	-172.14	-162.17	163.77	0	255	0
740	-172.13	-162.16	163.77	0	255	0
740	-172.13	-162.16	163.77	0	255	0
740	-172.13	-162.16	163.77	0	255	0
740	-172.13	-162.16	163.77	0	255	0
740	-172.13	-162.16	163.77	0	255	0
740	-172.13	-162.16	163.77	0	255	0
740	-172.13	-162.16	163.77	0	255	0
740	-172.13	-162.16	163.77	0	255	0
740	-172.13	-162.16	163.77	0	255	0
740	-172.13	-162.16	163.77	0	255	0
740	-172.13	-162.16	163.77	0	255	0
740	-172.13	-162.16	163.77	0	255	0
740	-172.13	-162.16	163.77	0	255	0
740	-172.13	-162.16	163.77	0	255	0
740	-172.13	-162.16	163.77	0	255	0
740	-172.13	-162.16	163.77	0	255	0
740	-172.13	-162.16	163.77	0	255	0
740	-172.13	-162.16	163.77	0	255	0
740	-172.13	-162.16	163.77	0	255	0
740	-172.13	-162.16	163.77	0	255	0
740	-172.13	-162.16	163.77	0	255	0
740	-172.13	-162.16	163.77	0	255	0
740	-172.13	-162.16	163.77	0	255	0
740	-172.13	-162.16	163.77	0	255	0
740	-172.13	-162.16	163.77	0	255	0
740	-172.13	-162.16	163.77	0	255	0
740	-172.13	-162.16	163.77	0	255	0
740	-172.13	-162.16	163.77	0	255	0
740	-172.13	-162.16	163.77	0	255	0
740	-172.13	-162.16	163.77	0	255	0
740	-172.13	-162.16	163.77	0	255	0
740	-172.13	-162.16	163.77	0	255	0
740	-172.13	-162.16	163.77	0	255	0
740	-172.13	-162.16	163.77	0	255	0
740	-172.13	-162.16	163.77	0	255	0
740	-172.13	-162.16	163.77	0	255	0
740	-172.13	-162.16	163.77	0	255	0
740	-172.13	-162.16	163.77	0	255	0
740	-172.13	-162.16	163.77	0	255	0
740	-172.13	-162.16	163.77	0	255	0
740	-172.13	-162.16	163.77	0	255	0
740	-172.13	-162.16	163.77	0	255	0
740	-172.13	-162.16	163.77	0	255	0
740	-172.13	-162.16	163.77	0	255	0
740	-172.13	-162.16	163.77	0	255	0
740	-172.13	-162.16	163.77	0	255	0
740	-172.13	-162.16	163.77	0	255	0
740	-172.13	-162.16	163.77	0	255	0
740	-172.13	-162.16	163.77	0	255	0
740	-172.13	-162.16	163.77	0	255	0
740	-172.13	-162.16	163.77	0	255	0
740	-172.13	-162.16	163.77	0	255	0
740	-172.13	-162.16	163.77	0	255	0
740	-172.13	-162.16	163.77	0	255	0
740	-172.13	-162.16	163.77	0	255	0
740	-172.13	-162.16	163.77	0	255	0
740	-172.13	-162.16	163.77	0	255	0
740	-172.13	-162.16	163.77	0	255	0
740	-172.13	-162.16	163.77	0	255	0
740	-172.13	-162.16	163.77	0	255	0
740	-172.13	-162.16	163.77	0	255	0
740	-172.13	-162.16	163.77	0	255	0
740	-172.13	-162.16	163.77	0	255	0
740	-172.13	-162.16	163.77	0	255	0
740	-172.13	-162.16	163.77	0	255	0
740	-172.13	-162.16	163.77	0	255	0
740	-172.13	-162.16	163.77	0	255	0
740	-172.13	-162.16	163.77	0	255	0
740	-172.13	-162.16	163.77	0	255	0
740	-172.13	-162.16	163.77	0	255	0
740	-172.13	-162.16	163.77	0	255	0
740	-172.13	-162.16	163.77	0	255	0
740	-172.13	-162.16	163.77	0	255	0
740	-172.13	-162.16	163.77	0	255	0
740	-172.13	-162.16	163.77	0	255	0
740	-172.13	-162.16	163.77	0	255	0
740	-172.13	-162.16	163.77	0	255	0
740	-172.13	-162.16	163.77	0	255	0
740	-172.13	-162.16	163.77	0	255	0
740	-172.13	-162.16	163.77	0	255	0
740	-172.13	-162.16	163.77	0	255	0
740	-172.13	-162.16	163.77	0	255	0
740	-172.13	-162.16	163.77	0	255	0
740	-172.13	-162.16	163.77	0	255	0
740	-172.13	-162.16	163.77	0	255	0
740	-172.13	-162.16	163.77	0	255	0
740	-172.13	-162.16	163.77	0	255	0
740	-172.13	-162.16	163.77	0	255	0
740	-172.13	-162.16	163.77	0	255	0
740	-172.13	-162.16	163.77	0	255	0
740	-172.13	-162.16	163.77	0	255	0
740	-172.13	-162.16	163.77	0	255	0
740	-172.13	-162.16	163.77	0	255	0
740	-172.13	-162.16	163.77	0	255	0
740	-172.13	-162.16	163.77	0	255	0
740	-172.13	-162.16	163.77	0	255	0
740	-172.13	-162.16	163.77	0	255	0
740	-172.13	-162.16	163.77	0	255	0
740	-172.13	-162.16	163.77	0	255	0
740	-172.13	-162.16	163.77	0	255	0
740	-172.13	-162.16	163.77	0	255	0
740	-172.13	-162.16	163.77	0	255	0
740	-172.13	-162.16	163.77	0	255	0
740	-172.13	-162.16	163.77	0	255	0
740	-172.13	-162.16	163.77	0	255	0
740	-172.13	-162.16	163.77	0	255	0
740	-172.13	-162.16	163.77	0	255	0
740	-172.13	-162.16	163.77	0	255	0
740	-172.13	-162.16	163.77	0	255	0
740	-172.13	-162.16	163.77	0	255	0
740	-172.13	-162.16	163.77	0	255	0
740	-172.13	-162.16	163.77	0	255	0
740	-172.13	-162.16	163.77	0	255	0
740	-172.13	-162.16	163.77	0	255	0
740	-172.13	-162.16	163.77	0	255	0
740	-172.13	-162.16	163.77	0	255	0
740	-172.13	-162.16	163.77	0	255	0
740	-172.13	-162.16	163.77	0	255	0
740	-172.13	-162.16	163.77	0	255	0
740	-172.13	-162.16	163.77	0	255	0
740	-172.13	-162.16	163.77	0	255	0
740	-172.13	-162.16	163.77	0	255	0
740	-172.13	-162.16	163.77	0	255	0
