742	-120.71	-154.02	268.77	0	255	0
742	-120.71	-154.02	268.77	0	255	0
742	-120.71	-154.02	268.77	0	255	0
742	-120.71	-154.02	268.77	0	255	0
742	-120.71	-154.02	268.77	0	255	0
742	-120.71	-154.02	268.77	0	255	0
742	-120.71	-154.02	268.77	0	255	0
742	-120.71	-154.02	268.77	0	255	0
742	-120.71	-154.02	268.77	0	255	0
742	-120.71	-154.02	268.77	0	255	0
742	-120.71	-154.02	268.77	0	255	0
742	-120.71	-154.02	268.77	0	255	0
742	-120.71	-154.02	268.77	0	255	0
742	-120.71	-154.02	268.77	0	255	0
742	-120.71	-154.02	268.77	0	255	0
742	-120.71	-154.02	268.77	0	255	0
742	-120.71	-154.02	268.77	0	255	0
742	-120.71	-154.02	268.77	0	255	0
742	-120.71	-154.02	268.77	0	255	0
742	-120.71	-154.02	268.77	0	255	0
742	-120.71	-154.02	268.77	0	255	0
742	-120.71	-154.02	268.77	0	255	0
742	-120.71	-154.02	268.77	0	255	0
742	-120.71	-154.02	268.77	0	255	0
742	-120.71	-154.02	268.77	0	255	0
742	-120.71	-154.02	268.77	0	255	0
742	-120.71	-154.02	268.77	0	255	0
742	-120.71	-154.02	268.77	0	255	0
742	-120.71	-154.02	268.77	0	255	0
742	-120.71	-154.02	268.77	0	255	0
742	-120.71	-154.02	268.77	0	255	0
742	-120.71	-154.02	268.77	0	255	0
742	-120.71	-154.02	268.77	0	255	0
742	-120.71	-154.02	268.78	0	255	0
742	-120.71	-154.02	268.78	0	255	0
742	-120.71	-154.02	268.79	0	255	0
742	-120.71	-154.03	268.81	0	255	0
742	-120.71	-154.03	268.82	0	255	0
742	-120.71	-154.03	268.84	0	255	0
742	-120.71	-154.03	268.86	0	255	0
742	-120.71	-154.04	268.88	0	255	0
742	-120.71	-154.04	268.9	0	255	0
742	-120.72	-154.05	268.92	0	255	0
742	-120.72	-154.05	268.95	0	255	0
742	-120.72	-154.05	268.98	0	255	0
742	-120.72	-154.06	269.01	0	255	0
742	-120.72	-154.07	269.04	0	255	0
742	-120.72	-154.07	269.08	0	255	0
742	-120.72	-154.08	269.11	0	255	0
742	-120.72	-154.08	269.15	0	255	0
742	-120.72	-154.09	269.19	0	255	0
742	-120.72	-154.1	269.23	0	255	0
742	-120.72	-154.1	269.27	0	255	0
742	-120.73	-154.11	269.32	0	255	0
742	-120.73	-154.12	269.36	0	255	0
742	-120.73	-154.13	269.41	0	255	0
742	-120.73	-154.14	269.46	0	255	0
742	-120.73	-154.14	269.51	0	255	0
742	-120.73	-154.15	269.56	0	255	0
742	-120.73	-154.16	269.62	0	255	0
742	-120.74	-154.17	269.67	0	255	0
742	-120.74	-154.18	269.73	0	255	0
742	-120.74	-154.19	269.79	0	255	0
742	-120.74	-154.2	269.85	0	255	0
742	-120.74	-154.21	269.91	0	255	0
742	-120.74	-154.22	269.97	0	255	0
742	-120.74	-154.23	270.03	0	255	0
742	-120.75	-154.24	270.1	0	255	0
742	-120.75	-154.25	270.16	0	255	0
742	-120.75	-154.26	270.23	0	255	0
742	-120.75	-154.28	270.3	0	255	0
742	-120.75	-154.29	270.36	0	255	0
742	-120.76	-154.3	270.43	0	255	0
742	-120.76	-154.31	270.5	0	255	0
742	-120.76	-154.32	270.58	0	255	0
742	-120.76	-154.34	270.65	0	255	0
742	-120.76	-154.35	270.72	0	255	0
742	-120.77	-154.36	270.8	0	255	0
742	-120.77	-154.37	270.87	0	255	0
742	-120.77	-154.39	270.95	0	255	0
742	-120.77	-154.4	271.03	0	255	0
742	-120.77	-154.41	271.1	0	255	0
742	-120.78	-154.42	271.18	0	255	0
742	-120.78	-154.44	271.26	0	255	0
742	-120.78	-154.45	271.34	0	255	0
742	-120.78	-154.47	271.42	0	255	0
742	-120.78	-154.48	271.5	0	255	0
742	-120.79	-154.49	271.59	0	255	0
742	-120.79	-154.51	271.67	0	255	0
742	-120.79	-154.52	271.75	0	255	0
742	-120.79	-154.53	271.83	0	255	0
742	-120.8	-154.55	271.92	0	255	0
742	-120.8	-154.56	272.0	0	255	0
742	-120.8	-154.58	272.09	0	255	0
742	-120.8	-154.59	272.17	0	255	0
742	-120.8	-154.61	272.26	0	255	0
742	-120.81	-154.62	272.34	0	255	0
742	-120.81	-154.63	272.43	0	255	0
742	-120.81	-154.65	272.51	0	255	0
742	-120.81	-154.66	272.6	0	255	0
742	-120.82	-154.68	272.69	0	255	0
742	-120.82	-154.69	272.77	0	255	0
742	-120.82	-154.71	272.86	0	255	0
742	-120.82	-154.72	272.95	0	255	0
742	-120.83	-154.74	273.03	0	255	0
742	-120.83	-154.75	273.12	0	255	0
742	-120.83	-154.76	273.21	0	255	0
742	-120.83	-154.78	273.29	0	255	0
742	-120.83	-154.79	273.38	0	255	0
742	-120.84	-154.81	273.47	0	255	0
742	-120.84	-154.82	273.55	0	255	0
742	-120.84	-154.84	273.64	0	255	0
742	-120.84	-154.85	273.72	0	255	0
742	-120.85	-154.87	273.81	0	255	0
742	-120.85	-154.88	273.9	0	255	0
742	-120.85	-154.89	273.98	0	255	0
742	-120.85	-154.91	274.07	0	255	0
742	-120.85	-154.92	274.15	0	255	0
742	-120.86	-154.94	274.24	0	255	0
742	-120.86	-154.95	274.32	0	255	0
742	-120.86	-154.97	274.4	0	255	0
742	-120.86	-154.98	274.48	0	255	0
742	-120.87	-154.99	274.57	0	255	0
742	-120.87	-155.01	274.65	0	255	0
742	-120.87	-155.02	274.73	0	255	0
742	-120.87	-155.03	274.81	0	255	0
742	-120.87	-155.05	274.89	0	255	0
742	-120.88	-155.06	274.97	0	255	0
742	-120.88	-155.07	275.05	0	255	0
742	-120.88	-155.09	275.13	0	255	0
742	-120.88	-155.1	275.2	0	255	0
742	-120.89	-155.11	275.28	0	255	0
742	-120.89	-155.13	275.35	0	255	0
742	-120.89	-155.14	275.43	0	255	0
742	-120.89	-155.15	275.5	0	255	0
742	-120.89	-155.16	275.58	0	255	0
742	-120.89	-155.17	275.65	0	255	0
742	-120.9	-155.19	275.72	0	255	0
742	-120.9	-155.2	275.79	0	255	0
742	-120.9	-155.21	275.86	0	255	0
742	-120.9	-155.22	275.92	0	255	0
742	-120.9	-155.23	275.99	0	255	0
742	-120.91	-155.24	276.06	0	255	0
742	-120.91	-155.25	276.12	0	255	0
742	-120.91	-155.26	276.18	0	255	0
742	-120.91	-155.28	276.25	0	255	0
742	-120.91	-155.29	276.31	0	255	0
742	-120.91	-155.3	276.36	0	255	0
742	-120.92	-155.31	276.42	0	255	0
742	-120.92	-155.31	276.48	0	255	0
742	-120.92	-155.32	276.53	0	255	0
742	-120.92	-155.33	276.59	0	255	0
742	-120.92	-155.34	276.64	0	255	0
742	-120.92	-155.35	276.69	0	255	0
742	-120.92	-155.36	276.74	0	255	0
742	-120.93	-155.37	276.79	0	255	0
742	-120.93	-155.37	276.83	0	255	0
742	-120.93	-155.38	276.88	0	255	0
742	-120.93	-155.39	276.92	0	255	0
742	-120.93	-155.4	276.96	0	255	0
742	-120.93	-155.4	277.0	0	255	0
742	-120.93	-155.41	277.04	0	255	0
742	-120.93	-155.41	277.08	0	255	0
742	-120.93	-155.42	277.11	0	255	0
742	-120.93	-155.43	277.14	0	255	0
742	-120.94	-155.43	277.17	0	255	0
742	-120.94	-155.44	277.2	0	255	0
742	-120.94	-155.44	277.23	0	255	0
742	-120.94	-155.44	277.25	0	255	0
742	-120.94	-155.45	277.28	0	255	0
742	-120.94	-155.45	277.3	0	255	0
742	-120.94	-155.45	277.32	0	255	0
742	-120.94	-155.46	277.33	0	255	0
742	-120.94	-155.46	277.35	0	255	0
742	-120.94	-155.46	277.36	0	255	0
742	-120.94	-155.46	277.37	0	255	0
742	-120.94	-155.47	277.38	0	255	0
742	-120.94	-155.47	277.38	0	255	0
742	-120.94	-155.47	277.39	0	255	0
742	-120.94	-155.47	277.39	0	255	0
742	-120.94	-155.47	277.39	0	255	0
742	-120.94	-155.47	277.38	0	255	0
742	-120.94	-155.47	277.38	0	255	0
742	-120.94	-155.46	277.37	0	255	0
742	-120.94	-155.46	277.36	0	255	0
742	-120.94	-155.46	277.35	0	255	0
742	-120.94	-155.46	277.33	0	255	0
742	-120.94	-155.46	277.32	0	255	0
742	-120.94	-155.45	277.3	0	255	0
742	-120.94	-155.45	277.28	0	255	0
742	-120.94	-155.45	277.26	0	255	0
742	-120.94	-155.44	277.23	0	255	0
742	-120.94	-155.44	277.21	0	255	0
742	-120.94	-155.43	277.18	0	255	0
742	-120.94	-155.43	277.15	0	255	0
742	-120.93	-155.42	277.12	0	255	0
742	-120.93	-155.42	277.08	0	255	0
742	-120.93	-155.41	277.05	0	255	0
742	-120.93	-155.4	277.01	0	255	0
742	-120.93	-155.4	276.97	0	255	0
742	-120.93	-155.39	276.93	0	255	0
742	-120.93	-155.38	276.89	0	255	0
742	-120.93	-155.38	276.85	0	255	0
742	-120.93	-155.37	276.8	0	255	0
742	-120.92	-155.36	276.76	0	255	0
742	-120.92	-155.35	276.71	0	255	0
742	-120.92	-155.34	276.66	0	255	0
742	-120.92	-155.34	276.61	0	255	0
742	-120.92	-155.33	276.56	0	255	0
742	-120.92	-155.32	276.5	0	255	0
742	-120.92	-155.31	276.45	0	255	0
742	-120.91	-155.3	276.39	0	255	0
742	-120.91	-155.29	276.33	0	255	0
742	-120.91	-155.28	276.27	0	255	0
742	-120.91	-155.27	276.21	0	255	0
742	-120.91	-155.26	276.15	0	255	0
742	-120.91	-155.25	276.09	0	255	0
742	-120.9	-155.24	276.02	0	255	0
742	-120.9	-155.23	275.96	0	255	0
742	-120.9	-155.22	275.89	0	255	0
742	-120.9	-155.2	275.83	0	255	0
742	-120.9	-155.19	275.76	0	255	0
742	-120.9	-155.18	275.69	0	255	0
742	-120.89	-155.17	275.62	0	255	0
742	-120.89	-155.16	275.55	0	255	0
742	-120.89	-155.15	275.47	0	255	0
742	-120.89	-155.13	275.4	0	255	0
742	-120.89	-155.12	275.33	0	255	0
742	-120.88	-155.11	275.25	0	255	0
742	-120.88	-155.1	275.18	0	255	0
742	-120.88	-155.08	275.1	0	255	0
742	-120.88	-155.07	275.02	0	255	0
742	-120.88	-155.06	274.95	0	255	0
742	-120.87	-155.04	274.87	0	255	0
742	-120.87	-155.03	274.79	0	255	0
742	-120.87	-155.02	274.71	0	255	0
742	-120.87	-155.0	274.63	0	255	0
742	-120.87	-154.99	274.55	0	255	0
742	-120.86	-154.98	274.47	0	255	0
742	-120.86	-154.96	274.39	0	255	0
742	-120.86	-154.95	274.3	0	255	0
742	-120.86	-154.94	274.22	0	255	0
742	-120.85	-154.92	274.14	0	255	0
742	-120.85	-154.91	274.05	0	255	0
742	-120.85	-154.89	273.97	0	255	0
742	-120.85	-154.88	273.89	0	255	0
742	-120.85	-154.86	273.8	0	255	0
742	-120.84	-154.85	273.72	0	255	0
742	-120.84	-154.84	273.63	0	255	0
742	-120.84	-154.82	273.55	0	255	0
742	-120.84	-154.81	273.46	0	255	0
742	-120.83	-154.79	273.38	0	255	0
742	-120.83	-154.78	273.29	0	255	0
742	-120.83	-154.76	273.2	0	255	0
742	-120.83	-154.75	273.12	0	255	0
742	-120.83	-154.74	273.03	0	255	0
742	-120.82	-154.72	272.95	0	255	0
742	-120.82	-154.71	272.86	0	255	0
742	-120.82	-154.69	272.78	0	255	0
742	-120.82	-154.68	272.69	0	255	0
742	-120.81	-154.66	272.61	0	255	0
742	-120.81	-154.65	272.52	0	255	0
742	-120.81	-154.64	272.44	0	255	0
742	-120.81	-154.62	272.35	0	255	0
742	-120.8	-154.61	272.27	0	255	0
742	-120.8	-154.59	272.18	0	255	0
742	-120.8	-154.58	272.1	0	255	0
742	-120.8	-154.56	272.02	0	255	0
742	-120.8	-154.55	271.93	0	255	0
742	-120.79	-154.54	271.85	0	255	0
742	-120.79	-154.52	271.77	0	255	0
742	-120.79	-154.51	271.69	0	255	0
742	-120.79	-154.5	271.6	0	255	0
742	-120.78	-154.48	271.52	0	255	0
742	-120.78	-154.47	271.44	0	255	0
742	-120.78	-154.46	271.36	0	255	0
742	-120.78	-154.44	271.28	0	255	0
742	-120.78	-154.43	271.21	0	255	0
742	-120.77	-154.42	271.13	0	255	0
742	-120.77	-154.4	271.05	0	255	0
742	-120.77	-154.39	270.98	0	255	0
742	-120.77	-154.38	270.9	0	255	0
742	-120.77	-154.36	270.82	0	255	0
742	-120.76	-154.35	270.75	0	255	0
742	-120.76	-154.34	270.68	0	255	0
742	-120.76	-154.33	270.61	0	255	0
742	-120.76	-154.32	270.53	0	255	0
742	-120.76	-154.3	270.46	0	255	0
742	-120.75	-154.29	270.4	0	255	0
742	-120.75	-154.28	270.33	0	255	0
742	-120.75	-154.27	270.26	0	255	0
742	-120.75	-154.26	270.19	0	255	0
742	-120.75	-154.25	270.13	0	255	0
742	-120.75	-154.24	270.06	0	255	0
742	-120.74	-154.23	270.0	0	255	0
742	-120.74	-154.22	269.94	0	255	0
742	-120.74	-154.21	269.88	0	255	0
742	-120.74	-154.2	269.82	0	255	0
742	-120.74	-154.19	269.76	0	255	0
742	-120.74	-154.18	269.71	0	255	0
742	-120.73	-154.17	269.65	0	255	0
742	-120.73	-154.16	269.6	0	255	0
742	-120.73	-154.15	269.54	0	255	0
742	-120.73	-154.14	269.49	0	255	0
742	-120.73	-154.13	269.44	0	255	0
742	-120.73	-154.12	269.4	0	255	0
742	-120.73	-154.12	269.35	0	255	0
742	-120.73	-154.11	269.3	0	255	0
742	-120.72	-154.1	269.26	0	255	0
742	-120.72	-154.1	269.22	0	255	0
742	-120.72	-154.09	269.18	0	255	0
742	-120.72	-154.08	269.14	0	255	0
742	-120.72	-154.08	269.1	0	255	0
742	-120.72	-154.07	269.07	0	255	0
742	-120.72	-154.06	269.04	0	255	0
742	-120.72	-154.06	269.0	0	255	0
742	-120.72	-154.05	268.97	0	255	0
742	-120.72	-154.05	268.95	0	255	0
742	-120.72	-154.04	268.92	0	255	0
742	-120.71	-154.04	268.9	0	255	0
742	-120.71	-154.04	268.87	0	255	0
742	-120.71	-154.03	268.85	0	255	0
742	-120.71	-154.03	268.84	0	255	0
742	-120.71	-154.03	268.82	0	255	0
742	-120.71	-154.03	268.8	0	255	0
742	-120.71	-154.02	268.79	0	255	0
742	-120.71	-154.02	268.78	0	255	0
742	-120.71	-154.02	268.78	0	255	0
742	-120.71	-154.02	268.77	0	255	0
742	-120.71	-154.02	268.77	0	255	0
742	-120.71	-154.02	268.77	0	255	0
742	-120.71	-154.02	268.77	0	255	0
742	-120.71	-154.02	268.77	0	255	0
742	-120.71	-154.02	268.77	0	255	0
742	-120.71	-154.02	268.77	0	255	0
742	-120.71	-154.02	268.77	0	255	0
742	-120.71	-154.02	268.77	0	255	0
742	-120.71	-154.02	268.77	0	255	0
742	-120.71	-154.02	268.77	0	255	0
742	-120.71	-154.02	268.77	0	255	0
742	-120.71	-154.02	268.77	0	255	0
742	-120.71	-154.02	268.77	0	255	0
742	-120.71	-154.02	268.77	0	255	0
742	-120.71	-154.02	268.77	0	255	0
742	-120.71	-154.02	268.77	0	255	0
742	-120.71	-154.02	268.77	0	255	0
742	-120.71	-154.02	268.77	0	255	0
742	-120.71	-154.02	268.77	0	255	0
742	-120.71	-154.02	268.77	0	255	0
742	-120.71	-154.02	268.77	0	255	0
742	-120.71	-154.02	268.77	0	255	0
742	-120.71	-154.02	268.77	0	255	0
742	-120.71	-154.02	268.77	0	255	0
742	-120.71	-154.02	268.77	0	255	0
742	-120.71	-154.02	268.77	0	255	0
742	-120.71	-154.02	268.77	0	255	0
742	-120.71	-154.02	268.77	0	255	0
742	-120.71	-154.02	268.77	0	255	0
742	-120.71	-154.02	268.77	0	255	0
742	-120.71	-154.02	268.77	0	255	0
742	-120.71	-154.02	268.77	0	255	0
742	-120.71	-154.02	268.77	0	255	0
742	-120.71	-154.02	268.77	0	255	0
742	-120.71	-154.02	268.77	0	255	0
742	-120.71	-154.02	268.77	0	255	0
742	-120.71	-154.02	268.77	0	255	0
742	-120.71	-154.02	268.77	0	255	0
742	-120.71	-154.02	268.77	0	255	0
742	-120.71	-154.02	268.77	0	255	0
742	-120.71	-154.02	268.77	0	255	0
742	-120.71	-154.02	268.77	0	255	0
742	-120.71	-154.02	268.77	0	255	0
742	-120.71	-154.02	268.77	0	255	0
742	-120.71	-154.02	268.77	0	255	0
742	-120.71	-154.02	268.77	0	255	0
742	-120.71	-154.02	268.77	0	255	0
742	-120.71	-154.02	268.77	0	255	0
742	-120.71	-154.02	268.77	0	255	0
742	-120.71	-154.02	268.77	0	255	0
742	-120.71	-154.02	268.77	0	255	0
742	-120.71	-154.02	268.77	0	255	0
742	-120.71	-154.02	268.77	0	255	0
742	-120.71	-154.02	268.77	0	255	0
742	-120.71	-154.02	268.77	0	255	0
742	-120.71	-154.02	268.77	0	255	0
742	-120.71	-154.02	268.77	0	255	0
742	-120.71	-154.02	268.77	0	255	0
742	-120.71	-154.02	268.77	0	255	0
742	-120.71	-154.02	268.77	0	255	0
742	-120.71	-154.02	268.77	0	255	0
742	-120.71	-154.02	268.77	0	255	0
742	-120.71	-154.02	268.77	0	255	0
742	-120.71	-154.02	268.77	0	255	0
742	-120.71	-154.02	268.77	0	255	0
742	-120.71	-154.02	268.77	0	255	0
742	-120.71	-154.02	268.77	0	255	0
742	-120.71	-154.02	268.77	0	255	0
742	-120.71	-154.02	268.77	0	255	0
742	-120.71	-154.02	268.77	0	255	0
742	-120.71	-154.02	268.77	0	255	0
742	-120.71	-154.02	268.77	0	255	0
742	-120.71	-154.02	268.77	0	255	0
742	-120.71	-154.02	268.77	0	255	0
742	-120.71	-154.02	268.77	0	255	0
742	-120.71	-154.02	268.77	0	255	0
742	-120.71	-154.02	268.77	0	255	0
742	-120.71	-154.02	268.77	0	255	0
742	-120.71	-154.02	268.77	0	255	0
742	-120.71	-154.02	268.77	0	255	0
742	-120.71	-154.02	268.77	0	255	0
742	-120.71	-154.02	268.77	0	255	0
742	-120.71	-154.02	268.77	0	255	0
742	-120.71	-154.02	268.77	0	255	0
742	-120.71	-154.02	268.77	0	255	0
742	-120.71	-154.02	268.77	0	255	0
742	-120.71	-154.02	268.77	0	255	0
742	-120.71	-154.02	268.77	0	255	0
742	-120.71	-154.02	268.77	0	255	0
742	-120.71	-154.02	268.77	0	255	0
742	-120.71	-154.02	268.77	0	255	0
742	-120.71	-154.02	268.77	0	255	0
742	-120.71	-154.02	268.77	0	255	0
742	-120.71	-154.02	268.77	0	255	0
742	-120.71	-154.02	268.77	0	255	0
742	-120.71	-154.02	268.77	0	255	0
742	-120.71	-154.02	268.77	0	255	0
742	-120.71	-154.02	268.77	0	255	0
742	-120.71	-154.02	268.77	0	255	0
742	-120.71	-154.02	268.77	0	255	0
742	-120.71	-154.02	268.77	0	255	0
742	-120.71	-154.02	268.77	0	255	0
742	-120.71	-154.02	268.77	0	255	0
742	-120.71	-154.02	268.77	0	255	0
742	-120.71	-154.02	268.77	0	255	0
742	-120.71	-154.02	268.77	0	255	0
742	-120.71	-154.02	268.77	0	255	0
742	-120.71	-154.02	268.77	0	255	0
742	-120.71	-154.02	268.77	0	255	0
742	-120.71	-154.02	268.77	0	255	0
742	-120.71	-154.02	268.77	0	255	0
742	-120.71	-154.02	268.77	0	255	0
742	-120.71	-154.02	268.77	0	255	0
742	-120.71	-154.02	268.77	0	255	0
742	-120.71	-154.02	268.77	0	255	0
742	-120.71	-154.02	268.77	0	255	0
742	-120.71	-154.02	268.77	0	255	0
742	-120.71	-154.02	268.77	0	255	0
742	-120.71	-154.02	268.77	0	255	0
742	-120.71	-154.02	268.77	0	255	0
742	-120.71	-154.02	268.77	0	255	0
742	-120.71	-154.02	268.77	0	255	0
