750	-139.67	-157.02	257.69	0	255	0
750	-139.67	-157.02	257.69	0	255	0
750	-139.67	-157.02	257.69	0	255	0
750	-139.67	-157.02	257.69	0	255	0
750	-139.67	-157.02	257.69	0	255	0
750	-139.67	-157.02	257.69	0	255	0
750	-139.67	-157.02	257.69	0	255	0
750	-139.67	-157.02	257.69	0	255	0
750	-139.67	-157.02	257.69	0	255	0
750	-139.67	-157.02	257.69	0	255	0
750	-139.67	-157.02	257.69	0	255	0
750	-139.67	-157.02	257.69	0	255	0
750	-139.67	-157.02	257.69	0	255	0
750	-139.67	-157.02	257.69	0	255	0
750	-139.67	-157.02	257.69	0	255	0
750	-139.67	-157.02	257.69	0	255	0
750	-139.67	-157.02	257.69	0	255	0
750	-139.67	-157.02	257.69	0	255	0
750	-139.67	-157.02	257.69	0	255	0
750	-139.67	-157.02	257.69	0	255	0
750	-139.67	-157.02	257.69	0	255	0
750	-139.67	-157.02	257.69	0	255	0
750	-139.67	-157.02	257.69	0	255	0
750	-139.67	-157.02	257.69	0	255	0
750	-139.67	-157.02	257.69	0	255	0
750	-139.67	-157.02	257.69	0	255	0
750	-139.67	-157.02	257.69	0	255	0
750	-139.67	-157.02	257.69	0	255	0
750	-139.67	-157.02	257.69	0	255	0
750	-139.67	-157.02	257.69	0	255	0
750	-139.67	-157.02	257.69	0	255	0
750	-139.67	-157.02	257.69	0	255	0
750	-139.68	-157.02	257.69	0	255	0
750	-139.68	-157.02	257.69	0	255	0
750	-139.68	-157.03	257.7	0	255	0
750	-139.68	-157.03	257.71	0	255	0
750	-139.69	-157.03	257.72	0	255	0
750	-139.69	-157.03	257.73	0	255	0
750	-139.7	-157.04	257.75	0	255	0
750	-139.7	-157.04	257.76	0	255	0
750	-139.71	-157.05	257.78	0	255	0
750	-139.72	-157.05	257.8	0	255	0
750	-139.72	-157.06	257.82	0	255	0
750	-139.73	-157.06	257.84	0	255	0
750	-139.74	-157.07	257.86	0	255	0
750	-139.75	-157.07	257.89	0	255	0
750	-139.76	-157.08	257.92	0	255	0
750	-139.77	-157.09	257.95	0	255	0
750	-139.78	-157.1	257.98	0	255	0
750	-139.79	-157.1	258.01	0	255	0
750	-139.8	-157.11	258.04	0	255	0
750	-139.82	-157.12	258.07	0	255	0
750	-139.83	-157.13	258.11	0	255	0
750	-139.84	-157.14	258.15	0	255	0
750	-139.86	-157.15	258.19	0	255	0
750	-139.87	-157.16	258.23	0	255	0
750	-139.89	-157.17	258.27	0	255	0
750	-139.9	-157.18	258.31	0	255	0
750	-139.92	-157.19	258.35	0	255	0
750	-139.94	-157.2	258.4	0	255	0
750	-139.95	-157.22	258.44	0	255	0
750	-139.97	-157.23	258.49	0	255	0
750	-139.99	-157.24	258.54	0	255	0
750	-140.01	-157.25	258.59	0	255	0
750	-140.02	-157.26	258.64	0	255	0
750	-140.04	-157.28	258.69	0	255	0
750	-140.06	-157.29	258.74	0	255	0
750	-140.08	-157.3	258.8	0	255	0
750	-140.1	-157.32	258.85	0	255	0
750	-140.12	-157.33	258.91	0	255	0
750	-140.14	-157.35	258.97	0	255	0
750	-140.16	-157.36	259.02	0	255	0
750	-140.19	-157.38	259.08	0	255	0
750	-140.21	-157.39	259.14	0	255	0
750	-140.23	-157.41	259.2	0	255	0
750	-140.25	-157.42	259.26	0	255	0
750	-140.27	-157.44	259.32	0	255	0
750	-140.3	-157.45	259.39	0	255	0
750	-140.32	-157.47	259.45	0	255	0
750	-140.34	-157.49	259.51	0	255	0
750	-140.37	-157.5	259.58	0	255	0
750	-140.39	-157.52	259.64	0	255	0
750	-140.42	-157.54	259.71	0	255	0
750	-140.44	-157.55	259.77	0	255	0
750	-140.46	-157.57	259.84	0	255	0
750	-140.49	-157.59	259.91	0	255	0
750	-140.51	-157.6	259.98	0	255	0
750	-140.54	-157.62	260.04	0	255	0
750	-140.56	-157.64	260.11	0	255	0
750	-140.59	-157.66	260.18	0	255	0
750	-140.62	-157.67	260.25	0	255	0
750	-140.64	-157.69	260.32	0	255	0
750	-140.67	-157.71	260.39	0	255	0
750	-140.69	-157.73	260.46	0	255	0
750	-140.72	-157.75	260.53	0	255	0
750	-140.75	-157.76	260.6	0	255	0
750	-140.77	-157.78	260.68	0	255	0
750	-140.8	-157.8	260.75	0	255	0
750	-140.82	-157.82	260.82	0	255	0
750	-140.85	-157.84	260.89	0	255	0
750	-140.88	-157.85	260.96	0	255	0
750	-140.9	-157.87	261.04	0	255	0
750	-140.93	-157.89	261.11	0	255	0
750	-140.96	-157.91	261.18	0	255	0
750	-140.98	-157.93	261.25	0	255	0
750	-141.01	-157.95	261.33	0	255	0
750	-141.04	-157.97	261.4	0	255	0
750	-141.06	-157.98	261.47	0	255	0
750	-141.09	-158.0	261.54	0	255	0
750	-141.12	-158.02	261.62	0	255	0
750	-141.14	-158.04	261.69	0	255	0
750	-141.17	-158.06	261.76	0	255	0
750	-141.2	-158.08	261.83	0	255	0
750	-141.22	-158.09	261.91	0	255	0
750	-141.25	-158.11	261.98	0	255	0
750	-141.27	-158.13	262.05	0	255	0
750	-141.3	-158.15	262.12	0	255	0
750	-141.33	-158.17	262.19	0	255	0
750	-141.35	-158.18	262.26	0	255	0
750	-141.38	-158.2	262.33	0	255	0
750	-141.4	-158.22	262.4	0	255	0
750	-141.43	-158.24	262.47	0	255	0
750	-141.45	-158.25	262.54	0	255	0
750	-141.48	-158.27	262.61	0	255	0
750	-141.5	-158.29	262.67	0	255	0
750	-141.53	-158.31	262.74	0	255	0
750	-141.55	-158.32	262.81	0	255	0
750	-141.58	-158.34	262.87	0	255	0
750	-141.6	-158.36	262.94	0	255	0
750	-141.63	-158.37	263.01	0	255	0
750	-141.65	-158.39	263.07	0	255	0
750	-141.67	-158.41	263.13	0	255	0
750	-141.7	-158.42	263.2	0	255	0
750	-141.72	-158.44	263.26	0	255	0
750	-141.74	-158.45	263.32	0	255	0
750	-141.76	-158.47	263.38	0	255	0
750	-141.79	-158.48	263.44	0	255	0
750	-141.81	-158.5	263.5	0	255	0
750	-141.83	-158.51	263.56	0	255	0
750	-141.85	-158.53	263.62	0	255	0
750	-141.87	-158.54	263.67	0	255	0
750	-141.89	-158.56	263.73	0	255	0
750	-141.91	-158.57	263.78	0	255	0
750	-141.93	-158.58	263.84	0	255	0
750	-141.95	-158.6	263.89	0	255	0
750	-141.97	-158.61	263.94	0	255	0
750	-141.99	-158.62	263.99	0	255	0
750	-142.01	-158.64	264.04	0	255	0
750	-142.02	-158.65	264.09	0	255	0
750	-142.04	-158.66	264.14	0	255	0
750	-142.06	-158.67	264.18	0	255	0
750	-142.07	-158.68	264.23	0	255	0
750	-142.09	-158.69	264.27	0	255	0
750	-142.11	-158.71	264.31	0	255	0
750	-142.12	-158.72	264.36	0	255	0
750	-142.14	-158.73	264.4	0	255	0
750	-142.15	-158.74	264.43	0	255	0
750	-142.16	-158.75	264.47	0	255	0
750	-142.18	-158.75	264.51	0	255	0
750	-142.19	-158.76	264.54	0	255	0
750	-142.2	-158.77	264.57	0	255	0
750	-142.21	-158.78	264.61	0	255	0
750	-142.22	-158.79	264.64	0	255	0
750	-142.23	-158.79	264.66	0	255	0
750	-142.24	-158.8	264.69	0	255	0
750	-142.25	-158.81	264.72	0	255	0
750	-142.26	-158.81	264.74	0	255	0
750	-142.27	-158.82	264.76	0	255	0
750	-142.28	-158.82	264.78	0	255	0
750	-142.29	-158.83	264.8	0	255	0
750	-142.29	-158.83	264.82	0	255	0
750	-142.3	-158.84	264.84	0	255	0
750	-142.3	-158.84	264.85	0	255	0
750	-142.31	-158.84	264.86	0	255	0
750	-142.31	-158.85	264.87	0	255	0
750	-142.31	-158.85	264.88	0	255	0
750	-142.32	-158.85	264.89	0	255	0
750	-142.32	-158.85	264.89	0	255	0
750	-142.32	-158.85	264.9	0	255	0
750	-142.32	-158.85	264.9	0	255	0
750	-142.32	-158.85	264.9	0	255	0
750	-142.32	-158.85	264.89	0	255	0
750	-142.32	-158.85	264.89	0	255	0
750	-142.31	-158.85	264.88	0	255	0
750	-142.31	-158.85	264.87	0	255	0
750	-142.31	-158.84	264.86	0	255	0
750	-142.3	-158.84	264.85	0	255	0
750	-142.3	-158.84	264.84	0	255	0
750	-142.29	-158.83	264.82	0	255	0
750	-142.29	-158.83	264.81	0	255	0
750	-142.28	-158.83	264.79	0	255	0
750	-142.27	-158.82	264.77	0	255	0
750	-142.26	-158.81	264.75	0	255	0
750	-142.26	-158.81	264.72	0	255	0
750	-142.25	-158.8	264.7	0	255	0
750	-142.24	-158.8	264.67	0	255	0
750	-142.23	-158.79	264.64	0	255	0
750	-142.22	-158.78	264.61	0	255	0
750	-142.2	-158.77	264.58	0	255	0
750	-142.19	-158.77	264.55	0	255	0
750	-142.18	-158.76	264.52	0	255	0
750	-142.17	-158.75	264.48	0	255	0
750	-142.15	-158.74	264.45	0	255	0
750	-142.14	-158.73	264.41	0	255	0
750	-142.13	-158.72	264.37	0	255	0
750	-142.11	-158.71	264.33	0	255	0
750	-142.1	-158.7	264.29	0	255	0
750	-142.08	-158.69	264.24	0	255	0
750	-142.06	-158.68	264.2	0	255	0
750	-142.05	-158.66	264.16	0	255	0
750	-142.03	-158.65	264.11	0	255	0
750	-142.01	-158.64	264.06	0	255	0
750	-142.0	-158.63	264.01	0	255	0
750	-141.98	-158.62	263.96	0	255	0
750	-141.96	-158.6	263.91	0	255	0
750	-141.94	-158.59	263.86	0	255	0
750	-141.92	-158.58	263.81	0	255	0
750	-141.9	-158.56	263.76	0	255	0
750	-141.88	-158.55	263.7	0	255	0
750	-141.86	-158.54	263.65	0	255	0
750	-141.84	-158.52	263.59	0	255	0
750	-141.82	-158.51	263.53	0	255	0
750	-141.8	-158.49	263.48	0	255	0
750	-141.78	-158.48	263.42	0	255	0
750	-141.75	-158.46	263.36	0	255	0
750	-141.73	-158.45	263.3	0	255	0
750	-141.71	-158.43	263.24	0	255	0
750	-141.69	-158.42	263.17	0	255	0
750	-141.66	-158.4	263.11	0	255	0
750	-141.64	-158.38	263.05	0	255	0
750	-141.62	-158.37	262.98	0	255	0
750	-141.59	-158.35	262.92	0	255	0
750	-141.57	-158.33	262.85	0	255	0
750	-141.55	-158.32	262.79	0	255	0
750	-141.52	-158.3	262.72	0	255	0
750	-141.5	-158.28	262.66	0	255	0
750	-141.47	-158.27	262.59	0	255	0
750	-141.45	-158.25	262.52	0	255	0
750	-141.42	-158.23	262.45	0	255	0
750	-141.4	-158.22	262.39	0	255	0
750	-141.37	-158.2	262.32	0	255	0
750	-141.35	-158.18	262.25	0	255	0
750	-141.32	-158.16	262.18	0	255	0
750	-141.3	-158.15	262.11	0	255	0
750	-141.27	-158.13	262.04	0	255	0
750	-141.25	-158.11	261.97	0	255	0
750	-141.22	-158.09	261.9	0	255	0
750	-141.19	-158.07	261.83	0	255	0
750	-141.17	-158.06	261.76	0	255	0
750	-141.14	-158.04	261.68	0	255	0
750	-141.12	-158.02	261.61	0	255	0
750	-141.09	-158.0	261.54	0	255	0
750	-141.06	-157.98	261.47	0	255	0
750	-141.04	-157.96	261.4	0	255	0
750	-141.01	-157.95	261.33	0	255	0
750	-140.98	-157.93	261.26	0	255	0
750	-140.96	-157.91	261.18	0	255	0
750	-140.93	-157.89	261.11	0	255	0
750	-140.91	-157.87	261.04	0	255	0
750	-140.88	-157.86	260.97	0	255	0
750	-140.85	-157.84	260.9	0	255	0
750	-140.83	-157.82	260.83	0	255	0
750	-140.8	-157.8	260.76	0	255	0
750	-140.77	-157.78	260.68	0	255	0
750	-140.75	-157.77	260.61	0	255	0
750	-140.72	-157.75	260.54	0	255	0
750	-140.7	-157.73	260.47	0	255	0
750	-140.67	-157.71	260.4	0	255	0
750	-140.65	-157.69	260.33	0	255	0
750	-140.62	-157.68	260.27	0	255	0
750	-140.6	-157.66	260.2	0	255	0
750	-140.57	-157.64	260.13	0	255	0
750	-140.55	-157.63	260.06	0	255	0
750	-140.52	-157.61	259.99	0	255	0
750	-140.5	-157.59	259.93	0	255	0
750	-140.47	-157.57	259.86	0	255	0
750	-140.45	-157.56	259.79	0	255	0
750	-140.42	-157.54	259.73	0	255	0
750	-140.4	-157.52	259.66	0	255	0
750	-140.38	-157.51	259.6	0	255	0
750	-140.35	-157.49	259.53	0	255	0
750	-140.33	-157.48	259.47	0	255	0
750	-140.31	-157.46	259.41	0	255	0
750	-140.28	-157.44	259.35	0	255	0
750	-140.26	-157.43	259.29	0	255	0
750	-140.24	-157.41	259.22	0	255	0
750	-140.22	-157.4	259.17	0	255	0
750	-140.2	-157.38	259.11	0	255	0
750	-140.17	-157.37	259.05	0	255	0
750	-140.15	-157.35	258.99	0	255	0
750	-140.13	-157.34	258.94	0	255	0
750	-140.11	-157.33	258.88	0	255	0
750	-140.09	-157.31	258.83	0	255	0
750	-140.07	-157.3	258.77	0	255	0
750	-140.05	-157.28	258.72	0	255	0
750	-140.03	-157.27	258.67	0	255	0
750	-140.02	-157.26	258.62	0	255	0
750	-140.0	-157.25	258.57	0	255	0
750	-139.98	-157.23	258.52	0	255	0
750	-139.96	-157.22	258.47	0	255	0
750	-139.95	-157.21	258.43	0	255	0
750	-139.93	-157.2	258.38	0	255	0
750	-139.91	-157.19	258.34	0	255	0
750	-139.9	-157.18	258.29	0	255	0
750	-139.88	-157.17	258.25	0	255	0
750	-139.87	-157.16	258.21	0	255	0
750	-139.85	-157.15	258.17	0	255	0
750	-139.84	-157.14	258.14	0	255	0
750	-139.83	-157.13	258.1	0	255	0
750	-139.81	-157.12	258.07	0	255	0
750	-139.8	-157.11	258.03	0	255	0
750	-139.79	-157.1	258.0	0	255	0
750	-139.78	-157.09	257.97	0	255	0
750	-139.77	-157.09	257.94	0	255	0
750	-139.76	-157.08	257.91	0	255	0
750	-139.75	-157.07	257.88	0	255	0
750	-139.74	-157.07	257.86	0	255	0
750	-139.73	-157.06	257.84	0	255	0
750	-139.72	-157.06	257.81	0	255	0
750	-139.71	-157.05	257.79	0	255	0
750	-139.71	-157.05	257.78	0	255	0
750	-139.7	-157.04	257.76	0	255	0
750	-139.7	-157.04	257.74	0	255	0
750	-139.69	-157.03	257.73	0	255	0
750	-139.69	-157.03	257.72	0	255	0
750	-139.68	-157.03	257.71	0	255	0
750	-139.68	-157.03	257.7	0	255	0
750	-139.68	-157.02	257.69	0	255	0
750	-139.68	-157.02	257.69	0	255	0
750	-139.67	-157.02	257.69	0	255	0
750	-139.67	-157.02	257.69	0	255	0
750	-139.67	-157.02	257.69	0	255	0
750	-139.67	-157.02	257.69	0	255	0
750	-139.67	-157.02	257.69	0	255	0
750	-139.67	-157.02	257.69	0	255	0
750	-139.67	-157.02	257.69	0	255	0
750	-139.67	-157.02	257.69	0	255	0
750	-139.67	-157.02	257.69	0	255	0
750	-139.67	-157.02	257.69	0	255	0
750	-139.67	-157.02	257.69	0	255	0
750	-139.67	-157.02	257.69	0	255	0
750	-139.67	-157.02	257.69	0	255	0
750	-139.67	-157.02	257.69	0	255	0
750	-139.67	-157.02	257.69	0	255	0
750	-139.67	-157.02	257.69	0	255	0
750	-139.67	-157.02	257.69	0	255	0
750	-139.67	-157.02	257.69	0	255	0
750	-139.67	-157.02	257.69	0	255	0
750	-139.67	-157.02	257.69	0	255	0
750	-139.67	-157.02	257.69	0	255	0
750	-139.67	-157.02	257.69	0	255	0
750	-139.67	-157.02	257.69	0	255	0
750	-139.67	-157.02	257.69	0	255	0
750	-139.67	-157.02	257.69	0	255	0
750	-139.67	-157.02	257.69	0	255	0
750	-139.67	-157.02	257.69	0	255	0
750	-139.67	-157.02	257.69	0	255	0
750	-139.67	-157.02	257.69	0	255	0
750	-139.67	-157.02	257.69	0	255	0
750	-139.67	-157.02	257.69	0	255	0
750	-139.67	-157.02	257.69	0	255	0
750	-139.67	-157.02	257.69	0	255	0
750	-139.67	-157.02	257.69	0	255	0
750	-139.67	-157.02	257.69	0	255	0
750	-139.67	-157.02	257.69	0	255	0
750	-139.67	-157.02	257.69	0	255	0
750	-139.67	-157.02	257.69	0	255	0
750	-139.67	-157.02	257.69	0	255	0
750	-139.67	-157.02	257.69	0	255	0
750	-139.67	-157.02	257.69	0	255	0
750	-139.67	-157.02	257.69	0	255	0
750	-139.67	-157.02	257.69	0	255	0
750	-139.67	-157.02	257.69	0	255	0
750	-139.67	-157.02	257.69	0	255	0
750	-139.67	-157.02	257.69	0	255	0
750	-139.67	-157.02	257.69	0	255	0
750	-139.67	-157.02	257.69	0	255	0
750	-139.67	-157.02	257.69	0	255	0
750	-139.67	-157.02	257.69	0	255	0
750	-139.67	-157.02	257.69	0	255	0
750	-139.67	-157.02	257.69	0	255	0
750	-139.67	-157.02	257.69	0	255	0
750	-139.67	-157.02	257.69	0	255	0
750	-139.67	-157.02	257.69	0	255	0
750	-139.67	-157.02	257.69	0	255	0
750	-139.67	-157.02	257.69	0	255	0
750	-139.67	-157.02	257.69	0	255	0
750	-139.67	-157.02	257.69	0	255	0
750	-139.67	-157.02	257.69	0	255	0
750	-139.67	-157.02	257.69	0	255	0
750	-139.67	-157.02	257.69	0	255	0
750	-139.67	-157.02	257.69	0	255	0
750	-139.67	-157.02	257.69	0	255	0
750	-139.67	-157.02	257.69	0	255	0
750	-139.67	-157.02	257.69	0	255	0
750	-139.67	-157.02	257.69	0	255	0
750	-139.67	-157.02	257.69	0	255	0
750	-139.67	-157.02	257.69	0	255	0
750	-139.67	-157.02	257.69	0	255	0
750	-139.67	-157.02	257.69	0	255	0
750	-139.67	-157.02	257.69	0	255	0
750	-139.67	-157.02	257.69	0	255	0
750	-139.67	-157.02	257.69	0	255	0
750	-139.67	-157.02	257.69	0	255	0
750	-139.67	-157.02	257.69	0	255	0
750	-139.67	-157.02	257.69	0	255	0
750	-139.67	-157.02	257.69	0	255	0
750	-139.67	-157.02	257.69	0	255	0
750	-139.67	-157.02	257.69	0	255	0
750	-139.67	-157.02	257.69	0	255	0
750	-139.67	-157.02	257.69	0	255	0
750	-139.67	-157.02	257.69	0	255	0
750	-139.67	-157.02	257.69	0	255	0
750	-139.67	-157.02	257.69	0	255	0
750	-139.67	-157.02	257.69	0	255	0
750	-139.67	-157.02	257.69	0	255	0
750	-139.67	-157.02	257.69	0	255	0
750	-139.67	-157.02	257.69	0	255	0
750	-139.67	-157.02	257.69	0	255	0
750	-139.67	-157.02	257.69	0	255	0
750	-139.67	-157.02	257.69	0	255	0
750	-139.67	-157.02	257.69	0	255	0
750	-139.67	-157.02	257.69	0	255	0
750	-139.67	-157.02	257.69	0	255	0
750	-139.67	-157.02	257.69	0	255	0
750	-139.67	-157.02	257.69	0	255	0
750	-139.67	-157.02	257.69	0	255	0
750	-139.67	-157.02	257.69	0	255	0
750	-139.67	-157.02	257.69	0	255	0
750	-139.67	-157.02	257.69	0	255	0
750	-139.67	-157.02	257.69	0	255	0
750	-139.67	-157.02	257.69	0	255	0
750	-139.67	-157.02	257.69	0	255	0
750	-139.67	-157.02	257.69	0	255	0
750	-139.67	-157.02	257.69	0	255	0
750	-139.67	-157.02	257.69	0	255	0
750	-139.67	-157.02	257.69	0	255	0
750	-139.67	-157.02	257.69	0	255	0
750	-139.67	-157.02	257.69	0	255	0
750	-139.67	-157.02	257.69	0	255	0
750	-139.67	-157.02	257.69	0	255	0
750	-139.67	-157.02	257.69	0	255	0
750	-139.67	-157.02	257.69	0	255	0
750	-139.67	-157.02	257.69	0	255	0
750	-139.67	-157.02	257.69	0	255	0
750	-139.67	-157.02	257.69	0	255	0
750	-139.67	-157.02	257.69	0	255	0
750	-139.67	-157.02	257.69	0	255	0
750	-139.67	-157.02	257.69	0	255	0
750	-139.67	-157.02	257.69	0	255	0
750	-139.67	-157.02	257.69	0	255	0
