754	-145.43	-157.93	254.38	0	255	0
754	-145.43	-157.93	254.38	0	255	0
754	-145.43	-157.93	254.38	0	255	0
754	-145.43	-157.93	254.38	0	255	0
754	-145.43	-157.93	254.38	0	255	0
754	-145.43	-157.93	254.38	0	255	0
754	-145.43	-157.93	254.38	0	255	0
754	-145.43	-157.93	254.38	0	255	0
754	-145.43	-157.93	254.38	0	255	0
754	-145.43	-157.93	254.38	0	255	0
754	-145.43	-157.93	254.38	0	255	0
754	-145.43	-157.93	254.38	0	255	0
754	-145.43	-157.93	254.38	0	255	0
754	-145.43	-157.93	254.38	0	255	0
754	-145.43	-157.93	254.38	0	255	0
754	-145.43	-157.93	254.38	0	255	0
754	-145.43	-157.93	254.38	0	255	0
754	-145.43	-157.93	254.38	0	255	0
754	-145.43	-157.93	254.38	0	255	0
754	-145.43	-157.93	254.38	0	255	0
754	-145.43	-157.93	254.38	0	255	0
754	-145.43	-157.93	254.38	0	255	0
754	-145.43	-157.93	254.38	0	255	0
754	-145.43	-157.93	254.38	0	255	0
754	-145.43	-157.93	254.38	0	255	0
754	-145.43	-157.93	254.38	0	255	0
754	-145.43	-157.93	254.38	0	255	0
754	-145.43	-157.93	254.38	0	255	0
754	-145.43	-157.93	254.38	0	255	0
754	-145.43	-157.93	254.38	0	255	0
754	-145.43	-157.93	254.38	0	255	0
754	-145.43	-157.93	254.39	0	255	0
754	-145.43	-157.93	254.39	0	255	0
754	-145.43	-157.94	254.39	0	255	0
754	-145.43	-157.94	254.4	0	255	0
754	-145.44	-157.94	254.41	0	255	0
754	-145.44	-157.94	254.42	0	255	0
754	-145.45	-157.95	254.43	0	255	0
754	-145.45	-157.95	254.44	0	255	0
754	-145.46	-157.95	254.46	0	255	0
754	-145.47	-157.96	254.47	0	255	0
754	-145.48	-157.96	254.49	0	255	0
754	-145.49	-157.97	254.51	0	255	0
754	-145.5	-157.98	254.53	0	255	0
754	-145.51	-157.98	254.55	0	255	0
754	-145.52	-157.99	254.58	0	255	0
754	-145.53	-158.0	254.6	0	255	0
754	-145.55	-158.0	254.63	0	255	0
754	-145.56	-158.01	254.66	0	255	0
754	-145.58	-158.02	254.69	0	255	0
754	-145.59	-158.03	254.72	0	255	0
754	-145.61	-158.04	254.75	0	255	0
754	-145.63	-158.05	254.78	0	255	0
754	-145.64	-158.06	254.82	0	255	0
754	-145.66	-158.07	254.86	0	255	0
754	-145.68	-158.08	254.89	0	255	0
754	-145.7	-158.09	254.93	0	255	0
754	-145.72	-158.1	254.97	0	255	0
754	-145.74	-158.11	255.01	0	255	0
754	-145.76	-158.13	255.06	0	255	0
754	-145.78	-158.14	255.1	0	255	0
754	-145.8	-158.15	255.14	0	255	0
754	-145.83	-158.16	255.19	0	255	0
754	-145.85	-158.18	255.24	0	255	0
754	-145.87	-158.19	255.28	0	255	0
754	-145.9	-158.21	255.33	0	255	0
754	-145.92	-158.22	255.38	0	255	0
754	-145.95	-158.23	255.43	0	255	0
754	-145.97	-158.25	255.48	0	255	0
754	-146.0	-158.26	255.54	0	255	0
754	-146.03	-158.28	255.59	0	255	0
754	-146.05	-158.29	255.64	0	255	0
754	-146.08	-158.31	255.7	0	255	0
754	-146.11	-158.33	255.75	0	255	0
754	-146.14	-158.34	255.81	0	255	0
754	-146.16	-158.36	255.87	0	255	0
754	-146.19	-158.38	255.93	0	255	0
754	-146.22	-158.39	255.99	0	255	0
754	-146.25	-158.41	256.04	0	255	0
754	-146.28	-158.43	256.1	0	255	0
754	-146.31	-158.44	256.17	0	255	0
754	-146.34	-158.46	256.23	0	255	0
754	-146.37	-158.48	256.29	0	255	0
754	-146.4	-158.5	256.35	0	255	0
754	-146.44	-158.52	256.41	0	255	0
754	-146.47	-158.53	256.48	0	255	0
754	-146.5	-158.55	256.54	0	255	0
754	-146.53	-158.57	256.61	0	255	0
754	-146.56	-158.59	256.67	0	255	0
754	-146.6	-158.61	256.74	0	255	0
754	-146.63	-158.63	256.8	0	255	0
754	-146.66	-158.65	256.87	0	255	0
754	-146.69	-158.66	256.93	0	255	0
754	-146.73	-158.68	257.0	0	255	0
754	-146.76	-158.7	257.07	0	255	0
754	-146.79	-158.72	257.13	0	255	0
754	-146.83	-158.74	257.2	0	255	0
754	-146.86	-158.76	257.27	0	255	0
754	-146.89	-158.78	257.34	0	255	0
754	-146.93	-158.8	257.4	0	255	0
754	-146.96	-158.82	257.47	0	255	0
754	-147.0	-158.84	257.54	0	255	0
754	-147.03	-158.86	257.61	0	255	0
754	-147.06	-158.88	257.68	0	255	0
754	-147.1	-158.9	257.75	0	255	0
754	-147.13	-158.92	257.81	0	255	0
754	-147.17	-158.94	257.88	0	255	0
754	-147.2	-158.96	257.95	0	255	0
754	-147.23	-158.98	258.02	0	255	0
754	-147.27	-158.99	258.09	0	255	0
754	-147.3	-159.01	258.15	0	255	0
754	-147.34	-159.03	258.22	0	255	0
754	-147.37	-159.05	258.29	0	255	0
754	-147.4	-159.07	258.36	0	255	0
754	-147.44	-159.09	258.43	0	255	0
754	-147.47	-159.11	258.49	0	255	0
754	-147.5	-159.13	258.56	0	255	0
754	-147.54	-159.15	258.63	0	255	0
754	-147.57	-159.17	258.69	0	255	0
754	-147.6	-159.19	258.76	0	255	0
754	-147.63	-159.21	258.82	0	255	0
754	-147.67	-159.22	258.89	0	255	0
754	-147.7	-159.24	258.95	0	255	0
754	-147.73	-159.26	259.02	0	255	0
754	-147.76	-159.28	259.08	0	255	0
754	-147.79	-159.3	259.15	0	255	0
754	-147.83	-159.32	259.21	0	255	0
754	-147.86	-159.33	259.27	0	255	0
754	-147.89	-159.35	259.33	0	255	0
754	-147.92	-159.37	259.39	0	255	0
754	-147.95	-159.39	259.45	0	255	0
754	-147.98	-159.4	259.51	0	255	0
754	-148.01	-159.42	259.57	0	255	0
754	-148.04	-159.44	259.63	0	255	0
754	-148.07	-159.45	259.69	0	255	0
754	-148.09	-159.47	259.75	0	255	0
754	-148.12	-159.49	259.8	0	255	0
754	-148.15	-159.5	259.86	0	255	0
754	-148.18	-159.52	259.92	0	255	0
754	-148.2	-159.53	259.97	0	255	0
754	-148.23	-159.55	260.02	0	255	0
754	-148.26	-159.56	260.08	0	255	0
754	-148.28	-159.58	260.13	0	255	0
754	-148.31	-159.59	260.18	0	255	0
754	-148.33	-159.61	260.23	0	255	0
754	-148.36	-159.62	260.28	0	255	0
754	-148.38	-159.64	260.32	0	255	0
754	-148.4	-159.65	260.37	0	255	0
754	-148.43	-159.66	260.42	0	255	0
754	-148.45	-159.68	260.46	0	255	0
754	-148.47	-159.69	260.5	0	255	0
754	-148.49	-159.7	260.55	0	255	0
754	-148.51	-159.71	260.59	0	255	0
754	-148.53	-159.72	260.63	0	255	0
754	-148.55	-159.73	260.67	0	255	0
754	-148.57	-159.74	260.7	0	255	0
754	-148.59	-159.76	260.74	0	255	0
754	-148.61	-159.77	260.77	0	255	0
754	-148.62	-159.77	260.81	0	255	0
754	-148.64	-159.78	260.84	0	255	0
754	-148.65	-159.79	260.87	0	255	0
754	-148.67	-159.8	260.9	0	255	0
754	-148.68	-159.81	260.93	0	255	0
754	-148.7	-159.82	260.96	0	255	0
754	-148.71	-159.82	260.98	0	255	0
754	-148.72	-159.83	261.01	0	255	0
754	-148.73	-159.84	261.03	0	255	0
754	-148.74	-159.84	261.05	0	255	0
754	-148.75	-159.85	261.07	0	255	0
754	-148.76	-159.85	261.09	0	255	0
754	-148.77	-159.86	261.1	0	255	0
754	-148.78	-159.86	261.12	0	255	0
754	-148.78	-159.87	261.13	0	255	0
754	-148.79	-159.87	261.14	0	255	0
754	-148.79	-159.87	261.15	0	255	0
754	-148.8	-159.88	261.16	0	255	0
754	-148.8	-159.88	261.17	0	255	0
754	-148.8	-159.88	261.17	0	255	0
754	-148.8	-159.88	261.17	0	255	0
754	-148.8	-159.88	261.17	0	255	0
754	-148.8	-159.88	261.17	0	255	0
754	-148.8	-159.88	261.17	0	255	0
754	-148.8	-159.88	261.17	0	255	0
754	-148.8	-159.88	261.16	0	255	0
754	-148.79	-159.87	261.15	0	255	0
754	-148.79	-159.87	261.14	0	255	0
754	-148.78	-159.87	261.13	0	255	0
754	-148.78	-159.86	261.12	0	255	0
754	-148.77	-159.86	261.11	0	255	0
754	-148.76	-159.86	261.09	0	255	0
754	-148.75	-159.85	261.07	0	255	0
754	-148.74	-159.85	261.05	0	255	0
754	-148.73	-159.84	261.03	0	255	0
754	-148.72	-159.83	261.01	0	255	0
754	-148.71	-159.83	260.99	0	255	0
754	-148.7	-159.82	260.96	0	255	0
754	-148.69	-159.81	260.94	0	255	0
754	-148.67	-159.8	260.91	0	255	0
754	-148.66	-159.8	260.88	0	255	0
754	-148.64	-159.79	260.85	0	255	0
754	-148.63	-159.78	260.82	0	255	0
754	-148.61	-159.77	260.78	0	255	0
754	-148.59	-159.76	260.75	0	255	0
754	-148.58	-159.75	260.71	0	255	0
754	-148.56	-159.74	260.68	0	255	0
754	-148.54	-159.73	260.64	0	255	0
754	-148.52	-159.72	260.6	0	255	0
754	-148.5	-159.7	260.56	0	255	0
754	-148.48	-159.69	260.52	0	255	0
754	-148.46	-159.68	260.48	0	255	0
754	-148.44	-159.67	260.43	0	255	0
754	-148.41	-159.65	260.39	0	255	0
754	-148.39	-159.64	260.34	0	255	0
754	-148.37	-159.63	260.3	0	255	0
754	-148.34	-159.61	260.25	0	255	0
754	-148.32	-159.6	260.2	0	255	0
754	-148.3	-159.59	260.15	0	255	0
754	-148.27	-159.57	260.1	0	255	0
754	-148.24	-159.56	260.05	0	255	0
754	-148.22	-159.54	260.0	0	255	0
754	-148.19	-159.53	259.94	0	255	0
754	-148.17	-159.51	259.89	0	255	0
754	-148.14	-159.5	259.84	0	255	0
754	-148.11	-159.48	259.78	0	255	0
754	-148.08	-159.46	259.73	0	255	0
754	-148.05	-159.45	259.67	0	255	0
754	-148.03	-159.43	259.61	0	255	0
754	-148.0	-159.41	259.55	0	255	0
754	-147.97	-159.4	259.49	0	255	0
754	-147.94	-159.38	259.43	0	255	0
754	-147.91	-159.36	259.37	0	255	0
754	-147.88	-159.35	259.31	0	255	0
754	-147.85	-159.33	259.25	0	255	0
754	-147.82	-159.31	259.19	0	255	0
754	-147.79	-159.29	259.13	0	255	0
754	-147.75	-159.28	259.07	0	255	0
754	-147.72	-159.26	259.0	0	255	0
754	-147.69	-159.24	258.94	0	255	0
754	-147.66	-159.22	258.87	0	255	0
754	-147.63	-159.2	258.81	0	255	0
754	-147.6	-159.18	258.75	0	255	0
754	-147.56	-159.16	258.68	0	255	0
754	-147.53	-159.15	258.62	0	255	0
754	-147.5	-159.13	258.55	0	255	0
754	-147.47	-159.11	258.48	0	255	0
754	-147.43	-159.09	258.42	0	255	0
754	-147.4	-159.07	258.35	0	255	0
754	-147.37	-159.05	258.28	0	255	0
754	-147.33	-159.03	258.22	0	255	0
754	-147.3	-159.01	258.15	0	255	0
754	-147.27	-158.99	258.08	0	255	0
754	-147.23	-158.97	258.02	0	255	0
754	-147.2	-158.96	257.95	0	255	0
754	-147.17	-158.94	257.88	0	255	0
754	-147.13	-158.92	257.81	0	255	0
754	-147.1	-158.9	257.75	0	255	0
754	-147.06	-158.88	257.68	0	255	0
754	-147.03	-158.86	257.61	0	255	0
754	-147.0	-158.84	257.54	0	255	0
754	-146.96	-158.82	257.48	0	255	0
754	-146.93	-158.8	257.41	0	255	0
754	-146.9	-158.78	257.34	0	255	0
754	-146.86	-158.76	257.28	0	255	0
754	-146.83	-158.74	257.21	0	255	0
754	-146.8	-158.72	257.14	0	255	0
754	-146.77	-158.7	257.08	0	255	0
754	-146.73	-158.69	257.01	0	255	0
754	-146.7	-158.67	256.94	0	255	0
754	-146.67	-158.65	256.88	0	255	0
754	-146.63	-158.63	256.81	0	255	0
754	-146.6	-158.61	256.75	0	255	0
754	-146.57	-158.59	256.68	0	255	0
754	-146.54	-158.57	256.62	0	255	0
754	-146.51	-158.56	256.56	0	255	0
754	-146.48	-158.54	256.49	0	255	0
754	-146.44	-158.52	256.43	0	255	0
754	-146.41	-158.5	256.37	0	255	0
754	-146.38	-158.48	256.31	0	255	0
754	-146.35	-158.47	256.25	0	255	0
754	-146.32	-158.45	256.18	0	255	0
754	-146.29	-158.43	256.12	0	255	0
754	-146.26	-158.42	256.07	0	255	0
754	-146.23	-158.4	256.01	0	255	0
754	-146.2	-158.38	255.95	0	255	0
754	-146.18	-158.37	255.89	0	255	0
754	-146.15	-158.35	255.83	0	255	0
754	-146.12	-158.33	255.78	0	255	0
754	-146.09	-158.32	255.72	0	255	0
754	-146.06	-158.3	255.67	0	255	0
754	-146.04	-158.29	255.61	0	255	0
754	-146.01	-158.27	255.56	0	255	0
754	-145.99	-158.26	255.51	0	255	0
754	-145.96	-158.24	255.46	0	255	0
754	-145.94	-158.23	255.41	0	255	0
754	-145.91	-158.21	255.36	0	255	0
754	-145.89	-158.2	255.31	0	255	0
754	-145.86	-158.19	255.26	0	255	0
754	-145.84	-158.17	255.22	0	255	0
754	-145.82	-158.16	255.17	0	255	0
754	-145.79	-158.15	255.13	0	255	0
754	-145.77	-158.13	255.08	0	255	0
754	-145.75	-158.12	255.04	0	255	0
754	-145.73	-158.11	255.0	0	255	0
754	-145.71	-158.1	254.96	0	255	0
754	-145.69	-158.09	254.92	0	255	0
754	-145.67	-158.08	254.88	0	255	0
754	-145.65	-158.07	254.84	0	255	0
754	-145.64	-158.06	254.81	0	255	0
754	-145.62	-158.05	254.77	0	255	0
754	-145.6	-158.04	254.74	0	255	0
754	-145.59	-158.03	254.71	0	255	0
754	-145.57	-158.02	254.68	0	255	0
754	-145.56	-158.01	254.65	0	255	0
754	-145.54	-158.0	254.62	0	255	0
754	-145.53	-157.99	254.6	0	255	0
754	-145.52	-157.99	254.57	0	255	0
754	-145.51	-157.98	254.55	0	255	0
754	-145.5	-157.97	254.53	0	255	0
754	-145.49	-157.97	254.51	0	255	0
754	-145.48	-157.96	254.49	0	255	0
754	-145.47	-157.96	254.47	0	255	0
754	-145.46	-157.95	254.45	0	255	0
754	-145.45	-157.95	254.44	0	255	0
754	-145.45	-157.95	254.43	0	255	0
754	-145.44	-157.94	254.42	0	255	0
754	-145.44	-157.94	254.41	0	255	0
754	-145.43	-157.94	254.4	0	255	0
754	-145.43	-157.94	254.39	0	255	0
754	-145.43	-157.93	254.39	0	255	0
754	-145.43	-157.93	254.39	0	255	0
754	-145.43	-157.93	254.38	0	255	0
754	-145.43	-157.93	254.38	0	255	0
754	-145.43	-157.93	254.38	0	255	0
754	-145.43	-157.93	254.38	0	255	0
754	-145.43	-157.93	254.38	0	255	0
754	-145.43	-157.93	254.38	0	255	0
754	-145.43	-157.93	254.38	0	255	0
754	-145.43	-157.93	254.38	0	255	0
754	-145.43	-157.93	254.38	0	255	0
754	-145.43	-157.93	254.38	0	255	0
754	-145.43	-157.93	254.38	0	255	0
754	-145.43	-157.93	254.38	0	255	0
754	-145.43	-157.93	254.38	0	255	0
754	-145.43	-157.93	254.38	0	255	0
754	-145.43	-157.93	254.38	0	255	0
754	-145.43	-157.93	254.38	0	255	0
754	-145.43	-157.93	254.38	0	255	0
754	-145.43	-157.93	254.38	0	255	0
754	-145.43	-157.93	254.38	0	255	0
754	-145.43	-157.93	254.38	0	255	0
754	-145.43	-157.93	254.38	0	255	0
754	-145.43	-157.93	254.38	0	255	0
754	-145.43	-157.93	254.38	0	255	0
754	-145.43	-157.93	254.38	0	255	0
754	-145.43	-157.93	254.38	0	255	0
754	-145.43	-157.93	254.38	0	255	0
754	-145.43	-157.93	254.38	0	255	0
754	-145.43	-157.93	254.38	0	255	0
754	-145.43	-157.93	254.38	0	255	0
754	-145.43	-157.93	254.38	0	255	0
754	-145.43	-157.93	254.38	0	255	0
754	-145.43	-157.93	254.38	0	255	0
754	-145.43	-157.93	254.38	0	255	0
754	-145.43	-157.93	254.38	0	255	0
754	-145.43	-157.93	254.38	0	255	0
754	-145.43	-157.93	254.38	0	255	0
754	-145.43	-157.93	254.38	0	255	0
754	-145.43	-157.93	254.38	0	255	0
754	-145.43	-157.93	254.38	0	255	0
754	-145.43	-157.93	254.38	0	255	0
754	-145.43	-157.93	254.38	0	255	0
754	-145.43	-157.93	254.38	0	255	0
754	-145.43	-157.93	254.38	0	255	0
754	-145.43	-157.93	254.38	0	255	0
754	-145.43	-157.93	254.38	0	255	0
754	-145.43	-157.93	254.38	0	255	0
754	-145.43	-157.93	254.38	0	255	0
754	-145.43	-157.93	254.38	0	255	0
754	-145.43	-157.93	254.38	0	255	0
754	-145.43	-157.93	254.38	0	255	0
754	-145.43	-157.93	254.38	0	255	0
754	-145.43	-157.93	254.38	0	255	0
754	-145.43	-157.93	254.38	0	255	0
754	-145.43	-157.93	254.38	0	255	0
754	-145.43	-157.93	254.38	0	255	0
754	-145.43	-157.93	254.38	0	255	0
754	-145.43	-157.93	254.38	0	255	0
754	-145.43	-157.93	254.38	0	255	0
754	-145.43	-157.93	254.38	0	255	0
754	-145.43	-157.93	254.38	0	255	0
754	-145.43	-157.93	254.38	0	255	0
754	-145.43	-157.93	254.38	0	255	0
754	-145.43	-157.93	254.38	0	255	0
754	-145.43	-157.93	254.38	0	255	0
754	-145.43	-157.93	254.38	0	255	0
754	-145.43	-157.93	254.38	0	255	0
754	-145.43	-157.93	254.38	0	255	0
754	-145.43	-157.93	254.38	0	255	0
754	-145.43	-157.93	254.38	0	255	0
754	-145.43	-157.93	254.38	0	255	0
754	-145.43	-157.93	254.38	0	255	0
754	-145.43	-157.93	254.38	0	255	0
754	-145.43	-157.93	254.38	0	255	0
754	-145.43	-157.93	254.38	0	255	0
754	-145.43	-157.93	254.38	0	255	0
754	-145.43	-157.93	254.38	0	255	0
754	-145.43	-157.93	254.38	0	255	0
754	-145.43	-157.93	254.38	0	255	0
754	-145.43	-157.93	254.38	0	255	0
754	-145.43	-157.93	254.38	0	255	0
754	-145.43	-157.93	254.38	0	255	0
754	-145.43	-157.93	254.38	0	255	0
754	-145.43	-157.93	254.38	0	255	0
754	-145.43	-157.93	254.38	0	255	0
754	-145.43	-157.93	254.38	0	255	0
754	-145.43	-157.93	254.38	0	255	0
754	-145.43	-157.93	254.38	0	255	0
754	-145.43	-157.93	254.38	0	255	0
754	-145.43	-157.93	254.38	0	255	0
754	-145.43	-157.93	254.38	0	255	0
754	-145.43	-157.93	254.38	0	255	0
754	-145.43	-157.93	254.38	0	255	0
754	-145.43	-157.93	254.38	0	255	0
754	-145.43	-157.93	254.38	0	255	0
754	-145.43	-157.93	254.38	0	255	0
754	-145.43	-157.93	254.38	0	255	0
754	-145.43	-157.93	254.38	0	255	0
754	-145.43	-157.93	254.38	0	255	0
754	-145.43	-157.93	254.38	0	255	0
754	-145.43	-157.93	254.38	0	255	0
754	-145.43	-157.93	254.38	0	255	0
754	-145.43	-157.93	254.38	0	255	0
754	-145.43	-157.93	254.38	0	255	0
754	-145.43	-157.93	254.38	0	255	0
754	-145.43	-157.93	254.38	0	255	0
754	-145.43	-157.93	254.38	0	255	0
754	-145.43	-157.93	254.38	0	255	0
754	-145.43	-157.93	254.38	0	255	0
754	-145.43	-157.93	254.38	0	255	0
754	-145.43	-157.93	254.38	0	255	0
754	-145.43	-157.93	254.38	0	255	0
754	-145.43	-157.93	254.38	0	255	0
754	-145.43	-157.93	254.38	0	255	0
754	-145.43	-157.93	254.38	0	255	0
754	-145.43	-157.93	254.38	0	255	0
754	-145.43	-157.93	254.38	0	255	0
754	-145.43	-157.93	254.38	0	255	0
754	-145.43	-157.93	254.38	0	255	0
754	-145.43	-157.93	254.38	0	255	0
754	-145.43	-157.93	254.38	0	255	0
754	-145.43	-157.93	254.38	0	255	0
