755	-158.51	-160.01	246.92	0	255	0
755	-158.51	-160.01	246.92	0	255	0
755	-158.51	-160.01	246.92	0	255	0
755	-158.51	-160.01	246.92	0	255	0
755	-158.51	-160.01	246.92	0	255	0
755	-158.51	-160.01	246.92	0	255	0
755	-158.51	-160.01	246.92	0	255	0
755	-158.51	-160.01	246.92	0	255	0
755	-158.51	-160.01	246.92	0	255	0
755	-158.51	-160.01	246.92	0	255	0
755	-158.51	-160.01	246.92	0	255	0
755	-158.51	-160.01	246.92	0	255	0
755	-158.51	-160.01	246.92	0	255	0
755	-158.51	-160.01	246.92	0	255	0
755	-158.51	-160.01	246.92	0	255	0
755	-158.51	-160.01	246.92	0	255	0
755	-158.51	-160.01	246.92	0	255	0
755	-158.51	-160.01	246.92	0	255	0
755	-158.51	-160.01	246.92	0	255	0
755	-158.51	-160.01	246.92	0	255	0
755	-158.51	-160.01	246.92	0	255	0
755	-158.51	-160.01	246.92	0	255	0
755	-158.51	-160.01	246.92	0	255	0
755	-158.51	-160.01	246.92	0	255	0
755	-158.51	-160.01	246.92	0	255	0
755	-158.51	-160.01	246.92	0	255	0
755	-158.51	-160.01	246.92	0	255	0
755	-158.51	-160.01	246.92	0	255	0
755	-158.51	-160.01	246.92	0	255	0
755	-158.51	-160.01	246.92	0	255	0
755	-158.51	-160.01	246.92	0	255	0
755	-158.51	-160.01	246.92	0	255	0
755	-158.51	-160.01	246.93	0	255	0
755	-158.52	-160.01	246.93	0	255	0
755	-158.52	-160.01	246.93	0	255	0
755	-158.53	-160.01	246.94	0	255	0
755	-158.54	-160.02	246.95	0	255	0
755	-158.54	-160.02	246.96	0	255	0
755	-158.55	-160.02	246.97	0	255	0
755	-158.56	-160.03	246.98	0	255	0
755	-158.58	-160.03	247.0	0	255	0
755	-158.59	-160.04	247.01	0	255	0
755	-158.6	-160.05	247.03	0	255	0
755	-158.62	-160.05	247.05	0	255	0
755	-158.64	-160.06	247.07	0	255	0
755	-158.65	-160.07	247.09	0	255	0
755	-158.67	-160.08	247.11	0	255	0
755	-158.69	-160.09	247.13	0	255	0
755	-158.71	-160.09	247.16	0	255	0
755	-158.74	-160.1	247.18	0	255	0
755	-158.76	-160.11	247.21	0	255	0
755	-158.78	-160.13	247.24	0	255	0
755	-158.81	-160.14	247.27	0	255	0
755	-158.83	-160.15	247.3	0	255	0
755	-158.86	-160.16	247.33	0	255	0
755	-158.89	-160.17	247.36	0	255	0
755	-158.92	-160.18	247.39	0	255	0
755	-158.95	-160.2	247.43	0	255	0
755	-158.98	-160.21	247.46	0	255	0
755	-159.01	-160.22	247.5	0	255	0
755	-159.04	-160.24	247.54	0	255	0
755	-159.08	-160.25	247.58	0	255	0
755	-159.11	-160.27	247.61	0	255	0
755	-159.14	-160.28	247.66	0	255	0
755	-159.18	-160.3	247.7	0	255	0
755	-159.22	-160.31	247.74	0	255	0
755	-159.25	-160.33	247.78	0	255	0
755	-159.29	-160.35	247.82	0	255	0
755	-159.33	-160.36	247.87	0	255	0
755	-159.37	-160.38	247.91	0	255	0
755	-159.41	-160.4	247.96	0	255	0
755	-159.45	-160.42	248.01	0	255	0
755	-159.49	-160.43	248.05	0	255	0
755	-159.53	-160.45	248.1	0	255	0
755	-159.57	-160.47	248.15	0	255	0
755	-159.61	-160.49	248.2	0	255	0
755	-159.66	-160.51	248.25	0	255	0
755	-159.7	-160.53	248.3	0	255	0
755	-159.74	-160.55	248.35	0	255	0
755	-159.79	-160.57	248.4	0	255	0
755	-159.83	-160.59	248.45	0	255	0
755	-159.88	-160.61	248.51	0	255	0
755	-159.93	-160.63	248.56	0	255	0
755	-159.97	-160.65	248.61	0	255	0
755	-160.02	-160.67	248.67	0	255	0
755	-160.07	-160.69	248.72	0	255	0
755	-160.11	-160.71	248.78	0	255	0
755	-160.16	-160.73	248.83	0	255	0
755	-160.21	-160.75	248.89	0	255	0
755	-160.26	-160.77	248.94	0	255	0
755	-160.31	-160.79	249.0	0	255	0
755	-160.36	-160.81	249.06	0	255	0
755	-160.4	-160.84	249.11	0	255	0
755	-160.45	-160.86	249.17	0	255	0
755	-160.5	-160.88	249.23	0	255	0
755	-160.55	-160.9	249.29	0	255	0
755	-160.6	-160.92	249.35	0	255	0
755	-160.65	-160.94	249.4	0	255	0
755	-160.7	-160.97	249.46	0	255	0
755	-160.75	-160.99	249.52	0	255	0
755	-160.81	-161.01	249.58	0	255	0
755	-160.86	-161.03	249.64	0	255	0
755	-160.91	-161.06	249.7	0	255	0
755	-160.96	-161.08	249.75	0	255	0
755	-161.01	-161.1	249.81	0	255	0
755	-161.06	-161.12	249.87	0	255	0
755	-161.11	-161.14	249.93	0	255	0
755	-161.16	-161.17	249.99	0	255	0
755	-161.21	-161.19	250.05	0	255	0
755	-161.26	-161.21	250.11	0	255	0
755	-161.31	-161.23	250.17	0	255	0
755	-161.36	-161.26	250.22	0	255	0
755	-161.41	-161.28	250.28	0	255	0
755	-161.46	-161.3	250.34	0	255	0
755	-161.51	-161.32	250.4	0	255	0
755	-161.56	-161.34	250.46	0	255	0
755	-161.61	-161.37	250.51	0	255	0
755	-161.66	-161.39	250.57	0	255	0
755	-161.71	-161.41	250.63	0	255	0
755	-161.76	-161.43	250.68	0	255	0
755	-161.81	-161.45	250.74	0	255	0
755	-161.86	-161.47	250.8	0	255	0
755	-161.91	-161.49	250.85	0	255	0
755	-161.95	-161.51	250.91	0	255	0
755	-162.0	-161.54	250.96	0	255	0
755	-162.05	-161.56	251.02	0	255	0
755	-162.1	-161.58	251.07	0	255	0
755	-162.14	-161.6	251.13	0	255	0
755	-162.19	-161.62	251.18	0	255	0
755	-162.23	-161.64	251.23	0	255	0
755	-162.28	-161.66	251.28	0	255	0
755	-162.32	-161.68	251.33	0	255	0
755	-162.37	-161.7	251.39	0	255	0
755	-162.41	-161.71	251.44	0	255	0
755	-162.45	-161.73	251.49	0	255	0
755	-162.5	-161.75	251.54	0	255	0
755	-162.54	-161.77	251.58	0	255	0
755	-162.58	-161.79	251.63	0	255	0
755	-162.62	-161.81	251.68	0	255	0
755	-162.66	-161.82	251.73	0	255	0
755	-162.7	-161.84	251.77	0	255	0
755	-162.74	-161.86	251.82	0	255	0
755	-162.78	-161.88	251.86	0	255	0
755	-162.81	-161.89	251.9	0	255	0
755	-162.85	-161.91	251.95	0	255	0
755	-162.89	-161.92	251.99	0	255	0
755	-162.92	-161.94	252.03	0	255	0
755	-162.96	-161.95	252.07	0	255	0
755	-162.99	-161.97	252.11	0	255	0
755	-163.02	-161.98	252.15	0	255	0
755	-163.06	-162.0	252.19	0	255	0
755	-163.09	-162.01	252.22	0	255	0
755	-163.12	-162.03	252.26	0	255	0
755	-163.15	-162.04	252.29	0	255	0
755	-163.18	-162.05	252.32	0	255	0
755	-163.21	-162.06	252.36	0	255	0
755	-163.23	-162.07	252.39	0	255	0
755	-163.26	-162.09	252.42	0	255	0
755	-163.28	-162.1	252.45	0	255	0
755	-163.31	-162.11	252.48	0	255	0
755	-163.33	-162.12	252.5	0	255	0
755	-163.35	-162.13	252.53	0	255	0
755	-163.37	-162.14	252.55	0	255	0
755	-163.39	-162.15	252.58	0	255	0
755	-163.41	-162.15	252.6	0	255	0
755	-163.43	-162.16	252.62	0	255	0
755	-163.45	-162.17	252.64	0	255	0
755	-163.46	-162.18	252.66	0	255	0
755	-163.48	-162.18	252.67	0	255	0
755	-163.49	-162.19	252.69	0	255	0
755	-163.5	-162.19	252.7	0	255	0
755	-163.51	-162.2	252.71	0	255	0
755	-163.52	-162.2	252.73	0	255	0
755	-163.53	-162.21	252.73	0	255	0
755	-163.54	-162.21	252.74	0	255	0
755	-163.55	-162.21	252.75	0	255	0
755	-163.55	-162.21	252.76	0	255	0
755	-163.55	-162.22	252.76	0	255	0
755	-163.56	-162.22	252.76	0	255	0
755	-163.56	-162.22	252.76	0	255	0
755	-163.56	-162.22	252.76	0	255	0
755	-163.55	-162.22	252.76	0	255	0
755	-163.55	-162.21	252.76	0	255	0
755	-163.55	-162.21	252.75	0	255	0
755	-163.54	-162.21	252.74	0	255	0
755	-163.53	-162.21	252.74	0	255	0
755	-163.52	-162.2	252.73	0	255	0
755	-163.52	-162.2	252.72	0	255	0
755	-163.5	-162.19	252.7	0	255	0
755	-163.49	-162.19	252.69	0	255	0
755	-163.48	-162.18	252.67	0	255	0
755	-163.47	-162.18	252.66	0	255	0
755	-163.45	-162.17	252.64	0	255	0
755	-163.43	-162.16	252.62	0	255	0
755	-163.42	-162.16	252.6	0	255	0
755	-163.4	-162.15	252.58	0	255	0
755	-163.38	-162.14	252.56	0	255	0
755	-163.36	-162.13	252.53	0	255	0
755	-163.34	-162.12	252.51	0	255	0
755	-163.31	-162.11	252.48	0	255	0
755	-163.29	-162.1	252.46	0	255	0
755	-163.27	-162.09	252.43	0	255	0
755	-163.24	-162.08	252.4	0	255	0
755	-163.21	-162.07	252.37	0	255	0
755	-163.19	-162.05	252.34	0	255	0
755	-163.16	-162.04	252.3	0	255	0
755	-163.13	-162.03	252.27	0	255	0
755	-163.1	-162.02	252.23	0	255	0
755	-163.07	-162.0	252.2	0	255	0
755	-163.04	-161.99	252.16	0	255	0
755	-163.01	-161.98	252.13	0	255	0
755	-162.97	-161.96	252.09	0	255	0
755	-162.94	-161.95	252.05	0	255	0
755	-162.9	-161.93	252.01	0	255	0
755	-162.87	-161.92	251.97	0	255	0
755	-162.83	-161.9	251.93	0	255	0
755	-162.8	-161.88	251.88	0	255	0
755	-162.76	-161.87	251.84	0	255	0
755	-162.72	-161.85	251.8	0	255	0
755	-162.68	-161.83	251.75	0	255	0
755	-162.64	-161.82	251.7	0	255	0
755	-162.6	-161.8	251.66	0	255	0
755	-162.56	-161.78	251.61	0	255	0
755	-162.52	-161.76	251.56	0	255	0
755	-162.48	-161.74	251.52	0	255	0
755	-162.44	-161.73	251.47	0	255	0
755	-162.39	-161.71	251.42	0	255	0
755	-162.35	-161.69	251.37	0	255	0
755	-162.31	-161.67	251.32	0	255	0
755	-162.26	-161.65	251.27	0	255	0
755	-162.22	-161.63	251.21	0	255	0
755	-162.17	-161.61	251.16	0	255	0
755	-162.13	-161.59	251.11	0	255	0
755	-162.08	-161.57	251.06	0	255	0
755	-162.04	-161.55	251.0	0	255	0
755	-161.99	-161.53	250.95	0	255	0
755	-161.94	-161.51	250.89	0	255	0
755	-161.9	-161.49	250.84	0	255	0
755	-161.85	-161.47	250.78	0	255	0
755	-161.8	-161.45	250.73	0	255	0
755	-161.75	-161.43	250.67	0	255	0
755	-161.7	-161.4	250.62	0	255	0
755	-161.65	-161.38	250.56	0	255	0
755	-161.61	-161.36	250.5	0	255	0
755	-161.56	-161.34	250.45	0	255	0
755	-161.51	-161.32	250.39	0	255	0
755	-161.46	-161.3	250.33	0	255	0
755	-161.41	-161.28	250.28	0	255	0
755	-161.36	-161.25	250.22	0	255	0
755	-161.31	-161.23	250.16	0	255	0
755	-161.26	-161.21	250.1	0	255	0
755	-161.21	-161.19	250.05	0	255	0
755	-161.16	-161.17	249.99	0	255	0
755	-161.11	-161.14	249.93	0	255	0
755	-161.06	-161.12	249.87	0	255	0
755	-161.01	-161.1	249.81	0	255	0
755	-160.96	-161.08	249.76	0	255	0
755	-160.91	-161.06	249.7	0	255	0
755	-160.86	-161.03	249.64	0	255	0
755	-160.81	-161.01	249.58	0	255	0
755	-160.76	-160.99	249.52	0	255	0
755	-160.71	-160.97	249.47	0	255	0
755	-160.66	-160.95	249.41	0	255	0
755	-160.61	-160.93	249.35	0	255	0
755	-160.56	-160.9	249.29	0	255	0
755	-160.51	-160.88	249.24	0	255	0
755	-160.46	-160.86	249.18	0	255	0
755	-160.41	-160.84	249.12	0	255	0
755	-160.36	-160.82	249.07	0	255	0
755	-160.32	-160.8	249.01	0	255	0
755	-160.27	-160.78	248.96	0	255	0
755	-160.22	-160.75	248.9	0	255	0
755	-160.17	-160.73	248.85	0	255	0
755	-160.13	-160.71	248.79	0	255	0
755	-160.08	-160.69	248.74	0	255	0
755	-160.03	-160.67	248.68	0	255	0
755	-159.99	-160.65	248.63	0	255	0
755	-159.94	-160.63	248.58	0	255	0
755	-159.89	-160.61	248.52	0	255	0
755	-159.85	-160.59	248.47	0	255	0
755	-159.8	-160.57	248.42	0	255	0
755	-159.76	-160.55	248.37	0	255	0
755	-159.72	-160.53	248.32	0	255	0
755	-159.67	-160.52	248.27	0	255	0
755	-159.63	-160.5	248.22	0	255	0
755	-159.59	-160.48	248.17	0	255	0
755	-159.55	-160.46	248.12	0	255	0
755	-159.51	-160.44	248.07	0	255	0
755	-159.47	-160.42	248.03	0	255	0
755	-159.43	-160.41	247.98	0	255	0
755	-159.39	-160.39	247.93	0	255	0
755	-159.35	-160.37	247.89	0	255	0
755	-159.31	-160.36	247.85	0	255	0
755	-159.27	-160.34	247.8	0	255	0
755	-159.23	-160.32	247.76	0	255	0
755	-159.2	-160.31	247.72	0	255	0
755	-159.16	-160.29	247.68	0	255	0
755	-159.13	-160.28	247.64	0	255	0
755	-159.1	-160.26	247.6	0	255	0
755	-159.06	-160.25	247.56	0	255	0
755	-159.03	-160.23	247.52	0	255	0
755	-159.0	-160.22	247.49	0	255	0
755	-158.97	-160.21	247.45	0	255	0
755	-158.94	-160.19	247.42	0	255	0
755	-158.91	-160.18	247.38	0	255	0
755	-158.88	-160.17	247.35	0	255	0
755	-158.85	-160.16	247.32	0	255	0
755	-158.83	-160.14	247.29	0	255	0
755	-158.8	-160.13	247.26	0	255	0
755	-158.78	-160.12	247.23	0	255	0
755	-158.75	-160.11	247.2	0	255	0
755	-158.73	-160.1	247.18	0	255	0
755	-158.71	-160.09	247.15	0	255	0
755	-158.69	-160.08	247.13	0	255	0
755	-158.67	-160.08	247.11	0	255	0
755	-158.65	-160.07	247.08	0	255	0
755	-158.63	-160.06	247.06	0	255	0
755	-158.62	-160.05	247.04	0	255	0
755	-158.6	-160.05	247.03	0	255	0
755	-158.59	-160.04	247.01	0	255	0
755	-158.57	-160.03	247.0	0	255	0
755	-158.56	-160.03	246.98	0	255	0
755	-158.55	-160.02	246.97	0	255	0
755	-158.54	-160.02	246.96	0	255	0
755	-158.53	-160.02	246.95	0	255	0
755	-158.53	-160.01	246.94	0	255	0
755	-158.52	-160.01	246.93	0	255	0
755	-158.52	-160.01	246.93	0	255	0
755	-158.51	-160.01	246.93	0	255	0
755	-158.51	-160.01	246.92	0	255	0
755	-158.51	-160.01	246.92	0	255	0
755	-158.51	-160.01	246.92	0	255	0
755	-158.51	-160.01	246.92	0	255	0
755	-158.51	-160.01	246.92	0	255	0
755	-158.51	-160.01	246.92	0	255	0
755	-158.51	-160.01	246.92	0	255	0
755	-158.51	-160.01	246.92	0	255	0
755	-158.51	-160.01	246.92	0	255	0
755	-158.51	-160.01	246.92	0	255	0
755	-158.51	-160.01	246.92	0	255	0
755	-158.51	-160.01	246.92	0	255	0
755	-158.51	-160.01	246.92	0	255	0
755	-158.51	-160.01	246.92	0	255	0
755	-158.51	-160.01	246.92	0	255	0
755	-158.51	-160.01	246.92	0	255	0
755	-158.51	-160.01	246.92	0	255	0
755	-158.51	-160.01	246.92	0	255	0
755	-158.51	-160.01	246.92	0	255	0
755	-158.51	-160.01	246.92	0	255	0
755	-158.51	-160.01	246.92	0	255	0
755	-158.51	-160.01	246.92	0	255	0
755	-158.51	-160.01	246.92	0	255	0
755	-158.51	-160.01	246.92	0	255	0
755	-158.51	-160.01	246.92	0	255	0
755	-158.51	-160.01	246.92	0	255	0
755	-158.51	-160.01	246.92	0	255	0
755	-158.51	-160.01	246.92	0	255	0
755	-158.51	-160.01	246.92	0	255	0
755	-158.51	-160.01	246.92	0	255	0
755	-158.51	-160.01	246.92	0	255	0
755	-158.51	-160.01	246.92	0	255	0
755	-158.51	-160.01	246.92	0	255	0
755	-158.51	-160.01	246.92	0	255	0
755	-158.51	-160.01	246.92	0	255	0
755	-158.51	-160.01	246.92	0	255	0
755	-158.51	-160.01	246.92	0	255	0
755	-158.51	-160.01	246.92	0	255	0
755	-158.51	-160.01	246.92	0	255	0
755	-158.51	-160.01	246.92	0	255	0
755	-158.51	-160.01	246.92	0	255	0
755	-158.51	-160.01	246.92	0	255	0
755	-158.51	-160.01	246.92	0	255	0
755	-158.51	-160.01	246.92	0	255	0
755	-158.51	-160.01	246.92	0	255	0
755	-158.51	-160.01	246.92	0	255	0
755	-158.51	-160.01	246.92	0	255	0
755	-158.51	-160.01	246.92	0	255	0
755	-158.51	-160.01	246.92	0	255	0
755	-158.51	-160.01	246.92	0	255	0
755	-158.51	-160.01	246.92	0	255	0
755	-158.51	-160.01	246.92	0	255	0
755	-158.51	-160.01	246.92	0	255	0
755	-158.51	-160.01	246.92	0	255	0
755	-158.51	-160.01	246.92	0	255	0
755	-158.51	-160.01	246.92	0	255	0
755	-158.51	-160.01	246.92	0	255	0
755	-158.51	-160.01	246.92	0	255	0
755	-158.51	-160.01	246.92	0	255	0
755	-158.51	-160.01	246.92	0	255	0
755	-158.51	-160.01	246.92	0	255	0
755	-158.51	-160.01	246.92	0	255	0
755	-158.51	-160.01	246.92	0	255	0
755	-158.51	-160.01	246.92	0	255	0
755	-158.51	-160.01	246.92	0	255	0
755	-158.51	-160.01	246.92	0	255	0
755	-158.51	-160.01	246.92	0	255	0
755	-158.51	-160.01	246.92	0	255	0
755	-158.51	-160.01	246.92	0	255	0
755	-158.51	-160.01	246.92	0	255	0
755	-158.51	-160.01	246.92	0	255	0
755	-158.51	-160.01	246.92	0	255	0
755	-158.51	-160.01	246.92	0	255	0
755	-158.51	-160.01	246.92	0	255	0
755	-158.51	-160.01	246.92	0	255	0
755	-158.51	-160.01	246.92	0	255	0
755	-158.51	-160.01	246.92	0	255	0
755	-158.51	-160.01	246.92	0	255	0
755	-158.51	-160.01	246.92	0	255	0
755	-158.51	-160.01	246.92	0	255	0
755	-158.51	-160.01	246.92	0	255	0
755	-158.51	-160.01	246.92	0	255	0
755	-158.51	-160.01	246.92	0	255	0
755	-158.51	-160.01	246.92	0	255	0
755	-158.51	-160.01	246.92	0	255	0
755	-158.51	-160.01	246.92	0	255	0
755	-158.51	-160.01	246.92	0	255	0
755	-158.51	-160.01	246.92	0	255	0
755	-158.51	-160.01	246.92	0	255	0
755	-158.51	-160.01	246.92	0	255	0
755	-158.51	-160.01	246.92	0	255	0
755	-158.51	-160.01	246.92	0	255	0
755	-158.51	-160.01	246.92	0	255	0
755	-158.51	-160.01	246.92	0	255	0
755	-158.51	-160.01	246.92	0	255	0
755	-158.51	-160.01	246.92	0	255	0
755	-158.51	-160.01	246.92	0	255	0
755	-158.51	-160.01	246.92	0	255	0
755	-158.51	-160.01	246.92	0	255	0
755	-158.51	-160.01	246.92	0	255	0
755	-158.51	-160.01	246.92	0	255	0
755	-158.51	-160.01	246.92	0	255	0
755	-158.51	-160.01	246.92	0	255	0
755	-158.51	-160.01	246.92	0	255	0
755	-158.51	-160.01	246.92	0	255	0
755	-158.51	-160.01	246.92	0	255	0
755	-158.51	-160.01	246.92	0	255	0
755	-158.51	-160.01	246.92	0	255	0
755	-158.51	-160.01	246.92	0	255	0
755	-158.51	-160.01	246.92	0	255	0
755	-158.51	-160.01	246.92	0	255	0
755	-158.51	-160.01	246.92	0	255	0
755	-158.51	-160.01	246.92	0	255	0
755	-158.51	-160.01	246.92	0	255	0
755	-158.51	-160.01	246.92	0	255	0
755	-158.51	-160.01	246.92	0	255	0
755	-158.51	-160.01	246.92	0	255	0
755	-158.51	-160.01	246.92	0	255	0
755	-158.51	-160.01	246.92	0	255	0
755	-158.51	-160.01	246.92	0	255	0
755	-158.51	-160.01	246.92	0	255	0
755	-158.51	-160.01	246.92	0	255	0
