757	-147.93	-158.33	253.03	0	255	0
757	-147.93	-158.33	253.03	0	255	0
757	-147.93	-158.33	253.03	0	255	0
757	-147.93	-158.33	253.03	0	255	0
757	-147.93	-158.33	253.03	0	255	0
757	-147.93	-158.33	253.03	0	255	0
757	-147.93	-158.33	253.03	0	255	0
757	-147.93	-158.33	253.03	0	255	0
757	-147.93	-158.33	253.03	0	255	0
757	-147.93	-158.33	253.03	0	255	0
757	-147.93	-158.33	253.03	0	255	0
757	-147.93	-158.33	253.03	0	255	0
757	-147.93	-158.33	253.03	0	255	0
757	-147.93	-158.33	253.03	0	255	0
757	-147.93	-158.33	253.03	0	255	0
757	-147.93	-158.33	253.03	0	255	0
757	-147.93	-158.33	253.03	0	255	0
757	-147.93	-158.33	253.03	0	255	0
757	-147.93	-158.33	253.03	0	255	0
757	-147.93	-158.33	253.03	0	255	0
757	-147.93	-158.33	253.03	0	255	0
757	-147.93	-158.33	253.03	0	255	0
757	-147.93	-158.33	253.03	0	255	0
757	-147.93	-158.33	253.03	0	255	0
757	-147.93	-158.33	253.03	0	255	0
757	-147.93	-158.33	253.03	0	255	0
757	-147.93	-158.33	253.03	0	255	0
757	-147.93	-158.33	253.03	0	255	0
757	-147.93	-158.33	253.03	0	255	0
757	-147.93	-158.33	253.03	0	255	0
757	-147.93	-158.33	253.03	0	255	0
757	-147.93	-158.33	253.03	0	255	0
757	-147.93	-158.33	253.03	0	255	0
757	-147.94	-158.33	253.04	0	255	0
757	-147.94	-158.33	253.04	0	255	0
757	-147.94	-158.34	253.05	0	255	0
757	-147.95	-158.34	253.06	0	255	0
757	-147.96	-158.34	253.07	0	255	0
757	-147.96	-158.35	253.09	0	255	0
757	-147.97	-158.35	253.1	0	255	0
757	-147.98	-158.36	253.12	0	255	0
757	-147.99	-158.36	253.13	0	255	0
757	-148.0	-158.37	253.15	0	255	0
757	-148.01	-158.37	253.17	0	255	0
757	-148.02	-158.38	253.19	0	255	0
757	-148.04	-158.39	253.22	0	255	0
757	-148.05	-158.39	253.24	0	255	0
757	-148.07	-158.4	253.27	0	255	0
757	-148.08	-158.41	253.3	0	255	0
757	-148.1	-158.42	253.33	0	255	0
757	-148.11	-158.43	253.36	0	255	0
757	-148.13	-158.44	253.39	0	255	0
757	-148.15	-158.45	253.42	0	255	0
757	-148.17	-158.46	253.45	0	255	0
757	-148.19	-158.47	253.49	0	255	0
757	-148.21	-158.48	253.53	0	255	0
757	-148.23	-158.49	253.56	0	255	0
757	-148.25	-158.5	253.6	0	255	0
757	-148.28	-158.52	253.64	0	255	0
757	-148.3	-158.53	253.68	0	255	0
757	-148.32	-158.54	253.73	0	255	0
757	-148.35	-158.55	253.77	0	255	0
757	-148.37	-158.57	253.81	0	255	0
757	-148.4	-158.58	253.86	0	255	0
757	-148.42	-158.59	253.91	0	255	0
757	-148.45	-158.61	253.95	0	255	0
757	-148.48	-158.62	254.0	0	255	0
757	-148.5	-158.64	254.05	0	255	0
757	-148.53	-158.65	254.1	0	255	0
757	-148.56	-158.67	254.15	0	255	0
757	-148.59	-158.68	254.2	0	255	0
757	-148.62	-158.7	254.26	0	255	0
757	-148.65	-158.72	254.31	0	255	0
757	-148.68	-158.73	254.37	0	255	0
757	-148.71	-158.75	254.42	0	255	0
757	-148.74	-158.77	254.48	0	255	0
757	-148.77	-158.78	254.53	0	255	0
757	-148.8	-158.8	254.59	0	255	0
757	-148.84	-158.82	254.65	0	255	0
757	-148.87	-158.84	254.71	0	255	0
757	-148.9	-158.85	254.77	0	255	0
757	-148.94	-158.87	254.83	0	255	0
757	-148.97	-158.89	254.89	0	255	0
757	-149.0	-158.91	254.95	0	255	0
757	-149.04	-158.93	255.01	0	255	0
757	-149.07	-158.95	255.07	0	255	0
757	-149.11	-158.96	255.13	0	255	0
757	-149.14	-158.98	255.19	0	255	0
757	-149.18	-159.0	255.26	0	255	0
757	-149.21	-159.02	255.32	0	255	0
757	-149.25	-159.04	255.39	0	255	0
757	-149.28	-159.06	255.45	0	255	0
757	-149.32	-159.08	255.51	0	255	0
757	-149.36	-159.1	255.58	0	255	0
757	-149.39	-159.12	255.64	0	255	0
757	-149.43	-159.14	255.71	0	255	0
757	-149.47	-159.16	255.78	0	255	0
757	-149.5	-159.18	255.84	0	255	0
757	-149.54	-159.2	255.91	0	255	0
757	-149.58	-159.22	255.97	0	255	0
757	-149.61	-159.24	256.04	0	255	0
757	-149.65	-159.26	256.11	0	255	0
757	-149.69	-159.28	256.17	0	255	0
757	-149.73	-159.3	256.24	0	255	0
757	-149.76	-159.32	256.31	0	255	0
757	-149.8	-159.34	256.37	0	255	0
757	-149.84	-159.36	256.44	0	255	0
757	-149.87	-159.38	256.51	0	255	0
757	-149.91	-159.4	256.57	0	255	0
757	-149.95	-159.42	256.64	0	255	0
757	-149.99	-159.44	256.7	0	255	0
757	-150.02	-159.46	256.77	0	255	0
757	-150.06	-159.48	256.84	0	255	0
757	-150.1	-159.5	256.9	0	255	0
757	-150.13	-159.52	256.97	0	255	0
757	-150.17	-159.54	257.03	0	255	0
757	-150.21	-159.56	257.1	0	255	0
757	-150.24	-159.58	257.16	0	255	0
757	-150.28	-159.6	257.23	0	255	0
757	-150.31	-159.62	257.29	0	255	0
757	-150.35	-159.64	257.36	0	255	0
757	-150.39	-159.66	257.42	0	255	0
757	-150.42	-159.67	257.48	0	255	0
757	-150.46	-159.69	257.55	0	255	0
757	-150.49	-159.71	257.61	0	255	0
757	-150.52	-159.73	257.67	0	255	0
757	-150.56	-159.75	257.73	0	255	0
757	-150.59	-159.77	257.79	0	255	0
757	-150.63	-159.79	257.85	0	255	0
757	-150.66	-159.8	257.91	0	255	0
757	-150.69	-159.82	257.97	0	255	0
757	-150.73	-159.84	258.03	0	255	0
757	-150.76	-159.86	258.09	0	255	0
757	-150.79	-159.87	258.15	0	255	0
757	-150.82	-159.89	258.2	0	255	0
757	-150.85	-159.91	258.26	0	255	0
757	-150.88	-159.92	258.31	0	255	0
757	-150.91	-159.94	258.37	0	255	0
757	-150.94	-159.96	258.42	0	255	0
757	-150.97	-159.97	258.47	0	255	0
757	-151.0	-159.99	258.53	0	255	0
757	-151.03	-160.0	258.58	0	255	0
757	-151.06	-160.02	258.63	0	255	0
757	-151.09	-160.03	258.68	0	255	0
757	-151.11	-160.05	258.72	0	255	0
757	-151.14	-160.06	258.77	0	255	0
757	-151.17	-160.08	258.82	0	255	0
757	-151.19	-160.09	258.86	0	255	0
757	-151.22	-160.1	258.91	0	255	0
757	-151.24	-160.12	258.95	0	255	0
757	-151.26	-160.13	258.99	0	255	0
757	-151.29	-160.14	259.03	0	255	0
757	-151.31	-160.15	259.07	0	255	0
757	-151.33	-160.17	259.11	0	255	0
757	-151.35	-160.18	259.15	0	255	0
757	-151.37	-160.19	259.19	0	255	0
757	-151.39	-160.2	259.22	0	255	0
757	-151.41	-160.21	259.26	0	255	0
757	-151.43	-160.22	259.29	0	255	0
757	-151.45	-160.23	259.32	0	255	0
757	-151.46	-160.24	259.35	0	255	0
757	-151.48	-160.25	259.38	0	255	0
757	-151.5	-160.26	259.41	0	255	0
757	-151.51	-160.26	259.44	0	255	0
757	-151.52	-160.27	259.46	0	255	0
757	-151.54	-160.28	259.48	0	255	0
757	-151.55	-160.28	259.51	0	255	0
757	-151.56	-160.29	259.53	0	255	0
757	-151.57	-160.3	259.55	0	255	0
757	-151.58	-160.3	259.56	0	255	0
757	-151.59	-160.31	259.58	0	255	0
757	-151.6	-160.31	259.59	0	255	0
757	-151.61	-160.31	259.61	0	255	0
757	-151.61	-160.32	259.62	0	255	0
757	-151.62	-160.32	259.63	0	255	0
757	-151.62	-160.32	259.63	0	255	0
757	-151.63	-160.33	259.64	0	255	0
757	-151.63	-160.33	259.64	0	255	0
757	-151.63	-160.33	259.65	0	255	0
757	-151.63	-160.33	259.65	0	255	0
757	-151.63	-160.33	259.65	0	255	0
757	-151.63	-160.33	259.64	0	255	0
757	-151.63	-160.33	259.64	0	255	0
757	-151.62	-160.32	259.63	0	255	0
757	-151.62	-160.32	259.63	0	255	0
757	-151.61	-160.32	259.62	0	255	0
757	-151.61	-160.32	259.61	0	255	0
757	-151.6	-160.31	259.59	0	255	0
757	-151.59	-160.31	259.58	0	255	0
757	-151.58	-160.3	259.56	0	255	0
757	-151.57	-160.3	259.55	0	255	0
757	-151.56	-160.29	259.53	0	255	0
757	-151.55	-160.29	259.51	0	255	0
757	-151.54	-160.28	259.49	0	255	0
757	-151.53	-160.27	259.47	0	255	0
757	-151.51	-160.27	259.44	0	255	0
757	-151.5	-160.26	259.42	0	255	0
757	-151.48	-160.25	259.39	0	255	0
757	-151.47	-160.24	259.36	0	255	0
757	-151.45	-160.23	259.33	0	255	0
757	-151.44	-160.22	259.3	0	255	0
757	-151.42	-160.21	259.27	0	255	0
757	-151.4	-160.2	259.23	0	255	0
757	-151.38	-160.19	259.2	0	255	0
757	-151.36	-160.18	259.16	0	255	0
757	-151.34	-160.17	259.13	0	255	0
757	-151.32	-160.16	259.09	0	255	0
757	-151.3	-160.15	259.05	0	255	0
757	-151.27	-160.13	259.01	0	255	0
757	-151.25	-160.12	258.97	0	255	0
757	-151.23	-160.11	258.93	0	255	0
757	-151.2	-160.1	258.88	0	255	0
757	-151.18	-160.08	258.84	0	255	0
757	-151.15	-160.07	258.79	0	255	0
757	-151.13	-160.06	258.75	0	255	0
757	-151.1	-160.04	258.7	0	255	0
757	-151.07	-160.03	258.65	0	255	0
757	-151.05	-160.01	258.6	0	255	0
757	-151.02	-160.0	258.55	0	255	0
757	-150.99	-159.98	258.5	0	255	0
757	-150.96	-159.97	258.45	0	255	0
757	-150.93	-159.95	258.4	0	255	0
757	-150.9	-159.93	258.34	0	255	0
757	-150.87	-159.92	258.29	0	255	0
757	-150.84	-159.9	258.24	0	255	0
757	-150.81	-159.88	258.18	0	255	0
757	-150.78	-159.87	258.12	0	255	0
757	-150.75	-159.85	258.07	0	255	0
757	-150.71	-159.83	258.01	0	255	0
757	-150.68	-159.82	257.95	0	255	0
757	-150.65	-159.8	257.89	0	255	0
757	-150.62	-159.78	257.83	0	255	0
757	-150.58	-159.76	257.77	0	255	0
757	-150.55	-159.74	257.71	0	255	0
757	-150.52	-159.73	257.65	0	255	0
757	-150.48	-159.71	257.59	0	255	0
757	-150.45	-159.69	257.53	0	255	0
757	-150.41	-159.67	257.47	0	255	0
757	-150.38	-159.65	257.41	0	255	0
757	-150.34	-159.63	257.34	0	255	0
757	-150.31	-159.61	257.28	0	255	0
757	-150.27	-159.59	257.22	0	255	0
757	-150.24	-159.57	257.15	0	255	0
757	-150.2	-159.56	257.09	0	255	0
757	-150.16	-159.54	257.03	0	255	0
757	-150.13	-159.52	256.96	0	255	0
757	-150.09	-159.5	256.9	0	255	0
757	-150.06	-159.48	256.83	0	255	0
757	-150.02	-159.46	256.77	0	255	0
757	-149.98	-159.44	256.7	0	255	0
757	-149.95	-159.42	256.63	0	255	0
757	-149.91	-159.4	256.57	0	255	0
757	-149.87	-159.38	256.5	0	255	0
757	-149.84	-159.36	256.44	0	255	0
757	-149.8	-159.34	256.37	0	255	0
757	-149.76	-159.32	256.31	0	255	0
757	-149.73	-159.3	256.24	0	255	0
757	-149.69	-159.28	256.17	0	255	0
757	-149.65	-159.26	256.11	0	255	0
757	-149.62	-159.24	256.04	0	255	0
757	-149.58	-159.22	255.98	0	255	0
757	-149.54	-159.2	255.91	0	255	0
757	-149.51	-159.18	255.85	0	255	0
757	-149.47	-159.16	255.78	0	255	0
757	-149.43	-159.14	255.72	0	255	0
757	-149.4	-159.12	255.65	0	255	0
757	-149.36	-159.1	255.59	0	255	0
757	-149.33	-159.08	255.52	0	255	0
757	-149.29	-159.06	255.46	0	255	0
757	-149.26	-159.04	255.4	0	255	0
757	-149.22	-159.03	255.33	0	255	0
757	-149.18	-159.01	255.27	0	255	0
757	-149.15	-158.99	255.21	0	255	0
757	-149.12	-158.97	255.15	0	255	0
757	-149.08	-158.95	255.09	0	255	0
757	-149.05	-158.93	255.02	0	255	0
757	-149.01	-158.91	254.96	0	255	0
757	-148.98	-158.9	254.9	0	255	0
757	-148.95	-158.88	254.84	0	255	0
757	-148.91	-158.86	254.79	0	255	0
757	-148.88	-158.84	254.73	0	255	0
757	-148.85	-158.82	254.67	0	255	0
757	-148.82	-158.81	254.61	0	255	0
757	-148.78	-158.79	254.55	0	255	0
757	-148.75	-158.77	254.5	0	255	0
757	-148.72	-158.76	254.44	0	255	0
757	-148.69	-158.74	254.39	0	255	0
757	-148.66	-158.72	254.33	0	255	0
757	-148.63	-158.71	254.28	0	255	0
757	-148.6	-158.69	254.23	0	255	0
757	-148.57	-158.68	254.18	0	255	0
757	-148.55	-158.66	254.13	0	255	0
757	-148.52	-158.65	254.08	0	255	0
757	-148.49	-158.63	254.03	0	255	0
757	-148.46	-158.62	253.98	0	255	0
757	-148.44	-158.6	253.93	0	255	0
757	-148.41	-158.59	253.89	0	255	0
757	-148.39	-158.57	253.84	0	255	0
757	-148.36	-158.56	253.8	0	255	0
757	-148.34	-158.55	253.75	0	255	0
757	-148.31	-158.54	253.71	0	255	0
757	-148.29	-158.52	253.67	0	255	0
757	-148.27	-158.51	253.63	0	255	0
757	-148.24	-158.5	253.59	0	255	0
757	-148.22	-158.49	253.55	0	255	0
757	-148.2	-158.48	253.51	0	255	0
757	-148.18	-158.47	253.48	0	255	0
757	-148.16	-158.46	253.44	0	255	0
757	-148.15	-158.45	253.41	0	255	0
757	-148.13	-158.44	253.38	0	255	0
757	-148.11	-158.43	253.35	0	255	0
757	-148.09	-158.42	253.32	0	255	0
757	-148.08	-158.41	253.29	0	255	0
757	-148.06	-158.4	253.26	0	255	0
757	-148.05	-158.39	253.24	0	255	0
757	-148.03	-158.39	253.21	0	255	0
757	-148.02	-158.38	253.19	0	255	0
757	-148.01	-158.37	253.17	0	255	0
757	-148.0	-158.37	253.15	0	255	0
757	-147.99	-158.36	253.13	0	255	0
757	-147.98	-158.36	253.11	0	255	0
757	-147.97	-158.35	253.1	0	255	0
757	-147.96	-158.35	253.08	0	255	0
757	-147.96	-158.34	253.07	0	255	0
757	-147.95	-158.34	253.06	0	255	0
757	-147.94	-158.34	253.05	0	255	0
757	-147.94	-158.33	253.04	0	255	0
757	-147.94	-158.33	253.04	0	255	0
757	-147.93	-158.33	253.03	0	255	0
757	-147.93	-158.33	253.03	0	255	0
757	-147.93	-158.33	253.03	0	255	0
757	-147.93	-158.33	253.03	0	255	0
757	-147.93	-158.33	253.03	0	255	0
757	-147.93	-158.33	253.03	0	255	0
757	-147.93	-158.33	253.03	0	255	0
757	-147.93	-158.33	253.03	0	255	0
757	-147.93	-158.33	253.03	0	255	0
757	-147.93	-158.33	253.03	0	255	0
757	-147.93	-158.33	253.03	0	255	0
757	-147.93	-158.33	253.03	0	255	0
757	-147.93	-158.33	253.03	0	255	0
757	-147.93	-158.33	253.03	0	255	0
757	-147.93	-158.33	253.03	0	255	0
757	-147.93	-158.33	253.03	0	255	0
757	-147.93	-158.33	253.03	0	255	0
757	-147.93	-158.33	253.03	0	255	0
757	-147.93	-158.33	253.03	0	255	0
757	-147.93	-158.33	253.03	0	255	0
757	-147.93	-158.33	253.03	0	255	0
757	-147.93	-158.33	253.03	0	255	0
757	-147.93	-158.33	253.03	0	255	0
757	-147.93	-158.33	253.03	0	255	0
757	-147.93	-158.33	253.03	0	255	0
757	-147.93	-158.33	253.03	0	255	0
757	-147.93	-158.33	253.03	0	255	0
757	-147.93	-158.33	253.03	0	255	0
757	-147.93	-158.33	253.03	0	255	0
757	-147.93	-158.33	253.03	0	255	0
757	-147.93	-158.33	253.03	0	255	0
757	-147.93	-158.33	253.03	0	255	0
757	-147.93	-158.33	253.03	0	255	0
757	-147.93	-158.33	253.03	0	255	0
757	-147.93	-158.33	253.03	0	255	0
757	-147.93	-158.33	253.03	0	255	0
757	-147.93	-158.33	253.03	0	255	0
757	-147.93	-158.33	253.03	0	255	0
757	-147.93	-158.33	253.03	0	255	0
757	-147.93	-158.33	253.03	0	255	0
757	-147.93	-158.33	253.03	0	255	0
757	-147.93	-158.33	253.03	0	255	0
757	-147.93	-158.33	253.03	0	255	0
757	-147.93	-158.33	253.03	0	255	0
757	-147.93	-158.33	253.03	0	255	0
757	-147.93	-158.33	253.03	0	255	0
757	-147.93	-158.33	253.03	0	255	0
757	-147.93	-158.33	253.03	0	255	0
757	-147.93	-158.33	253.03	0	255	0
757	-147.93	-158.33	253.03	0	255	0
757	-147.93	-158.33	253.03	0	255	0
757	-147.93	-158.33	253.03	0	255	0
757	-147.93	-158.33	253.03	0	255	0
757	-147.93	-158.33	253.03	0	255	0
757	-147.93	-158.33	253.03	0	255	0
757	-147.93	-158.33	253.03	0	255	0
757	-147.93	-158.33	253.03	0	255	0
757	-147.93	-158.33	253.03	0	255	0
757	-147.93	-158.33	253.03	0	255	0
757	-147.93	-158.33	253.03	0	255	0
757	-147.93	-158.33	253.03	0	255	0
757	-147.93	-158.33	253.03	0	255	0
757	-147.93	-158.33	253.03	0	255	0
757	-147.93	-158.33	253.03	0	255	0
757	-147.93	-158.33	253.03	0	255	0
757	-147.93	-158.33	253.03	0	255	0
757	-147.93	-158.33	253.03	0	255	0
757	-147.93	-158.33	253.03	0	255	0
757	-147.93	-158.33	253.03	0	255	0
757	-147.93	-158.33	253.03	0	255	0
757	-147.93	-158.33	253.03	0	255	0
757	-147.93	-158.33	253.03	0	255	0
757	-147.93	-158.33	253.03	0	255	0
757	-147.93	-158.33	253.03	0	255	0
757	-147.93	-158.33	253.03	0	255	0
757	-147.93	-158.33	253.03	0	255	0
757	-147.93	-158.33	253.03	0	255	0
757	-147.93	-158.33	253.03	0	255	0
757	-147.93	-158.33	253.03	0	255	0
757	-147.93	-158.33	253.03	0	255	0
757	-147.93	-158.33	253.03	0	255	0
757	-147.93	-158.33	253.03	0	255	0
757	-147.93	-158.33	253.03	0	255	0
757	-147.93	-158.33	253.03	0	255	0
757	-147.93	-158.33	253.03	0	255	0
757	-147.93	-158.33	253.03	0	255	0
757	-147.93	-158.33	253.03	0	255	0
757	-147.93	-158.33	253.03	0	255	0
757	-147.93	-158.33	253.03	0	255	0
757	-147.93	-158.33	253.03	0	255	0
757	-147.93	-158.33	253.03	0	255	0
757	-147.93	-158.33	253.03	0	255	0
757	-147.93	-158.33	253.03	0	255	0
757	-147.93	-158.33	253.03	0	255	0
757	-147.93	-158.33	253.03	0	255	0
757	-147.93	-158.33	253.03	0	255	0
757	-147.93	-158.33	253.03	0	255	0
757	-147.93	-158.33	253.03	0	255	0
757	-147.93	-158.33	253.03	0	255	0
757	-147.93	-158.33	253.03	0	255	0
757	-147.93	-158.33	253.03	0	255	0
757	-147.93	-158.33	253.03	0	255	0
757	-147.93	-158.33	253.03	0	255	0
757	-147.93	-158.33	253.03	0	255	0
757	-147.93	-158.33	253.03	0	255	0
757	-147.93	-158.33	253.03	0	255	0
757	-147.93	-158.33	253.03	0	255	0
757	-147.93	-158.33	253.03	0	255	0
757	-147.93	-158.33	253.03	0	255	0
757	-147.93	-158.33	253.03	0	255	0
757	-147.93	-158.33	253.03	0	255	0
757	-147.93	-158.33	253.03	0	255	0
757	-147.93	-158.33	253.03	0	255	0
757	-147.93	-158.33	253.03	0	255	0
757	-147.93	-158.33	253.03	0	255	0
757	-147.93	-158.33	253.03	0	255	0
757	-147.93	-158.33	253.03	0	255	0
757	-147.93	-158.33	253.03	0	255	0
757	-147.93	-158.33	253.03	0	255	0
757	-147.93	-158.33	253.03	0	255	0
757	-147.93	-158.33	253.03	0	255	0
757	-147.93	-158.33	253.03	0	255	0
757	-147.93	-158.33	253.03	0	255	0
