761	-168.78	-161.63	240.95	0	255	0
761	-168.78	-161.63	240.95	0	255	0
761	-168.78	-161.63	240.95	0	255	0
761	-168.78	-161.63	240.95	0	255	0
761	-168.78	-161.63	240.95	0	255	0
761	-168.78	-161.63	240.95	0	255	0
761	-168.78	-161.63	240.95	0	255	0
761	-168.78	-161.63	240.95	0	255	0
761	-168.78	-161.63	240.95	0	255	0
761	-168.78	-161.63	240.95	0	255	0
761	-168.78	-161.63	240.95	0	255	0
761	-168.78	-161.63	240.95	0	255	0
761	-168.78	-161.63	240.95	0	255	0
761	-168.78	-161.63	240.95	0	255	0
761	-168.78	-161.63	240.95	0	255	0
761	-168.78	-161.63	240.95	0	255	0
761	-168.78	-161.63	240.95	0	255	0
761	-168.78	-161.63	240.95	0	255	0
761	-168.78	-161.63	240.95	0	255	0
761	-168.78	-161.63	240.95	0	255	0
761	-168.78	-161.63	240.95	0	255	0
761	-168.78	-161.63	240.95	0	255	0
761	-168.78	-161.63	240.95	0	255	0
761	-168.78	-161.63	240.95	0	255	0
761	-168.78	-161.63	240.95	0	255	0
761	-168.78	-161.63	240.95	0	255	0
761	-168.78	-161.63	240.95	0	255	0
761	-168.78	-161.63	240.95	0	255	0
761	-168.78	-161.63	240.95	0	255	0
761	-168.78	-161.63	240.95	0	255	0
761	-168.78	-161.63	240.95	0	255	0
761	-168.79	-161.63	240.95	0	255	0
761	-168.79	-161.63	240.95	0	255	0
761	-168.79	-161.64	240.96	0	255	0
761	-168.8	-161.64	240.96	0	255	0
761	-168.81	-161.64	240.97	0	255	0
761	-168.82	-161.64	240.98	0	255	0
761	-168.83	-161.65	240.98	0	255	0
761	-168.84	-161.65	240.99	0	255	0
761	-168.85	-161.66	241.01	0	255	0
761	-168.87	-161.66	241.02	0	255	0
761	-168.88	-161.67	241.03	0	255	0
761	-168.9	-161.68	241.05	0	255	0
761	-168.92	-161.69	241.06	0	255	0
761	-168.94	-161.69	241.08	0	255	0
761	-168.97	-161.7	241.1	0	255	0
761	-168.99	-161.71	241.12	0	255	0
761	-169.01	-161.72	241.14	0	255	0
761	-169.04	-161.73	241.16	0	255	0
761	-169.07	-161.74	241.18	0	255	0
761	-169.1	-161.75	241.2	0	255	0
761	-169.13	-161.76	241.23	0	255	0
761	-169.16	-161.78	241.25	0	255	0
761	-169.19	-161.79	241.28	0	255	0
761	-169.23	-161.8	241.3	0	255	0
761	-169.26	-161.81	241.33	0	255	0
761	-169.3	-161.83	241.36	0	255	0
761	-169.34	-161.84	241.39	0	255	0
761	-169.37	-161.86	241.42	0	255	0
761	-169.41	-161.87	241.45	0	255	0
761	-169.45	-161.89	241.49	0	255	0
761	-169.5	-161.9	241.52	0	255	0
761	-169.54	-161.92	241.55	0	255	0
761	-169.58	-161.94	241.59	0	255	0
761	-169.63	-161.95	241.62	0	255	0
761	-169.67	-161.97	241.66	0	255	0
761	-169.72	-161.99	241.7	0	255	0
761	-169.77	-162.01	241.74	0	255	0
761	-169.81	-162.02	241.77	0	255	0
761	-169.86	-162.04	241.81	0	255	0
761	-169.91	-162.06	241.85	0	255	0
761	-169.96	-162.08	241.89	0	255	0
761	-170.01	-162.1	241.94	0	255	0
761	-170.07	-162.12	241.98	0	255	0
761	-170.12	-162.14	242.02	0	255	0
761	-170.17	-162.16	242.06	0	255	0
761	-170.23	-162.18	242.11	0	255	0
761	-170.28	-162.2	242.15	0	255	0
761	-170.34	-162.22	242.19	0	255	0
761	-170.39	-162.25	242.24	0	255	0
761	-170.45	-162.27	242.28	0	255	0
761	-170.51	-162.29	242.33	0	255	0
761	-170.57	-162.31	242.38	0	255	0
761	-170.62	-162.33	242.42	0	255	0
761	-170.68	-162.36	242.47	0	255	0
761	-170.74	-162.38	242.52	0	255	0
761	-170.8	-162.4	242.57	0	255	0
761	-170.86	-162.42	242.61	0	255	0
761	-170.92	-162.45	242.66	0	255	0
761	-170.98	-162.47	242.71	0	255	0
761	-171.05	-162.49	242.76	0	255	0
761	-171.11	-162.52	242.81	0	255	0
761	-171.17	-162.54	242.86	0	255	0
761	-171.23	-162.56	242.91	0	255	0
761	-171.29	-162.59	242.96	0	255	0
761	-171.36	-162.61	243.01	0	255	0
761	-171.42	-162.64	243.06	0	255	0
761	-171.48	-162.66	243.11	0	255	0
761	-171.55	-162.68	243.16	0	255	0
761	-171.61	-162.71	243.21	0	255	0
761	-171.67	-162.73	243.26	0	255	0
761	-171.74	-162.76	243.31	0	255	0
761	-171.8	-162.78	243.36	0	255	0
761	-171.87	-162.81	243.42	0	255	0
761	-171.93	-162.83	243.47	0	255	0
761	-171.99	-162.85	243.52	0	255	0
761	-172.06	-162.88	243.57	0	255	0
761	-172.12	-162.9	243.62	0	255	0
761	-172.19	-162.93	243.67	0	255	0
761	-172.25	-162.95	243.72	0	255	0
761	-172.31	-162.98	243.77	0	255	0
761	-172.38	-163.0	243.82	0	255	0
761	-172.44	-163.02	243.87	0	255	0
761	-172.5	-163.05	243.92	0	255	0
761	-172.57	-163.07	243.98	0	255	0
761	-172.63	-163.1	244.03	0	255	0
761	-172.69	-163.12	244.08	0	255	0
761	-172.75	-163.14	244.13	0	255	0
761	-172.82	-163.17	244.17	0	255	0
761	-172.88	-163.19	244.22	0	255	0
761	-172.94	-163.21	244.27	0	255	0
761	-173.0	-163.24	244.32	0	255	0
761	-173.06	-163.26	244.37	0	255	0
761	-173.12	-163.28	244.42	0	255	0
761	-173.18	-163.31	244.47	0	255	0
761	-173.24	-163.33	244.51	0	255	0
761	-173.3	-163.35	244.56	0	255	0
761	-173.36	-163.37	244.61	0	255	0
761	-173.41	-163.39	244.65	0	255	0
761	-173.47	-163.42	244.7	0	255	0
761	-173.53	-163.44	244.74	0	255	0
761	-173.58	-163.46	244.79	0	255	0
761	-173.64	-163.48	244.83	0	255	0
761	-173.7	-163.5	244.88	0	255	0
761	-173.75	-163.52	244.92	0	255	0
761	-173.8	-163.54	244.96	0	255	0
761	-173.86	-163.56	245.01	0	255	0
761	-173.91	-163.58	245.05	0	255	0
761	-173.96	-163.6	245.09	0	255	0
761	-174.01	-163.62	245.13	0	255	0
761	-174.06	-163.64	245.17	0	255	0
761	-174.11	-163.66	245.21	0	255	0
761	-174.16	-163.68	245.25	0	255	0
761	-174.2	-163.7	245.29	0	255	0
761	-174.25	-163.71	245.32	0	255	0
761	-174.3	-163.73	245.36	0	255	0
761	-174.34	-163.75	245.39	0	255	0
761	-174.38	-163.76	245.43	0	255	0
761	-174.43	-163.78	245.46	0	255	0
761	-174.47	-163.8	245.5	0	255	0
761	-174.51	-163.81	245.53	0	255	0
761	-174.55	-163.83	245.56	0	255	0
761	-174.59	-163.84	245.59	0	255	0
761	-174.63	-163.86	245.62	0	255	0
761	-174.66	-163.87	245.65	0	255	0
761	-174.7	-163.88	245.68	0	255	0
761	-174.73	-163.9	245.71	0	255	0
761	-174.76	-163.91	245.73	0	255	0
761	-174.79	-163.92	245.76	0	255	0
761	-174.83	-163.93	245.78	0	255	0
761	-174.85	-163.94	245.81	0	255	0
761	-174.88	-163.95	245.83	0	255	0
761	-174.91	-163.96	245.85	0	255	0
761	-174.93	-163.97	245.87	0	255	0
761	-174.96	-163.98	245.89	0	255	0
761	-174.98	-163.99	245.91	0	255	0
761	-175.0	-164.0	245.92	0	255	0
761	-175.02	-164.01	245.94	0	255	0
761	-175.04	-164.01	245.95	0	255	0
761	-175.06	-164.02	245.97	0	255	0
761	-175.07	-164.03	245.98	0	255	0
761	-175.09	-164.03	245.99	0	255	0
761	-175.1	-164.04	246.0	0	255	0
761	-175.11	-164.04	246.01	0	255	0
761	-175.12	-164.04	246.01	0	255	0
761	-175.12	-164.05	246.02	0	255	0
761	-175.13	-164.05	246.03	0	255	0
761	-175.13	-164.05	246.03	0	255	0
761	-175.14	-164.05	246.03	0	255	0
761	-175.14	-164.05	246.03	0	255	0
761	-175.14	-164.05	246.03	0	255	0
761	-175.13	-164.05	246.03	0	255	0
761	-175.13	-164.05	246.03	0	255	0
761	-175.12	-164.05	246.02	0	255	0
761	-175.12	-164.04	246.02	0	255	0
761	-175.11	-164.04	246.01	0	255	0
761	-175.1	-164.04	246.0	0	255	0
761	-175.09	-164.03	245.99	0	255	0
761	-175.07	-164.03	245.98	0	255	0
761	-175.06	-164.02	245.97	0	255	0
761	-175.04	-164.01	245.95	0	255	0
761	-175.02	-164.01	245.94	0	255	0
761	-175.0	-164.0	245.93	0	255	0
761	-174.98	-163.99	245.91	0	255	0
761	-174.96	-163.98	245.89	0	255	0
761	-174.94	-163.98	245.87	0	255	0
761	-174.91	-163.97	245.85	0	255	0
761	-174.89	-163.96	245.83	0	255	0
761	-174.86	-163.95	245.81	0	255	0
761	-174.83	-163.93	245.79	0	255	0
761	-174.8	-163.92	245.76	0	255	0
761	-174.77	-163.91	245.74	0	255	0
761	-174.74	-163.9	245.71	0	255	0
761	-174.71	-163.89	245.69	0	255	0
761	-174.67	-163.87	245.66	0	255	0
761	-174.64	-163.86	245.63	0	255	0
761	-174.6	-163.85	245.6	0	255	0
761	-174.56	-163.83	245.57	0	255	0
761	-174.52	-163.82	245.54	0	255	0
761	-174.49	-163.8	245.51	0	255	0
761	-174.44	-163.79	245.48	0	255	0
761	-174.4	-163.77	245.44	0	255	0
761	-174.36	-163.75	245.41	0	255	0
761	-174.32	-163.74	245.38	0	255	0
761	-174.27	-163.72	245.34	0	255	0
761	-174.23	-163.7	245.3	0	255	0
761	-174.18	-163.69	245.27	0	255	0
761	-174.13	-163.67	245.23	0	255	0
761	-174.09	-163.65	245.19	0	255	0
761	-174.04	-163.63	245.15	0	255	0
761	-173.99	-163.61	245.11	0	255	0
761	-173.94	-163.59	245.07	0	255	0
761	-173.89	-163.57	245.03	0	255	0
761	-173.83	-163.55	244.99	0	255	0
761	-173.78	-163.53	244.95	0	255	0
761	-173.73	-163.51	244.9	0	255	0
761	-173.67	-163.49	244.86	0	255	0
761	-173.62	-163.47	244.82	0	255	0
761	-173.57	-163.45	244.77	0	255	0
761	-173.51	-163.43	244.73	0	255	0
761	-173.45	-163.41	244.68	0	255	0
761	-173.4	-163.39	244.64	0	255	0
761	-173.34	-163.37	244.59	0	255	0
761	-173.28	-163.34	244.55	0	255	0
761	-173.22	-163.32	244.5	0	255	0
761	-173.16	-163.3	244.45	0	255	0
761	-173.11	-163.28	244.41	0	255	0
761	-173.05	-163.25	244.36	0	255	0
761	-172.99	-163.23	244.31	0	255	0
761	-172.93	-163.21	244.26	0	255	0
761	-172.87	-163.19	244.21	0	255	0
761	-172.8	-163.16	244.17	0	255	0
761	-172.74	-163.14	244.12	0	255	0
761	-172.68	-163.12	244.07	0	255	0
761	-172.62	-163.09	244.02	0	255	0
761	-172.56	-163.07	243.97	0	255	0
761	-172.5	-163.05	243.92	0	255	0
761	-172.43	-163.02	243.87	0	255	0
761	-172.37	-163.0	243.82	0	255	0
761	-172.31	-162.97	243.77	0	255	0
761	-172.25	-162.95	243.72	0	255	0
761	-172.18	-162.93	243.67	0	255	0
761	-172.12	-162.9	243.62	0	255	0
761	-172.06	-162.88	243.57	0	255	0
761	-171.99	-162.85	243.52	0	255	0
761	-171.93	-162.83	243.47	0	255	0
761	-171.87	-162.81	243.42	0	255	0
761	-171.8	-162.78	243.37	0	255	0
761	-171.74	-162.76	243.32	0	255	0
761	-171.68	-162.73	243.27	0	255	0
761	-171.61	-162.71	243.21	0	255	0
761	-171.55	-162.69	243.16	0	255	0
761	-171.49	-162.66	243.11	0	255	0
761	-171.43	-162.64	243.06	0	255	0
761	-171.37	-162.61	243.02	0	255	0
761	-171.3	-162.59	242.97	0	255	0
761	-171.24	-162.57	242.92	0	255	0
761	-171.18	-162.54	242.87	0	255	0
761	-171.12	-162.52	242.82	0	255	0
761	-171.06	-162.5	242.77	0	255	0
761	-171.0	-162.47	242.72	0	255	0
761	-170.94	-162.45	242.67	0	255	0
761	-170.88	-162.43	242.62	0	255	0
761	-170.82	-162.41	242.58	0	255	0
761	-170.76	-162.38	242.53	0	255	0
761	-170.7	-162.36	242.48	0	255	0
761	-170.64	-162.34	242.44	0	255	0
761	-170.58	-162.32	242.39	0	255	0
761	-170.53	-162.3	242.34	0	255	0
761	-170.47	-162.27	242.3	0	255	0
761	-170.41	-162.25	242.25	0	255	0
761	-170.36	-162.23	242.21	0	255	0
761	-170.3	-162.21	242.17	0	255	0
761	-170.25	-162.19	242.12	0	255	0
761	-170.19	-162.17	242.08	0	255	0
761	-170.14	-162.15	242.04	0	255	0
761	-170.09	-162.13	241.99	0	255	0
761	-170.04	-162.11	241.95	0	255	0
761	-169.99	-162.09	241.91	0	255	0
761	-169.94	-162.07	241.87	0	255	0
761	-169.89	-162.05	241.83	0	255	0
761	-169.84	-162.03	241.79	0	255	0
761	-169.79	-162.02	241.76	0	255	0
761	-169.74	-162.0	241.72	0	255	0
761	-169.7	-161.98	241.68	0	255	0
761	-169.65	-161.96	241.64	0	255	0
761	-169.61	-161.95	241.61	0	255	0
761	-169.56	-161.93	241.57	0	255	0
761	-169.52	-161.91	241.54	0	255	0
761	-169.48	-161.9	241.51	0	255	0
761	-169.44	-161.88	241.47	0	255	0
761	-169.4	-161.87	241.44	0	255	0
761	-169.36	-161.85	241.41	0	255	0
761	-169.32	-161.84	241.38	0	255	0
761	-169.29	-161.82	241.35	0	255	0
761	-169.25	-161.81	241.32	0	255	0
761	-169.22	-161.8	241.3	0	255	0
761	-169.18	-161.78	241.27	0	255	0
761	-169.15	-161.77	241.24	0	255	0
761	-169.12	-161.76	241.22	0	255	0
761	-169.09	-161.75	241.2	0	255	0
761	-169.06	-161.74	241.17	0	255	0
761	-169.03	-161.73	241.15	0	255	0
761	-169.01	-161.72	241.13	0	255	0
761	-168.98	-161.71	241.11	0	255	0
761	-168.96	-161.7	241.09	0	255	0
761	-168.94	-161.69	241.07	0	255	0
761	-168.92	-161.68	241.06	0	255	0
761	-168.9	-161.68	241.04	0	255	0
761	-168.88	-161.67	241.03	0	255	0
761	-168.86	-161.66	241.02	0	255	0
761	-168.85	-161.66	241.0	0	255	0
761	-168.84	-161.65	240.99	0	255	0
761	-168.82	-161.65	240.98	0	255	0
761	-168.81	-161.64	240.98	0	255	0
761	-168.81	-161.64	240.97	0	255	0
761	-168.8	-161.64	240.96	0	255	0
761	-168.79	-161.64	240.96	0	255	0
761	-168.79	-161.63	240.95	0	255	0
761	-168.79	-161.63	240.95	0	255	0
761	-168.78	-161.63	240.95	0	255	0
761	-168.78	-161.63	240.95	0	255	0
761	-168.78	-161.63	240.95	0	255	0
761	-168.78	-161.63	240.95	0	255	0
761	-168.78	-161.63	240.95	0	255	0
761	-168.78	-161.63	240.95	0	255	0
761	-168.78	-161.63	240.95	0	255	0
761	-168.78	-161.63	240.95	0	255	0
761	-168.78	-161.63	240.95	0	255	0
761	-168.78	-161.63	240.95	0	255	0
761	-168.78	-161.63	240.95	0	255	0
761	-168.78	-161.63	240.95	0	255	0
761	-168.78	-161.63	240.95	0	255	0
761	-168.78	-161.63	240.95	0	255	0
761	-168.78	-161.63	240.95	0	255	0
761	-168.78	-161.63	240.95	0	255	0
761	-168.78	-161.63	240.95	0	255	0
761	-168.78	-161.63	240.95	0	255	0
761	-168.78	-161.63	240.95	0	255	0
761	-168.78	-161.63	240.95	0	255	0
761	-168.78	-161.63	240.95	0	255	0
761	-168.78	-161.63	240.95	0	255	0
761	-168.78	-161.63	240.95	0	255	0
761	-168.78	-161.63	240.95	0	255	0
761	-168.78	-161.63	240.95	0	255	0
761	-168.78	-161.63	240.95	0	255	0
761	-168.78	-161.63	240.95	0	255	0
761	-168.78	-161.63	240.95	0	255	0
761	-168.78	-161.63	240.95	0	255	0
761	-168.78	-161.63	240.95	0	255	0
761	-168.78	-161.63	240.95	0	255	0
761	-168.78	-161.63	240.95	0	255	0
761	-168.78	-161.63	240.95	0	255	0
761	-168.78	-161.63	240.95	0	255	0
761	-168.78	-161.63	240.95	0	255	0
761	-168.78	-161.63	240.95	0	255	0
761	-168.78	-161.63	240.95	0	255	0
761	-168.78	-161.63	240.95	0	255	0
761	-168.78	-161.63	240.95	0	255	0
761	-168.78	-161.63	240.95	0	255	0
761	-168.78	-161.63	240.95	0	255	0
761	-168.78	-161.63	240.95	0	255	0
761	-168.78	-161.63	240.95	0	255	0
761	-168.78	-161.63	240.95	0	255	0
761	-168.78	-161.63	240.95	0	255	0
761	-168.78	-161.63	240.95	0	255	0
761	-168.78	-161.63	240.95	0	255	0
761	-168.78	-161.63	240.95	0	255	0
761	-168.78	-161.63	240.95	0	255	0
761	-168.78	-161.63	240.95	0	255	0
761	-168.78	-161.63	240.95	0	255	0
761	-168.78	-161.63	240.95	0	255	0
761	-168.78	-161.63	240.95	0	255	0
761	-168.78	-161.63	240.95	0	255	0
761	-168.78	-161.63	240.95	0	255	0
761	-168.78	-161.63	240.95	0	255	0
761	-168.78	-161.63	240.95	0	255	0
761	-168.78	-161.63	240.95	0	255	0
761	-168.78	-161.63	240.95	0	255	0
761	-168.78	-161.63	240.95	0	255	0
761	-168.78	-161.63	240.95	0	255	0
761	-168.78	-161.63	240.95	0	255	0
761	-168.78	-161.63	240.95	0	255	0
761	-168.78	-161.63	240.95	0	255	0
761	-168.78	-161.63	240.95	0	255	0
761	-168.78	-161.63	240.95	0	255	0
761	-168.78	-161.63	240.95	0	255	0
761	-168.78	-161.63	240.95	0	255	0
761	-168.78	-161.63	240.95	0	255	0
761	-168.78	-161.63	240.95	0	255	0
761	-168.78	-161.63	240.95	0	255	0
761	-168.78	-161.63	240.95	0	255	0
761	-168.78	-161.63	240.95	0	255	0
761	-168.78	-161.63	240.95	0	255	0
761	-168.78	-161.63	240.95	0	255	0
761	-168.78	-161.63	240.95	0	255	0
761	-168.78	-161.63	240.95	0	255	0
761	-168.78	-161.63	240.95	0	255	0
761	-168.78	-161.63	240.95	0	255	0
761	-168.78	-161.63	240.95	0	255	0
761	-168.78	-161.63	240.95	0	255	0
761	-168.78	-161.63	240.95	0	255	0
761	-168.78	-161.63	240.95	0	255	0
761	-168.78	-161.63	240.95	0	255	0
761	-168.78	-161.63	240.95	0	255	0
761	-168.78	-161.63	240.95	0	255	0
761	-168.78	-161.63	240.95	0	255	0
761	-168.78	-161.63	240.95	0	255	0
761	-168.78	-161.63	240.95	0	255	0
761	-168.78	-161.63	240.95	0	255	0
761	-168.78	-161.63	240.95	0	255	0
761	-168.78	-161.63	240.95	0	255	0
761	-168.78	-161.63	240.95	0	255	0
761	-168.78	-161.63	240.95	0	255	0
761	-168.78	-161.63	240.95	0	255	0
761	-168.78	-161.63	240.95	0	255	0
761	-168.78	-161.63	240.95	0	255	0
761	-168.78	-161.63	240.95	0	255	0
761	-168.78	-161.63	240.95	0	255	0
761	-168.78	-161.63	240.95	0	255	0
761	-168.78	-161.63	240.95	0	255	0
761	-168.78	-161.63	240.95	0	255	0
761	-168.78	-161.63	240.95	0	255	0
761	-168.78	-161.63	240.95	0	255	0
761	-168.78	-161.63	240.95	0	255	0
761	-168.78	-161.63	240.95	0	255	0
761	-168.78	-161.63	240.95	0	255	0
761	-168.78	-161.63	240.95	0	255	0
761	-168.78	-161.63	240.95	0	255	0
761	-168.78	-161.63	240.95	0	255	0
761	-168.78	-161.63	240.95	0	255	0
761	-168.78	-161.63	240.95	0	255	0
761	-168.78	-161.63	240.95	0	255	0
761	-168.78	-161.63	240.95	0	255	0
761	-168.78	-161.63	240.95	0	255	0
761	-168.78	-161.63	240.95	0	255	0
761	-168.78	-161.63	240.95	0	255	0
761	-168.78	-161.63	240.95	0	255	0
761	-168.78	-161.63	240.95	0	255	0
761	-168.78	-161.63	240.95	0	255	0
761	-168.78	-161.63	240.95	0	255	0
