770	-112.18	-152.67	266.96	0	255	0
770	-112.18	-152.67	266.96	0	255	0
770	-112.18	-152.67	266.96	0	255	0
770	-112.18	-152.67	266.96	0	255	0
770	-112.18	-152.67	266.96	0	255	0
770	-112.18	-152.67	266.96	0	255	0
770	-112.18	-152.67	266.96	0	255	0
770	-112.18	-152.67	266.96	0	255	0
770	-112.18	-152.67	266.96	0	255	0
770	-112.18	-152.67	266.96	0	255	0
770	-112.18	-152.67	266.96	0	255	0
770	-112.18	-152.67	266.96	0	255	0
770	-112.18	-152.67	266.96	0	255	0
770	-112.18	-152.67	266.96	0	255	0
770	-112.18	-152.67	266.96	0	255	0
770	-112.18	-152.67	266.96	0	255	0
770	-112.18	-152.67	266.96	0	255	0
770	-112.18	-152.67	266.96	0	255	0
770	-112.18	-152.67	266.96	0	255	0
770	-112.18	-152.67	266.96	0	255	0
770	-112.18	-152.67	266.96	0	255	0
770	-112.18	-152.67	266.96	0	255	0
770	-112.18	-152.67	266.96	0	255	0
770	-112.18	-152.67	266.96	0	255	0
770	-112.18	-152.67	266.96	0	255	0
770	-112.18	-152.67	266.96	0	255	0
770	-112.18	-152.67	266.96	0	255	0
770	-112.18	-152.67	266.96	0	255	0
770	-112.18	-152.67	266.96	0	255	0
770	-112.18	-152.67	266.96	0	255	0
770	-112.18	-152.67	266.96	0	255	0
770	-112.18	-152.67	266.96	0	255	0
770	-112.18	-152.67	266.97	0	255	0
770	-112.18	-152.67	266.97	0	255	0
770	-112.17	-152.67	266.98	0	255	0
770	-112.17	-152.67	266.99	0	255	0
770	-112.17	-152.67	267.0	0	255	0
770	-112.17	-152.68	267.02	0	255	0
770	-112.17	-152.68	267.03	0	255	0
770	-112.17	-152.68	267.05	0	255	0
770	-112.17	-152.68	267.07	0	255	0
770	-112.16	-152.69	267.09	0	255	0
770	-112.16	-152.69	267.12	0	255	0
770	-112.16	-152.69	267.14	0	255	0
770	-112.15	-152.7	267.17	0	255	0
770	-112.15	-152.7	267.2	0	255	0
770	-112.15	-152.71	267.23	0	255	0
770	-112.15	-152.71	267.26	0	255	0
770	-112.14	-152.72	267.3	0	255	0
770	-112.14	-152.72	267.34	0	255	0
770	-112.13	-152.73	267.38	0	255	0
770	-112.13	-152.74	267.42	0	255	0
770	-112.13	-152.74	267.46	0	255	0
770	-112.12	-152.75	267.5	0	255	0
770	-112.12	-152.76	267.55	0	255	0
770	-112.11	-152.76	267.59	0	255	0
770	-112.11	-152.77	267.64	0	255	0
770	-112.1	-152.78	267.69	0	255	0
770	-112.1	-152.79	267.74	0	255	0
770	-112.09	-152.79	267.79	0	255	0
770	-112.09	-152.8	267.85	0	255	0
770	-112.08	-152.81	267.9	0	255	0
770	-112.07	-152.82	267.96	0	255	0
770	-112.07	-152.83	268.01	0	255	0
770	-112.06	-152.84	268.07	0	255	0
770	-112.06	-152.85	268.13	0	255	0
770	-112.05	-152.85	268.19	0	255	0
770	-112.04	-152.86	268.26	0	255	0
770	-112.04	-152.87	268.32	0	255	0
770	-112.03	-152.88	268.39	0	255	0
770	-112.02	-152.89	268.45	0	255	0
770	-112.02	-152.9	268.52	0	255	0
770	-112.01	-152.91	268.59	0	255	0
770	-112.0	-152.92	268.66	0	255	0
770	-112.0	-152.94	268.73	0	255	0
770	-111.99	-152.95	268.8	0	255	0
770	-111.98	-152.96	268.87	0	255	0
770	-111.97	-152.97	268.94	0	255	0
770	-111.97	-152.98	269.01	0	255	0
770	-111.96	-152.99	269.09	0	255	0
770	-111.95	-153.0	269.16	0	255	0
770	-111.94	-153.01	269.24	0	255	0
770	-111.94	-153.02	269.31	0	255	0
770	-111.93	-153.04	269.39	0	255	0
770	-111.92	-153.05	269.47	0	255	0
770	-111.91	-153.06	269.55	0	255	0
770	-111.9	-153.07	269.63	0	255	0
770	-111.9	-153.08	269.71	0	255	0
770	-111.89	-153.1	269.79	0	255	0
770	-111.88	-153.11	269.87	0	255	0
770	-111.87	-153.12	269.95	0	255	0
770	-111.86	-153.13	270.03	0	255	0
770	-111.85	-153.15	270.11	0	255	0
770	-111.85	-153.16	270.19	0	255	0
770	-111.84	-153.17	270.28	0	255	0
770	-111.83	-153.18	270.36	0	255	0
770	-111.82	-153.2	270.44	0	255	0
770	-111.81	-153.21	270.53	0	255	0
770	-111.8	-153.22	270.61	0	255	0
770	-111.8	-153.23	270.69	0	255	0
770	-111.79	-153.25	270.78	0	255	0
770	-111.78	-153.26	270.86	0	255	0
770	-111.77	-153.27	270.95	0	255	0
770	-111.76	-153.29	271.03	0	255	0
770	-111.75	-153.3	271.12	0	255	0
770	-111.74	-153.31	271.2	0	255	0
770	-111.73	-153.32	271.28	0	255	0
770	-111.73	-153.34	271.37	0	255	0
770	-111.72	-153.35	271.45	0	255	0
770	-111.71	-153.36	271.54	0	255	0
770	-111.7	-153.38	271.62	0	255	0
770	-111.69	-153.39	271.71	0	255	0
770	-111.68	-153.4	271.79	0	255	0
770	-111.67	-153.41	271.87	0	255	0
770	-111.67	-153.43	271.96	0	255	0
770	-111.66	-153.44	272.04	0	255	0
770	-111.65	-153.45	272.12	0	255	0
770	-111.64	-153.46	272.2	0	255	0
770	-111.63	-153.48	272.29	0	255	0
770	-111.62	-153.49	272.37	0	255	0
770	-111.62	-153.5	272.45	0	255	0
770	-111.61	-153.51	272.53	0	255	0
770	-111.6	-153.53	272.61	0	255	0
770	-111.59	-153.54	272.69	0	255	0
770	-111.58	-153.55	272.77	0	255	0
770	-111.58	-153.56	272.85	0	255	0
770	-111.57	-153.57	272.92	0	255	0
770	-111.56	-153.59	273.0	0	255	0
770	-111.55	-153.6	273.08	0	255	0
770	-111.54	-153.61	273.15	0	255	0
770	-111.54	-153.62	273.23	0	255	0
770	-111.53	-153.63	273.3	0	255	0
770	-111.52	-153.64	273.38	0	255	0
770	-111.51	-153.65	273.45	0	255	0
770	-111.51	-153.66	273.52	0	255	0
770	-111.5	-153.67	273.59	0	255	0
770	-111.49	-153.69	273.66	0	255	0
770	-111.49	-153.7	273.73	0	255	0
770	-111.48	-153.71	273.8	0	255	0
770	-111.47	-153.72	273.86	0	255	0
770	-111.46	-153.73	273.93	0	255	0
770	-111.46	-153.74	274.0	0	255	0
770	-111.45	-153.75	274.06	0	255	0
770	-111.45	-153.76	274.12	0	255	0
770	-111.44	-153.76	274.18	0	255	0
770	-111.43	-153.77	274.24	0	255	0
770	-111.43	-153.78	274.3	0	255	0
770	-111.42	-153.79	274.36	0	255	0
770	-111.42	-153.8	274.42	0	255	0
770	-111.41	-153.81	274.47	0	255	0
770	-111.4	-153.82	274.52	0	255	0
770	-111.4	-153.82	274.58	0	255	0
770	-111.39	-153.83	274.63	0	255	0
770	-111.39	-153.84	274.68	0	255	0
770	-111.38	-153.85	274.72	0	255	0
770	-111.38	-153.85	274.77	0	255	0
770	-111.37	-153.86	274.82	0	255	0
770	-111.37	-153.87	274.86	0	255	0
770	-111.37	-153.87	274.9	0	255	0
770	-111.36	-153.88	274.94	0	255	0
770	-111.36	-153.89	274.98	0	255	0
770	-111.35	-153.89	275.02	0	255	0
770	-111.35	-153.9	275.05	0	255	0
770	-111.35	-153.9	275.08	0	255	0
770	-111.34	-153.91	275.12	0	255	0
770	-111.34	-153.91	275.15	0	255	0
770	-111.34	-153.92	275.17	0	255	0
770	-111.34	-153.92	275.2	0	255	0
770	-111.33	-153.92	275.22	0	255	0
770	-111.33	-153.93	275.25	0	255	0
770	-111.33	-153.93	275.27	0	255	0
770	-111.33	-153.93	275.28	0	255	0
770	-111.33	-153.93	275.3	0	255	0
770	-111.32	-153.94	275.31	0	255	0
770	-111.32	-153.94	275.33	0	255	0
770	-111.32	-153.94	275.34	0	255	0
770	-111.32	-153.94	275.34	0	255	0
770	-111.32	-153.94	275.35	0	255	0
770	-111.32	-153.94	275.35	0	255	0
770	-111.32	-153.94	275.35	0	255	0
770	-111.32	-153.94	275.35	0	255	0
770	-111.32	-153.94	275.35	0	255	0
770	-111.32	-153.94	275.34	0	255	0
770	-111.32	-153.94	275.34	0	255	0
770	-111.32	-153.94	275.33	0	255	0
770	-111.32	-153.94	275.32	0	255	0
770	-111.32	-153.94	275.3	0	255	0
770	-111.33	-153.93	275.29	0	255	0
770	-111.33	-153.93	275.27	0	255	0
770	-111.33	-153.93	275.25	0	255	0
770	-111.33	-153.92	275.23	0	255	0
770	-111.33	-153.92	275.2	0	255	0
770	-111.34	-153.92	275.18	0	255	0
770	-111.34	-153.91	275.15	0	255	0
770	-111.34	-153.91	275.12	0	255	0
770	-111.35	-153.9	275.09	0	255	0
770	-111.35	-153.9	275.06	0	255	0
770	-111.35	-153.89	275.02	0	255	0
770	-111.36	-153.89	274.99	0	255	0
770	-111.36	-153.88	274.95	0	255	0
770	-111.36	-153.88	274.91	0	255	0
770	-111.37	-153.87	274.87	0	255	0
770	-111.37	-153.86	274.83	0	255	0
770	-111.38	-153.86	274.79	0	255	0
770	-111.38	-153.85	274.74	0	255	0
770	-111.39	-153.84	274.69	0	255	0
770	-111.39	-153.84	274.65	0	255	0
770	-111.4	-153.83	274.6	0	255	0
770	-111.4	-153.82	274.54	0	255	0
770	-111.41	-153.81	274.49	0	255	0
770	-111.41	-153.8	274.44	0	255	0
770	-111.42	-153.8	274.38	0	255	0
770	-111.42	-153.79	274.33	0	255	0
770	-111.43	-153.78	274.27	0	255	0
770	-111.44	-153.77	274.21	0	255	0
770	-111.44	-153.76	274.15	0	255	0
770	-111.45	-153.75	274.09	0	255	0
770	-111.46	-153.74	274.03	0	255	0
770	-111.46	-153.73	273.96	0	255	0
770	-111.47	-153.72	273.9	0	255	0
770	-111.47	-153.71	273.83	0	255	0
770	-111.48	-153.7	273.77	0	255	0
770	-111.49	-153.69	273.7	0	255	0
770	-111.5	-153.68	273.63	0	255	0
770	-111.5	-153.67	273.56	0	255	0
770	-111.51	-153.66	273.49	0	255	0
770	-111.52	-153.65	273.42	0	255	0
770	-111.52	-153.64	273.35	0	255	0
770	-111.53	-153.63	273.28	0	255	0
770	-111.54	-153.62	273.2	0	255	0
770	-111.55	-153.6	273.13	0	255	0
770	-111.55	-153.59	273.05	0	255	0
770	-111.56	-153.58	272.98	0	255	0
770	-111.57	-153.57	272.9	0	255	0
770	-111.58	-153.56	272.83	0	255	0
770	-111.59	-153.55	272.75	0	255	0
770	-111.59	-153.53	272.67	0	255	0
770	-111.6	-153.52	272.59	0	255	0
770	-111.61	-153.51	272.51	0	255	0
770	-111.62	-153.5	272.43	0	255	0
770	-111.63	-153.49	272.35	0	255	0
770	-111.63	-153.47	272.27	0	255	0
770	-111.64	-153.46	272.19	0	255	0
770	-111.65	-153.45	272.11	0	255	0
770	-111.66	-153.44	272.03	0	255	0
770	-111.67	-153.42	271.95	0	255	0
770	-111.68	-153.41	271.86	0	255	0
770	-111.68	-153.4	271.78	0	255	0
770	-111.69	-153.39	271.7	0	255	0
770	-111.7	-153.37	271.62	0	255	0
770	-111.71	-153.36	271.53	0	255	0
770	-111.72	-153.35	271.45	0	255	0
770	-111.73	-153.34	271.37	0	255	0
770	-111.74	-153.32	271.28	0	255	0
770	-111.74	-153.31	271.2	0	255	0
770	-111.75	-153.3	271.12	0	255	0
770	-111.76	-153.29	271.03	0	255	0
770	-111.77	-153.27	270.95	0	255	0
770	-111.78	-153.26	270.87	0	255	0
770	-111.79	-153.25	270.78	0	255	0
770	-111.79	-153.24	270.7	0	255	0
770	-111.8	-153.22	270.62	0	255	0
770	-111.81	-153.21	270.53	0	255	0
770	-111.82	-153.2	270.45	0	255	0
770	-111.83	-153.19	270.37	0	255	0
770	-111.84	-153.17	270.29	0	255	0
770	-111.84	-153.16	270.21	0	255	0
770	-111.85	-153.15	270.13	0	255	0
770	-111.86	-153.14	270.04	0	255	0
770	-111.87	-153.12	269.96	0	255	0
770	-111.88	-153.11	269.88	0	255	0
770	-111.89	-153.1	269.8	0	255	0
770	-111.89	-153.09	269.73	0	255	0
770	-111.9	-153.08	269.65	0	255	0
770	-111.91	-153.06	269.57	0	255	0
770	-111.92	-153.05	269.49	0	255	0
770	-111.93	-153.04	269.41	0	255	0
770	-111.93	-153.03	269.34	0	255	0
770	-111.94	-153.02	269.26	0	255	0
770	-111.95	-153.01	269.19	0	255	0
770	-111.96	-152.99	269.11	0	255	0
770	-111.96	-152.98	269.04	0	255	0
770	-111.97	-152.97	268.97	0	255	0
770	-111.98	-152.96	268.89	0	255	0
770	-111.99	-152.95	268.82	0	255	0
770	-111.99	-152.94	268.75	0	255	0
770	-112.0	-152.93	268.68	0	255	0
770	-112.01	-152.92	268.62	0	255	0
770	-112.01	-152.91	268.55	0	255	0
770	-112.02	-152.9	268.48	0	255	0
770	-112.03	-152.89	268.42	0	255	0
770	-112.03	-152.88	268.35	0	255	0
770	-112.04	-152.87	268.29	0	255	0
770	-112.05	-152.86	268.23	0	255	0
770	-112.05	-152.85	268.17	0	255	0
770	-112.06	-152.84	268.11	0	255	0
770	-112.07	-152.83	268.05	0	255	0
770	-112.07	-152.82	267.99	0	255	0
770	-112.08	-152.81	267.93	0	255	0
770	-112.08	-152.81	267.88	0	255	0
770	-112.09	-152.8	267.82	0	255	0
770	-112.09	-152.79	267.77	0	255	0
770	-112.1	-152.78	267.72	0	255	0
770	-112.1	-152.77	267.67	0	255	0
770	-112.11	-152.77	267.62	0	255	0
770	-112.11	-152.76	267.58	0	255	0
770	-112.12	-152.75	267.53	0	255	0
770	-112.12	-152.75	267.49	0	255	0
770	-112.13	-152.74	267.44	0	255	0
770	-112.13	-152.73	267.4	0	255	0
770	-112.13	-152.73	267.36	0	255	0
770	-112.14	-152.72	267.33	0	255	0
770	-112.14	-152.72	267.29	0	255	0
770	-112.15	-152.71	267.26	0	255	0
770	-112.15	-152.71	267.22	0	255	0
770	-112.15	-152.7	267.19	0	255	0
770	-112.16	-152.7	267.17	0	255	0
770	-112.16	-152.69	267.14	0	255	0
770	-112.16	-152.69	267.11	0	255	0
770	-112.16	-152.69	267.09	0	255	0
770	-112.17	-152.68	267.07	0	255	0
770	-112.17	-152.68	267.05	0	255	0
770	-112.17	-152.68	267.03	0	255	0
770	-112.17	-152.68	267.01	0	255	0
770	-112.17	-152.67	267.0	0	255	0
770	-112.17	-152.67	266.99	0	255	0
770	-112.17	-152.67	266.98	0	255	0
770	-112.18	-152.67	266.97	0	255	0
770	-112.18	-152.67	266.97	0	255	0
770	-112.18	-152.67	266.96	0	255	0
770	-112.18	-152.67	266.96	0	255	0
770	-112.18	-152.67	266.96	0	255	0
770	-112.18	-152.67	266.96	0	255	0
770	-112.18	-152.67	266.96	0	255	0
770	-112.18	-152.67	266.96	0	255	0
770	-112.18	-152.67	266.96	0	255	0
770	-112.18	-152.67	266.96	0	255	0
770	-112.18	-152.67	266.96	0	255	0
770	-112.18	-152.67	266.96	0	255	0
770	-112.18	-152.67	266.96	0	255	0
770	-112.18	-152.67	266.96	0	255	0
770	-112.18	-152.67	266.96	0	255	0
770	-112.18	-152.67	266.96	0	255	0
770	-112.18	-152.67	266.96	0	255	0
770	-112.18	-152.67	266.96	0	255	0
770	-112.18	-152.67	266.96	0	255	0
770	-112.18	-152.67	266.96	0	255	0
770	-112.18	-152.67	266.96	0	255	0
770	-112.18	-152.67	266.96	0	255	0
770	-112.18	-152.67	266.96	0	255	0
770	-112.18	-152.67	266.96	0	255	0
770	-112.18	-152.67	266.96	0	255	0
770	-112.18	-152.67	266.96	0	255	0
770	-112.18	-152.67	266.96	0	255	0
770	-112.18	-152.67	266.96	0	255	0
770	-112.18	-152.67	266.96	0	255	0
770	-112.18	-152.67	266.96	0	255	0
770	-112.18	-152.67	266.96	0	255	0
770	-112.18	-152.67	266.96	0	255	0
770	-112.18	-152.67	266.96	0	255	0
770	-112.18	-152.67	266.96	0	255	0
770	-112.18	-152.67	266.96	0	255	0
770	-112.18	-152.67	266.96	0	255	0
770	-112.18	-152.67	266.96	0	255	0
770	-112.18	-152.67	266.96	0	255	0
770	-112.18	-152.67	266.96	0	255	0
770	-112.18	-152.67	266.96	0	255	0
770	-112.18	-152.67	266.96	0	255	0
770	-112.18	-152.67	266.96	0	255	0
770	-112.18	-152.67	266.96	0	255	0
770	-112.18	-152.67	266.96	0	255	0
770	-112.18	-152.67	266.96	0	255	0
770	-112.18	-152.67	266.96	0	255	0
770	-112.18	-152.67	266.96	0	255	0
770	-112.18	-152.67	266.96	0	255	0
770	-112.18	-152.67	266.96	0	255	0
770	-112.18	-152.67	266.96	0	255	0
770	-112.18	-152.67	266.96	0	255	0
770	-112.18	-152.67	266.96	0	255	0
770	-112.18	-152.67	266.96	0	255	0
770	-112.18	-152.67	266.96	0	255	0
770	-112.18	-152.67	266.96	0	255	0
770	-112.18	-152.67	266.96	0	255	0
770	-112.18	-152.67	266.96	0	255	0
770	-112.18	-152.67	266.96	0	255	0
770	-112.18	-152.67	266.96	0	255	0
770	-112.18	-152.67	266.96	0	255	0
770	-112.18	-152.67	266.96	0	255	0
770	-112.18	-152.67	266.96	0	255	0
770	-112.18	-152.67	266.96	0	255	0
770	-112.18	-152.67	266.96	0	255	0
770	-112.18	-152.67	266.96	0	255	0
770	-112.18	-152.67	266.96	0	255	0
770	-112.18	-152.67	266.96	0	255	0
770	-112.18	-152.67	266.96	0	255	0
770	-112.18	-152.67	266.96	0	255	0
770	-112.18	-152.67	266.96	0	255	0
770	-112.18	-152.67	266.96	0	255	0
770	-112.18	-152.67	266.96	0	255	0
770	-112.18	-152.67	266.96	0	255	0
770	-112.18	-152.67	266.96	0	255	0
770	-112.18	-152.67	266.96	0	255	0
770	-112.18	-152.67	266.96	0	255	0
770	-112.18	-152.67	266.96	0	255	0
770	-112.18	-152.67	266.96	0	255	0
770	-112.18	-152.67	266.96	0	255	0
770	-112.18	-152.67	266.96	0	255	0
770	-112.18	-152.67	266.96	0	255	0
770	-112.18	-152.67	266.96	0	255	0
770	-112.18	-152.67	266.96	0	255	0
770	-112.18	-152.67	266.96	0	255	0
770	-112.18	-152.67	266.96	0	255	0
770	-112.18	-152.67	266.96	0	255	0
770	-112.18	-152.67	266.96	0	255	0
770	-112.18	-152.67	266.96	0	255	0
770	-112.18	-152.67	266.96	0	255	0
770	-112.18	-152.67	266.96	0	255	0
770	-112.18	-152.67	266.96	0	255	0
770	-112.18	-152.67	266.96	0	255	0
770	-112.18	-152.67	266.96	0	255	0
770	-112.18	-152.67	266.96	0	255	0
770	-112.18	-152.67	266.96	0	255	0
770	-112.18	-152.67	266.96	0	255	0
770	-112.18	-152.67	266.96	0	255	0
770	-112.18	-152.67	266.96	0	255	0
770	-112.18	-152.67	266.96	0	255	0
770	-112.18	-152.67	266.96	0	255	0
770	-112.18	-152.67	266.96	0	255	0
770	-112.18	-152.67	266.96	0	255	0
770	-112.18	-152.67	266.96	0	255	0
770	-112.18	-152.67	266.96	0	255	0
770	-112.18	-152.67	266.96	0	255	0
770	-112.18	-152.67	266.96	0	255	0
770	-112.18	-152.67	266.96	0	255	0
770	-112.18	-152.67	266.96	0	255	0
770	-112.18	-152.67	266.96	0	255	0
770	-112.18	-152.67	266.96	0	255	0
770	-112.18	-152.67	266.96	0	255	0
770	-112.18	-152.67	266.96	0	255	0
770	-112.18	-152.67	266.96	0	255	0
770	-112.18	-152.67	266.96	0	255	0
770	-112.18	-152.67	266.96	0	255	0
770	-112.18	-152.67	266.96	0	255	0
770	-112.18	-152.67	266.96	0	255	0
770	-112.18	-152.67	266.96	0	255	0
770	-112.18	-152.67	266.96	0	255	0
770	-112.18	-152.67	266.96	0	255	0
770	-112.18	-152.67	266.96	0	255	0
770	-112.18	-152.67	266.96	0	255	0
770	-112.18	-152.67	266.96	0	255	0
770	-112.18	-152.67	266.96	0	255	0
