792	-58.32	-144.14	207.74	0	255	0
792	-58.32	-144.14	207.74	0	255	0
792	-58.32	-144.14	207.74	0	255	0
792	-58.32	-144.14	207.74	0	255	0
792	-58.32	-144.14	207.74	0	255	0
792	-58.32	-144.14	207.74	0	255	0
792	-58.32	-144.14	207.74	0	255	0
792	-58.32	-144.14	207.74	0	255	0
792	-58.32	-144.14	207.74	0	255	0
792	-58.32	-144.14	207.74	0	255	0
792	-58.32	-144.14	207.74	0	255	0
792	-58.32	-144.14	207.74	0	255	0
792	-58.32	-144.14	207.74	0	255	0
792	-58.32	-144.14	207.74	0	255	0
792	-58.32	-144.14	207.74	0	255	0
792	-58.32	-144.14	207.74	0	255	0
792	-58.32	-144.14	207.74	0	255	0
792	-58.32	-144.14	207.74	0	255	0
792	-58.32	-144.14	207.74	0	255	0
792	-58.32	-144.14	207.74	0	255	0
792	-58.32	-144.14	207.74	0	255	0
792	-58.32	-144.14	207.74	0	255	0
792	-58.32	-144.14	207.74	0	255	0
792	-58.32	-144.14	207.74	0	255	0
792	-58.32	-144.14	207.74	0	255	0
792	-58.32	-144.14	207.74	0	255	0
792	-58.32	-144.14	207.74	0	255	0
792	-58.32	-144.14	207.74	0	255	0
792	-58.32	-144.14	207.74	0	255	0
792	-58.32	-144.14	207.74	0	255	0
792	-58.32	-144.14	207.74	0	255	0
792	-58.31	-144.14	207.74	0	255	0
792	-58.31	-144.14	207.74	0	255	0
792	-58.31	-144.14	207.74	0	255	0
792	-58.3	-144.14	207.74	0	255	0
792	-58.29	-144.14	207.74	0	255	0
792	-58.28	-144.14	207.74	0	255	0
792	-58.27	-144.14	207.74	0	255	0
792	-58.25	-144.14	207.74	0	255	0
792	-58.23	-144.14	207.75	0	255	0
792	-58.22	-144.14	207.75	0	255	0
792	-58.2	-144.14	207.75	0	255	0
792	-58.17	-144.14	207.75	0	255	0
792	-58.15	-144.14	207.75	0	255	0
792	-58.12	-144.14	207.76	0	255	0
792	-58.1	-144.14	207.76	0	255	0
792	-58.07	-144.14	207.76	0	255	0
792	-58.04	-144.14	207.77	0	255	0
792	-58.01	-144.14	207.77	0	255	0
792	-57.97	-144.14	207.77	0	255	0
792	-57.94	-144.15	207.78	0	255	0
792	-57.9	-144.15	207.78	0	255	0
792	-57.86	-144.15	207.79	0	255	0
792	-57.82	-144.15	207.79	0	255	0
792	-57.78	-144.15	207.8	0	255	0
792	-57.74	-144.15	207.8	0	255	0
792	-57.69	-144.15	207.81	0	255	0
792	-57.65	-144.15	207.81	0	255	0
792	-57.6	-144.15	207.82	0	255	0
792	-57.55	-144.16	207.82	0	255	0
792	-57.5	-144.16	207.83	0	255	0
792	-57.45	-144.16	207.83	0	255	0
792	-57.4	-144.16	207.84	0	255	0
792	-57.35	-144.16	207.84	0	255	0
792	-57.29	-144.16	207.85	0	255	0
792	-57.24	-144.16	207.86	0	255	0
792	-57.18	-144.16	207.86	0	255	0
792	-57.12	-144.17	207.87	0	255	0
792	-57.07	-144.17	207.87	0	255	0
792	-57.01	-144.17	207.88	0	255	0
792	-56.95	-144.17	207.89	0	255	0
792	-56.88	-144.17	207.89	0	255	0
792	-56.82	-144.17	207.9	0	255	0
792	-56.76	-144.17	207.91	0	255	0
792	-56.69	-144.18	207.91	0	255	0
792	-56.63	-144.18	207.92	0	255	0
792	-56.56	-144.18	207.93	0	255	0
792	-56.5	-144.18	207.94	0	255	0
792	-56.43	-144.18	207.94	0	255	0
792	-56.36	-144.18	207.95	0	255	0
792	-56.29	-144.19	207.96	0	255	0
792	-56.22	-144.19	207.97	0	255	0
792	-56.15	-144.19	207.97	0	255	0
792	-56.08	-144.19	207.98	0	255	0
792	-56.01	-144.19	207.99	0	255	0
792	-55.94	-144.19	208.0	0	255	0
792	-55.87	-144.2	208.01	0	255	0
792	-55.79	-144.2	208.01	0	255	0
792	-55.72	-144.2	208.02	0	255	0
792	-55.64	-144.2	208.03	0	255	0
792	-55.57	-144.2	208.04	0	255	0
792	-55.49	-144.21	208.05	0	255	0
792	-55.42	-144.21	208.06	0	255	0
792	-55.34	-144.21	208.06	0	255	0
792	-55.27	-144.21	208.07	0	255	0
792	-55.19	-144.21	208.08	0	255	0
792	-55.12	-144.22	208.09	0	255	0
792	-55.04	-144.22	208.1	0	255	0
792	-54.96	-144.22	208.11	0	255	0
792	-54.88	-144.22	208.11	0	255	0
792	-54.81	-144.22	208.12	0	255	0
792	-54.73	-144.22	208.13	0	255	0
792	-54.65	-144.23	208.14	0	255	0
792	-54.57	-144.23	208.15	0	255	0
792	-54.5	-144.23	208.16	0	255	0
792	-54.42	-144.23	208.17	0	255	0
792	-54.34	-144.23	208.17	0	255	0
792	-54.26	-144.24	208.18	0	255	0
792	-54.19	-144.24	208.19	0	255	0
792	-54.11	-144.24	208.2	0	255	0
792	-54.03	-144.24	208.21	0	255	0
792	-53.95	-144.24	208.22	0	255	0
792	-53.88	-144.25	208.23	0	255	0
792	-53.8	-144.25	208.23	0	255	0
792	-53.72	-144.25	208.24	0	255	0
792	-53.65	-144.25	208.25	0	255	0
792	-53.57	-144.25	208.26	0	255	0
792	-53.5	-144.25	208.27	0	255	0
792	-53.42	-144.26	208.28	0	255	0
792	-53.35	-144.26	208.28	0	255	0
792	-53.27	-144.26	208.29	0	255	0
792	-53.2	-144.26	208.3	0	255	0
792	-53.12	-144.26	208.31	0	255	0
792	-53.05	-144.27	208.32	0	255	0
792	-52.98	-144.27	208.32	0	255	0
792	-52.91	-144.27	208.33	0	255	0
792	-52.83	-144.27	208.34	0	255	0
792	-52.76	-144.27	208.35	0	255	0
792	-52.69	-144.27	208.36	0	255	0
792	-52.62	-144.28	208.36	0	255	0
792	-52.55	-144.28	208.37	0	255	0
792	-52.49	-144.28	208.38	0	255	0
792	-52.42	-144.28	208.39	0	255	0
792	-52.35	-144.28	208.39	0	255	0
792	-52.29	-144.28	208.4	0	255	0
792	-52.22	-144.29	208.41	0	255	0
792	-52.16	-144.29	208.41	0	255	0
792	-52.09	-144.29	208.42	0	255	0
792	-52.03	-144.29	208.43	0	255	0
792	-51.97	-144.29	208.44	0	255	0
792	-51.91	-144.29	208.44	0	255	0
792	-51.85	-144.3	208.45	0	255	0
792	-51.79	-144.3	208.45	0	255	0
792	-51.73	-144.3	208.46	0	255	0
792	-51.68	-144.3	208.47	0	255	0
792	-51.62	-144.3	208.47	0	255	0
792	-51.57	-144.3	208.48	0	255	0
792	-51.51	-144.3	208.49	0	255	0
792	-51.46	-144.3	208.49	0	255	0
792	-51.41	-144.31	208.5	0	255	0
792	-51.36	-144.31	208.5	0	255	0
792	-51.31	-144.31	208.51	0	255	0
792	-51.27	-144.31	208.51	0	255	0
792	-51.22	-144.31	208.52	0	255	0
792	-51.18	-144.31	208.52	0	255	0
792	-51.14	-144.31	208.53	0	255	0
792	-51.09	-144.31	208.53	0	255	0
792	-51.05	-144.31	208.54	0	255	0
792	-51.02	-144.32	208.54	0	255	0
792	-50.98	-144.32	208.54	0	255	0
792	-50.94	-144.32	208.55	0	255	0
792	-50.91	-144.32	208.55	0	255	0
792	-50.88	-144.32	208.56	0	255	0
792	-50.85	-144.32	208.56	0	255	0
792	-50.82	-144.32	208.56	0	255	0
792	-50.79	-144.32	208.56	0	255	0
792	-50.77	-144.32	208.57	0	255	0
792	-50.74	-144.32	208.57	0	255	0
792	-50.72	-144.32	208.57	0	255	0
792	-50.7	-144.32	208.57	0	255	0
792	-50.68	-144.32	208.58	0	255	0
792	-50.66	-144.32	208.58	0	255	0
792	-50.65	-144.32	208.58	0	255	0
792	-50.64	-144.33	208.58	0	255	0
792	-50.63	-144.33	208.58	0	255	0
792	-50.62	-144.33	208.58	0	255	0
792	-50.61	-144.33	208.58	0	255	0
792	-50.6	-144.33	208.59	0	255	0
792	-50.6	-144.33	208.59	0	255	0
792	-50.6	-144.33	208.59	0	255	0
792	-50.6	-144.33	208.59	0	255	0
792	-50.6	-144.33	208.59	0	255	0
792	-50.61	-144.33	208.58	0	255	0
792	-50.62	-144.33	208.58	0	255	0
792	-50.62	-144.33	208.58	0	255	0
792	-50.64	-144.33	208.58	0	255	0
792	-50.65	-144.32	208.58	0	255	0
792	-50.66	-144.32	208.58	0	255	0
792	-50.68	-144.32	208.58	0	255	0
792	-50.7	-144.32	208.58	0	255	0
792	-50.72	-144.32	208.57	0	255	0
792	-50.74	-144.32	208.57	0	255	0
792	-50.76	-144.32	208.57	0	255	0
792	-50.79	-144.32	208.57	0	255	0
792	-50.81	-144.32	208.56	0	255	0
792	-50.84	-144.32	208.56	0	255	0
792	-50.87	-144.32	208.56	0	255	0
792	-50.9	-144.32	208.55	0	255	0
792	-50.94	-144.32	208.55	0	255	0
792	-50.97	-144.32	208.55	0	255	0
792	-51.01	-144.32	208.54	0	255	0
792	-51.04	-144.32	208.54	0	255	0
792	-51.08	-144.31	208.53	0	255	0
792	-51.12	-144.31	208.53	0	255	0
792	-51.16	-144.31	208.52	0	255	0
792	-51.21	-144.31	208.52	0	255	0
792	-51.25	-144.31	208.51	0	255	0
792	-51.3	-144.31	208.51	0	255	0
792	-51.34	-144.31	208.5	0	255	0
792	-51.39	-144.31	208.5	0	255	0
792	-51.44	-144.31	208.49	0	255	0
792	-51.49	-144.3	208.49	0	255	0
792	-51.54	-144.3	208.48	0	255	0
792	-51.6	-144.3	208.48	0	255	0
792	-51.65	-144.3	208.47	0	255	0
792	-51.71	-144.3	208.46	0	255	0
792	-51.76	-144.3	208.46	0	255	0
792	-51.82	-144.3	208.45	0	255	0
792	-51.88	-144.29	208.45	0	255	0
792	-51.94	-144.29	208.44	0	255	0
792	-52.0	-144.29	208.43	0	255	0
792	-52.06	-144.29	208.43	0	255	0
792	-52.12	-144.29	208.42	0	255	0
792	-52.18	-144.29	208.41	0	255	0
792	-52.25	-144.29	208.4	0	255	0
792	-52.31	-144.28	208.4	0	255	0
792	-52.38	-144.28	208.39	0	255	0
792	-52.44	-144.28	208.38	0	255	0
792	-52.51	-144.28	208.38	0	255	0
792	-52.58	-144.28	208.37	0	255	0
792	-52.65	-144.28	208.36	0	255	0
792	-52.71	-144.27	208.35	0	255	0
792	-52.78	-144.27	208.35	0	255	0
792	-52.85	-144.27	208.34	0	255	0
792	-52.93	-144.27	208.33	0	255	0
792	-53.0	-144.27	208.32	0	255	0
792	-53.07	-144.27	208.31	0	255	0
792	-53.14	-144.26	208.31	0	255	0
792	-53.21	-144.26	208.3	0	255	0
792	-53.29	-144.26	208.29	0	255	0
792	-53.36	-144.26	208.28	0	255	0
792	-53.43	-144.26	208.27	0	255	0
792	-53.51	-144.25	208.27	0	255	0
792	-53.58	-144.25	208.26	0	255	0
792	-53.66	-144.25	208.25	0	255	0
792	-53.73	-144.25	208.24	0	255	0
792	-53.81	-144.25	208.23	0	255	0
792	-53.88	-144.25	208.22	0	255	0
792	-53.96	-144.24	208.22	0	255	0
792	-54.04	-144.24	208.21	0	255	0
792	-54.11	-144.24	208.2	0	255	0
792	-54.19	-144.24	208.19	0	255	0
792	-54.27	-144.24	208.18	0	255	0
792	-54.34	-144.23	208.17	0	255	0
792	-54.42	-144.23	208.17	0	255	0
792	-54.5	-144.23	208.16	0	255	0
792	-54.57	-144.23	208.15	0	255	0
792	-54.65	-144.23	208.14	0	255	0
792	-54.73	-144.22	208.13	0	255	0
792	-54.8	-144.22	208.12	0	255	0
792	-54.88	-144.22	208.11	0	255	0
792	-54.95	-144.22	208.11	0	255	0
792	-55.03	-144.22	208.1	0	255	0
792	-55.11	-144.22	208.09	0	255	0
792	-55.18	-144.21	208.08	0	255	0
792	-55.26	-144.21	208.07	0	255	0
792	-55.33	-144.21	208.06	0	255	0
792	-55.41	-144.21	208.06	0	255	0
792	-55.48	-144.21	208.05	0	255	0
792	-55.56	-144.2	208.04	0	255	0
792	-55.63	-144.2	208.03	0	255	0
792	-55.7	-144.2	208.02	0	255	0
792	-55.78	-144.2	208.02	0	255	0
792	-55.85	-144.2	208.01	0	255	0
792	-55.92	-144.2	208.0	0	255	0
792	-55.99	-144.19	207.99	0	255	0
792	-56.06	-144.19	207.98	0	255	0
792	-56.13	-144.19	207.98	0	255	0
792	-56.2	-144.19	207.97	0	255	0
792	-56.27	-144.19	207.96	0	255	0
792	-56.34	-144.19	207.95	0	255	0
792	-56.41	-144.18	207.95	0	255	0
792	-56.47	-144.18	207.94	0	255	0
792	-56.54	-144.18	207.93	0	255	0
792	-56.6	-144.18	207.92	0	255	0
792	-56.67	-144.18	207.92	0	255	0
792	-56.73	-144.18	207.91	0	255	0
792	-56.8	-144.17	207.9	0	255	0
792	-56.86	-144.17	207.9	0	255	0
792	-56.92	-144.17	207.89	0	255	0
792	-56.98	-144.17	207.88	0	255	0
792	-57.04	-144.17	207.88	0	255	0
792	-57.1	-144.17	207.87	0	255	0
792	-57.15	-144.17	207.86	0	255	0
792	-57.21	-144.16	207.86	0	255	0
792	-57.26	-144.16	207.85	0	255	0
792	-57.32	-144.16	207.85	0	255	0
792	-57.37	-144.16	207.84	0	255	0
792	-57.42	-144.16	207.83	0	255	0
792	-57.47	-144.16	207.83	0	255	0
792	-57.52	-144.16	207.82	0	255	0
792	-57.57	-144.15	207.82	0	255	0
792	-57.62	-144.15	207.81	0	255	0
792	-57.66	-144.15	207.81	0	255	0
792	-57.71	-144.15	207.8	0	255	0
792	-57.75	-144.15	207.8	0	255	0
792	-57.79	-144.15	207.79	0	255	0
792	-57.83	-144.15	207.79	0	255	0
792	-57.87	-144.15	207.79	0	255	0
792	-57.91	-144.15	207.78	0	255	0
792	-57.95	-144.15	207.78	0	255	0
792	-57.98	-144.14	207.77	0	255	0
792	-58.01	-144.14	207.77	0	255	0
792	-58.04	-144.14	207.77	0	255	0
792	-58.07	-144.14	207.76	0	255	0
792	-58.1	-144.14	207.76	0	255	0
792	-58.13	-144.14	207.76	0	255	0
792	-58.15	-144.14	207.75	0	255	0
792	-58.18	-144.14	207.75	0	255	0
792	-58.2	-144.14	207.75	0	255	0
792	-58.22	-144.14	207.75	0	255	0
792	-58.24	-144.14	207.75	0	255	0
792	-58.25	-144.14	207.74	0	255	0
792	-58.27	-144.14	207.74	0	255	0
792	-58.28	-144.14	207.74	0	255	0
792	-58.29	-144.14	207.74	0	255	0
792	-58.3	-144.14	207.74	0	255	0
792	-58.31	-144.14	207.74	0	255	0
792	-58.31	-144.14	207.74	0	255	0
792	-58.31	-144.14	207.74	0	255	0
792	-58.32	-144.14	207.74	0	255	0
792	-58.32	-144.14	207.74	0	255	0
792	-58.32	-144.14	207.74	0	255	0
792	-58.32	-144.14	207.74	0	255	0
792	-58.32	-144.14	207.74	0	255	0
792	-58.32	-144.14	207.74	0	255	0
792	-58.32	-144.14	207.74	0	255	0
792	-58.32	-144.14	207.74	0	255	0
792	-58.32	-144.14	207.74	0	255	0
792	-58.32	-144.14	207.74	0	255	0
792	-58.32	-144.14	207.74	0	255	0
792	-58.32	-144.14	207.74	0	255	0
792	-58.32	-144.14	207.74	0	255	0
792	-58.32	-144.14	207.74	0	255	0
792	-58.32	-144.14	207.74	0	255	0
792	-58.32	-144.14	207.74	0	255	0
792	-58.32	-144.14	207.74	0	255	0
792	-58.32	-144.14	207.74	0	255	0
792	-58.32	-144.14	207.74	0	255	0
792	-58.32	-144.14	207.74	0	255	0
792	-58.32	-144.14	207.74	0	255	0
792	-58.32	-144.14	207.74	0	255	0
792	-58.32	-144.14	207.74	0	255	0
792	-58.32	-144.14	207.74	0	255	0
792	-58.32	-144.14	207.74	0	255	0
792	-58.32	-144.14	207.74	0	255	0
792	-58.32	-144.14	207.74	0	255	0
792	-58.32	-144.14	207.74	0	255	0
792	-58.32	-144.14	207.74	0	255	0
792	-58.32	-144.14	207.74	0	255	0
792	-58.32	-144.14	207.74	0	255	0
792	-58.32	-144.14	207.74	0	255	0
792	-58.32	-144.14	207.74	0	255	0
792	-58.32	-144.14	207.74	0	255	0
792	-58.32	-144.14	207.74	0	255	0
792	-58.32	-144.14	207.74	0	255	0
792	-58.32	-144.14	207.74	0	255	0
792	-58.32	-144.14	207.74	0	255	0
792	-58.32	-144.14	207.74	0	255	0
792	-58.32	-144.14	207.74	0	255	0
792	-58.32	-144.14	207.74	0	255	0
792	-58.32	-144.14	207.74	0	255	0
792	-58.32	-144.14	207.74	0	255	0
792	-58.32	-144.14	207.74	0	255	0
792	-58.32	-144.14	207.74	0	255	0
792	-58.32	-144.14	207.74	0	255	0
792	-58.32	-144.14	207.74	0	255	0
792	-58.32	-144.14	207.74	0	255	0
792	-58.32	-144.14	207.74	0	255	0
792	-58.32	-144.14	207.74	0	255	0
792	-58.32	-144.14	207.74	0	255	0
792	-58.32	-144.14	207.74	0	255	0
792	-58.32	-144.14	207.74	0	255	0
792	-58.32	-144.14	207.74	0	255	0
792	-58.32	-144.14	207.74	0	255	0
792	-58.32	-144.14	207.74	0	255	0
792	-58.32	-144.14	207.74	0	255	0
792	-58.32	-144.14	207.74	0	255	0
792	-58.32	-144.14	207.74	0	255	0
792	-58.32	-144.14	207.74	0	255	0
792	-58.32	-144.14	207.74	0	255	0
792	-58.32	-144.14	207.74	0	255	0
792	-58.32	-144.14	207.74	0	255	0
792	-58.32	-144.14	207.74	0	255	0
792	-58.32	-144.14	207.74	0	255	0
792	-58.32	-144.14	207.74	0	255	0
792	-58.32	-144.14	207.74	0	255	0
792	-58.32	-144.14	207.74	0	255	0
792	-58.32	-144.14	207.74	0	255	0
792	-58.32	-144.14	207.74	0	255	0
792	-58.32	-144.14	207.74	0	255	0
792	-58.32	-144.14	207.74	0	255	0
792	-58.32	-144.14	207.74	0	255	0
792	-58.32	-144.14	207.74	0	255	0
792	-58.32	-144.14	207.74	0	255	0
792	-58.32	-144.14	207.74	0	255	0
792	-58.32	-144.14	207.74	0	255	0
792	-58.32	-144.14	207.74	0	255	0
792	-58.32	-144.14	207.74	0	255	0
792	-58.32	-144.14	207.74	0	255	0
792	-58.32	-144.14	207.74	0	255	0
792	-58.32	-144.14	207.74	0	255	0
792	-58.32	-144.14	207.74	0	255	0
792	-58.32	-144.14	207.74	0	255	0
792	-58.32	-144.14	207.74	0	255	0
792	-58.32	-144.14	207.74	0	255	0
792	-58.32	-144.14	207.74	0	255	0
792	-58.32	-144.14	207.74	0	255	0
792	-58.32	-144.14	207.74	0	255	0
792	-58.32	-144.14	207.74	0	255	0
792	-58.32	-144.14	207.74	0	255	0
792	-58.32	-144.14	207.74	0	255	0
792	-58.32	-144.14	207.74	0	255	0
792	-58.32	-144.14	207.74	0	255	0
792	-58.32	-144.14	207.74	0	255	0
792	-58.32	-144.14	207.74	0	255	0
792	-58.32	-144.14	207.74	0	255	0
792	-58.32	-144.14	207.74	0	255	0
792	-58.32	-144.14	207.74	0	255	0
792	-58.32	-144.14	207.74	0	255	0
792	-58.32	-144.14	207.74	0	255	0
792	-58.32	-144.14	207.74	0	255	0
792	-58.32	-144.14	207.74	0	255	0
792	-58.32	-144.14	207.74	0	255	0
792	-58.32	-144.14	207.74	0	255	0
792	-58.32	-144.14	207.74	0	255	0
792	-58.32	-144.14	207.74	0	255	0
792	-58.32	-144.14	207.74	0	255	0
792	-58.32	-144.14	207.74	0	255	0
792	-58.32	-144.14	207.74	0	255	0
792	-58.32	-144.14	207.74	0	255	0
792	-58.32	-144.14	207.74	0	255	0
792	-58.32	-144.14	207.74	0	255	0
792	-58.32	-144.14	207.74	0	255	0
792	-58.32	-144.14	207.74	0	255	0
792	-58.32	-144.14	207.74	0	255	0
792	-58.32	-144.14	207.74	0	255	0
792	-58.32	-144.14	207.74	0	255	0
792	-58.32	-144.14	207.74	0	255	0
792	-58.32	-144.14	207.74	0	255	0
792	-58.32	-144.14	207.74	0	255	0
