796	-58.32	-144.14	192.17	0	255	0
796	-58.32	-144.14	192.17	0	255	0
796	-58.32	-144.14	192.17	0	255	0
796	-58.32	-144.14	192.17	0	255	0
796	-58.32	-144.14	192.17	0	255	0
796	-58.32	-144.14	192.17	0	255	0
796	-58.32	-144.14	192.17	0	255	0
796	-58.32	-144.14	192.17	0	255	0
796	-58.32	-144.14	192.17	0	255	0
796	-58.32	-144.14	192.17	0	255	0
796	-58.32	-144.14	192.17	0	255	0
796	-58.32	-144.14	192.17	0	255	0
796	-58.32	-144.14	192.17	0	255	0
796	-58.32	-144.14	192.17	0	255	0
796	-58.32	-144.14	192.17	0	255	0
796	-58.32	-144.14	192.17	0	255	0
796	-58.32	-144.14	192.17	0	255	0
796	-58.32	-144.14	192.17	0	255	0
796	-58.32	-144.14	192.17	0	255	0
796	-58.32	-144.14	192.17	0	255	0
796	-58.32	-144.14	192.17	0	255	0
796	-58.32	-144.14	192.17	0	255	0
796	-58.32	-144.14	192.17	0	255	0
796	-58.32	-144.14	192.17	0	255	0
796	-58.32	-144.14	192.17	0	255	0
796	-58.32	-144.14	192.17	0	255	0
796	-58.32	-144.14	192.17	0	255	0
796	-58.32	-144.14	192.17	0	255	0
796	-58.32	-144.14	192.17	0	255	0
796	-58.32	-144.14	192.17	0	255	0
796	-58.32	-144.14	192.17	0	255	0
796	-58.31	-144.14	192.17	0	255	0
796	-58.31	-144.14	192.17	0	255	0
796	-58.31	-144.14	192.16	0	255	0
796	-58.3	-144.14	192.16	0	255	0
796	-58.29	-144.14	192.16	0	255	0
796	-58.28	-144.14	192.16	0	255	0
796	-58.27	-144.14	192.16	0	255	0
796	-58.25	-144.14	192.16	0	255	0
796	-58.23	-144.14	192.15	0	255	0
796	-58.22	-144.14	192.15	0	255	0
796	-58.2	-144.14	192.15	0	255	0
796	-58.17	-144.14	192.15	0	255	0
796	-58.15	-144.14	192.14	0	255	0
796	-58.12	-144.14	192.14	0	255	0
796	-58.1	-144.14	192.13	0	255	0
796	-58.07	-144.14	192.13	0	255	0
796	-58.04	-144.14	192.13	0	255	0
796	-58.01	-144.14	192.12	0	255	0
796	-57.97	-144.14	192.12	0	255	0
796	-57.94	-144.15	192.11	0	255	0
796	-57.9	-144.15	192.1	0	255	0
796	-57.86	-144.15	192.1	0	255	0
796	-57.82	-144.15	192.09	0	255	0
796	-57.78	-144.15	192.09	0	255	0
796	-57.74	-144.15	192.08	0	255	0
796	-57.69	-144.15	192.07	0	255	0
796	-57.65	-144.15	192.07	0	255	0
796	-57.6	-144.15	192.06	0	255	0
796	-57.55	-144.16	192.05	0	255	0
796	-57.5	-144.16	192.05	0	255	0
796	-57.45	-144.16	192.04	0	255	0
796	-57.4	-144.16	192.03	0	255	0
796	-57.35	-144.16	192.02	0	255	0
796	-57.29	-144.16	192.02	0	255	0
796	-57.24	-144.16	192.01	0	255	0
796	-57.18	-144.16	192.0	0	255	0
796	-57.12	-144.17	191.99	0	255	0
796	-57.07	-144.17	191.98	0	255	0
796	-57.01	-144.17	191.97	0	255	0
796	-56.95	-144.17	191.96	0	255	0
796	-56.88	-144.17	191.96	0	255	0
796	-56.82	-144.17	191.95	0	255	0
796	-56.76	-144.17	191.94	0	255	0
796	-56.69	-144.18	191.93	0	255	0
796	-56.63	-144.18	191.92	0	255	0
796	-56.56	-144.18	191.91	0	255	0
796	-56.5	-144.18	191.9	0	255	0
796	-56.43	-144.18	191.89	0	255	0
796	-56.36	-144.18	191.88	0	255	0
796	-56.29	-144.19	191.87	0	255	0
796	-56.22	-144.19	191.86	0	255	0
796	-56.15	-144.19	191.85	0	255	0
796	-56.08	-144.19	191.84	0	255	0
796	-56.01	-144.19	191.83	0	255	0
796	-55.94	-144.19	191.82	0	255	0
796	-55.87	-144.2	191.81	0	255	0
796	-55.79	-144.2	191.8	0	255	0
796	-55.72	-144.2	191.78	0	255	0
796	-55.64	-144.2	191.77	0	255	0
796	-55.57	-144.2	191.76	0	255	0
796	-55.5	-144.21	191.75	0	255	0
796	-55.42	-144.21	191.74	0	255	0
796	-55.34	-144.21	191.73	0	255	0
796	-55.27	-144.21	191.72	0	255	0
796	-55.19	-144.21	191.71	0	255	0
796	-55.12	-144.22	191.7	0	255	0
796	-55.04	-144.22	191.68	0	255	0
796	-54.96	-144.22	191.67	0	255	0
796	-54.88	-144.22	191.66	0	255	0
796	-54.81	-144.22	191.65	0	255	0
796	-54.73	-144.22	191.64	0	255	0
796	-54.65	-144.23	191.63	0	255	0
796	-54.57	-144.23	191.62	0	255	0
796	-54.5	-144.23	191.61	0	255	0
796	-54.42	-144.23	191.59	0	255	0
796	-54.34	-144.23	191.58	0	255	0
796	-54.26	-144.24	191.57	0	255	0
796	-54.19	-144.24	191.56	0	255	0
796	-54.11	-144.24	191.55	0	255	0
796	-54.03	-144.24	191.54	0	255	0
796	-53.95	-144.24	191.53	0	255	0
796	-53.88	-144.25	191.51	0	255	0
796	-53.8	-144.25	191.5	0	255	0
796	-53.72	-144.25	191.49	0	255	0
796	-53.65	-144.25	191.48	0	255	0
796	-53.57	-144.25	191.47	0	255	0
796	-53.5	-144.25	191.46	0	255	0
796	-53.42	-144.26	191.45	0	255	0
796	-53.35	-144.26	191.44	0	255	0
796	-53.27	-144.26	191.43	0	255	0
796	-53.2	-144.26	191.41	0	255	0
796	-53.12	-144.26	191.4	0	255	0
796	-53.05	-144.27	191.39	0	255	0
796	-52.98	-144.27	191.38	0	255	0
796	-52.91	-144.27	191.37	0	255	0
796	-52.83	-144.27	191.36	0	255	0
796	-52.76	-144.27	191.35	0	255	0
796	-52.69	-144.27	191.34	0	255	0
796	-52.62	-144.28	191.33	0	255	0
796	-52.55	-144.28	191.32	0	255	0
796	-52.49	-144.28	191.31	0	255	0
796	-52.42	-144.28	191.3	0	255	0
796	-52.35	-144.28	191.29	0	255	0
796	-52.29	-144.28	191.28	0	255	0
796	-52.22	-144.29	191.27	0	255	0
796	-52.16	-144.29	191.26	0	255	0
796	-52.09	-144.29	191.25	0	255	0
796	-52.03	-144.29	191.24	0	255	0
796	-51.97	-144.29	191.23	0	255	0
796	-51.91	-144.29	191.22	0	255	0
796	-51.85	-144.3	191.22	0	255	0
796	-51.79	-144.3	191.21	0	255	0
796	-51.73	-144.3	191.2	0	255	0
796	-51.68	-144.3	191.19	0	255	0
796	-51.62	-144.3	191.18	0	255	0
796	-51.57	-144.3	191.17	0	255	0
796	-51.51	-144.3	191.17	0	255	0
796	-51.46	-144.3	191.16	0	255	0
796	-51.41	-144.31	191.15	0	255	0
796	-51.36	-144.31	191.14	0	255	0
796	-51.31	-144.31	191.14	0	255	0
796	-51.27	-144.31	191.13	0	255	0
796	-51.22	-144.31	191.12	0	255	0
796	-51.18	-144.31	191.12	0	255	0
796	-51.14	-144.31	191.11	0	255	0
796	-51.09	-144.31	191.11	0	255	0
796	-51.05	-144.31	191.1	0	255	0
796	-51.02	-144.32	191.09	0	255	0
796	-50.98	-144.32	191.09	0	255	0
796	-50.94	-144.32	191.08	0	255	0
796	-50.91	-144.32	191.08	0	255	0
796	-50.88	-144.32	191.07	0	255	0
796	-50.85	-144.32	191.07	0	255	0
796	-50.82	-144.32	191.06	0	255	0
796	-50.79	-144.32	191.06	0	255	0
796	-50.77	-144.32	191.06	0	255	0
796	-50.74	-144.32	191.05	0	255	0
796	-50.72	-144.32	191.05	0	255	0
796	-50.7	-144.32	191.05	0	255	0
796	-50.68	-144.32	191.04	0	255	0
796	-50.66	-144.32	191.04	0	255	0
796	-50.65	-144.32	191.04	0	255	0
796	-50.64	-144.33	191.04	0	255	0
796	-50.63	-144.33	191.04	0	255	0
796	-50.62	-144.33	191.04	0	255	0
796	-50.61	-144.33	191.03	0	255	0
796	-50.6	-144.33	191.03	0	255	0
796	-50.6	-144.33	191.03	0	255	0
796	-50.6	-144.33	191.03	0	255	0
796	-50.6	-144.33	191.03	0	255	0
796	-50.6	-144.33	191.03	0	255	0
796	-50.61	-144.33	191.03	0	255	0
796	-50.62	-144.33	191.03	0	255	0
796	-50.62	-144.33	191.04	0	255	0
796	-50.64	-144.33	191.04	0	255	0
796	-50.65	-144.32	191.04	0	255	0
796	-50.66	-144.32	191.04	0	255	0
796	-50.68	-144.32	191.04	0	255	0
796	-50.7	-144.32	191.05	0	255	0
796	-50.72	-144.32	191.05	0	255	0
796	-50.74	-144.32	191.05	0	255	0
796	-50.76	-144.32	191.06	0	255	0
796	-50.79	-144.32	191.06	0	255	0
796	-50.81	-144.32	191.06	0	255	0
796	-50.84	-144.32	191.07	0	255	0
796	-50.87	-144.32	191.07	0	255	0
796	-50.9	-144.32	191.08	0	255	0
796	-50.94	-144.32	191.08	0	255	0
796	-50.97	-144.32	191.09	0	255	0
796	-51.01	-144.32	191.09	0	255	0
796	-51.04	-144.32	191.1	0	255	0
796	-51.08	-144.31	191.1	0	255	0
796	-51.12	-144.31	191.11	0	255	0
796	-51.16	-144.31	191.12	0	255	0
796	-51.21	-144.31	191.12	0	255	0
796	-51.25	-144.31	191.13	0	255	0
796	-51.3	-144.31	191.14	0	255	0
796	-51.34	-144.31	191.14	0	255	0
796	-51.39	-144.31	191.15	0	255	0
796	-51.44	-144.31	191.16	0	255	0
796	-51.49	-144.3	191.16	0	255	0
796	-51.54	-144.3	191.17	0	255	0
796	-51.6	-144.3	191.18	0	255	0
796	-51.65	-144.3	191.19	0	255	0
796	-51.71	-144.3	191.2	0	255	0
796	-51.76	-144.3	191.2	0	255	0
796	-51.82	-144.3	191.21	0	255	0
796	-51.88	-144.29	191.22	0	255	0
796	-51.94	-144.29	191.23	0	255	0
796	-52.0	-144.29	191.24	0	255	0
796	-52.06	-144.29	191.25	0	255	0
796	-52.12	-144.29	191.26	0	255	0
796	-52.18	-144.29	191.27	0	255	0
796	-52.25	-144.29	191.27	0	255	0
796	-52.31	-144.28	191.28	0	255	0
796	-52.38	-144.28	191.29	0	255	0
796	-52.44	-144.28	191.3	0	255	0
796	-52.51	-144.28	191.31	0	255	0
796	-52.58	-144.28	191.32	0	255	0
796	-52.65	-144.28	191.33	0	255	0
796	-52.71	-144.27	191.34	0	255	0
796	-52.78	-144.27	191.35	0	255	0
796	-52.85	-144.27	191.36	0	255	0
796	-52.93	-144.27	191.37	0	255	0
796	-53.0	-144.27	191.38	0	255	0
796	-53.07	-144.27	191.4	0	255	0
796	-53.14	-144.26	191.41	0	255	0
796	-53.21	-144.26	191.42	0	255	0
796	-53.29	-144.26	191.43	0	255	0
796	-53.36	-144.26	191.44	0	255	0
796	-53.43	-144.26	191.45	0	255	0
796	-53.51	-144.25	191.46	0	255	0
796	-53.58	-144.25	191.47	0	255	0
796	-53.66	-144.25	191.48	0	255	0
796	-53.73	-144.25	191.49	0	255	0
796	-53.81	-144.25	191.5	0	255	0
796	-53.88	-144.25	191.52	0	255	0
796	-53.96	-144.24	191.53	0	255	0
796	-54.04	-144.24	191.54	0	255	0
796	-54.11	-144.24	191.55	0	255	0
796	-54.19	-144.24	191.56	0	255	0
796	-54.27	-144.24	191.57	0	255	0
796	-54.34	-144.23	191.58	0	255	0
796	-54.42	-144.23	191.59	0	255	0
796	-54.5	-144.23	191.61	0	255	0
796	-54.57	-144.23	191.62	0	255	0
796	-54.65	-144.23	191.63	0	255	0
796	-54.73	-144.22	191.64	0	255	0
796	-54.8	-144.22	191.65	0	255	0
796	-54.88	-144.22	191.66	0	255	0
796	-54.95	-144.22	191.67	0	255	0
796	-55.03	-144.22	191.68	0	255	0
796	-55.11	-144.22	191.69	0	255	0
796	-55.18	-144.21	191.71	0	255	0
796	-55.26	-144.21	191.72	0	255	0
796	-55.33	-144.21	191.73	0	255	0
796	-55.41	-144.21	191.74	0	255	0
796	-55.48	-144.21	191.75	0	255	0
796	-55.56	-144.2	191.76	0	255	0
796	-55.63	-144.2	191.77	0	255	0
796	-55.7	-144.2	191.78	0	255	0
796	-55.78	-144.2	191.79	0	255	0
796	-55.85	-144.2	191.8	0	255	0
796	-55.92	-144.2	191.81	0	255	0
796	-55.99	-144.19	191.82	0	255	0
796	-56.06	-144.19	191.83	0	255	0
796	-56.13	-144.19	191.85	0	255	0
796	-56.2	-144.19	191.86	0	255	0
796	-56.27	-144.19	191.87	0	255	0
796	-56.34	-144.19	191.88	0	255	0
796	-56.41	-144.18	191.89	0	255	0
796	-56.47	-144.18	191.9	0	255	0
796	-56.54	-144.18	191.91	0	255	0
796	-56.6	-144.18	191.91	0	255	0
796	-56.67	-144.18	191.92	0	255	0
796	-56.73	-144.18	191.93	0	255	0
796	-56.8	-144.17	191.94	0	255	0
796	-56.86	-144.17	191.95	0	255	0
796	-56.92	-144.17	191.96	0	255	0
796	-56.98	-144.17	191.97	0	255	0
796	-57.04	-144.17	191.98	0	255	0
796	-57.1	-144.17	191.99	0	255	0
796	-57.15	-144.17	192.0	0	255	0
796	-57.21	-144.16	192.0	0	255	0
796	-57.26	-144.16	192.01	0	255	0
796	-57.32	-144.16	192.02	0	255	0
796	-57.37	-144.16	192.03	0	255	0
796	-57.42	-144.16	192.04	0	255	0
796	-57.47	-144.16	192.04	0	255	0
796	-57.52	-144.16	192.05	0	255	0
796	-57.57	-144.15	192.06	0	255	0
796	-57.62	-144.15	192.06	0	255	0
796	-57.66	-144.15	192.07	0	255	0
796	-57.71	-144.15	192.08	0	255	0
796	-57.75	-144.15	192.08	0	255	0
796	-57.79	-144.15	192.09	0	255	0
796	-57.83	-144.15	192.1	0	255	0
796	-57.87	-144.15	192.1	0	255	0
796	-57.91	-144.15	192.11	0	255	0
796	-57.95	-144.15	192.11	0	255	0
796	-57.98	-144.14	192.12	0	255	0
796	-58.01	-144.14	192.12	0	255	0
796	-58.04	-144.14	192.13	0	255	0
796	-58.07	-144.14	192.13	0	255	0
796	-58.1	-144.14	192.13	0	255	0
796	-58.13	-144.14	192.14	0	255	0
796	-58.15	-144.14	192.14	0	255	0
796	-58.18	-144.14	192.15	0	255	0
796	-58.2	-144.14	192.15	0	255	0
796	-58.22	-144.14	192.15	0	255	0
796	-58.24	-144.14	192.15	0	255	0
796	-58.25	-144.14	192.16	0	255	0
796	-58.27	-144.14	192.16	0	255	0
796	-58.28	-144.14	192.16	0	255	0
796	-58.29	-144.14	192.16	0	255	0
796	-58.3	-144.14	192.16	0	255	0
796	-58.31	-144.14	192.16	0	255	0
796	-58.31	-144.14	192.17	0	255	0
796	-58.31	-144.14	192.17	0	255	0
796	-58.32	-144.14	192.17	0	255	0
796	-58.32	-144.14	192.17	0	255	0
796	-58.32	-144.14	192.17	0	255	0
796	-58.32	-144.14	192.17	0	255	0
796	-58.32	-144.14	192.17	0	255	0
796	-58.32	-144.14	192.17	0	255	0
796	-58.32	-144.14	192.17	0	255	0
796	-58.32	-144.14	192.17	0	255	0
796	-58.32	-144.14	192.17	0	255	0
796	-58.32	-144.14	192.17	0	255	0
796	-58.32	-144.14	192.17	0	255	0
796	-58.32	-144.14	192.17	0	255	0
796	-58.32	-144.14	192.17	0	255	0
796	-58.32	-144.14	192.17	0	255	0
796	-58.32	-144.14	192.17	0	255	0
796	-58.32	-144.14	192.17	0	255	0
796	-58.32	-144.14	192.17	0	255	0
796	-58.32	-144.14	192.17	0	255	0
796	-58.32	-144.14	192.17	0	255	0
796	-58.32	-144.14	192.17	0	255	0
796	-58.32	-144.14	192.17	0	255	0
796	-58.32	-144.14	192.17	0	255	0
796	-58.32	-144.14	192.17	0	255	0
796	-58.32	-144.14	192.17	0	255	0
796	-58.32	-144.14	192.17	0	255	0
796	-58.32	-144.14	192.17	0	255	0
796	-58.32	-144.14	192.17	0	255	0
796	-58.32	-144.14	192.17	0	255	0
796	-58.32	-144.14	192.17	0	255	0
796	-58.32	-144.14	192.17	0	255	0
796	-58.32	-144.14	192.17	0	255	0
796	-58.32	-144.14	192.17	0	255	0
796	-58.32	-144.14	192.17	0	255	0
796	-58.32	-144.14	192.17	0	255	0
796	-58.32	-144.14	192.17	0	255	0
796	-58.32	-144.14	192.17	0	255	0
796	-58.32	-144.14	192.17	0	255	0
796	-58.32	-144.14	192.17	0	255	0
796	-58.32	-144.14	192.17	0	255	0
796	-58.32	-144.14	192.17	0	255	0
796	-58.32	-144.14	192.17	0	255	0
796	-58.32	-144.14	192.17	0	255	0
796	-58.32	-144.14	192.17	0	255	0
796	-58.32	-144.14	192.17	0	255	0
796	-58.32	-144.14	192.17	0	255	0
796	-58.32	-144.14	192.17	0	255	0
796	-58.32	-144.14	192.17	0	255	0
796	-58.32	-144.14	192.17	0	255	0
796	-58.32	-144.14	192.17	0	255	0
796	-58.32	-144.14	192.17	0	255	0
796	-58.32	-144.14	192.17	0	255	0
796	-58.32	-144.14	192.17	0	255	0
796	-58.32	-144.14	192.17	0	255	0
796	-58.32	-144.14	192.17	0	255	0
796	-58.32	-144.14	192.17	0	255	0
796	-58.32	-144.14	192.17	0	255	0
796	-58.32	-144.14	192.17	0	255	0
796	-58.32	-144.14	192.17	0	255	0
796	-58.32	-144.14	192.17	0	255	0
796	-58.32	-144.14	192.17	0	255	0
796	-58.32	-144.14	192.17	0	255	0
796	-58.32	-144.14	192.17	0	255	0
796	-58.32	-144.14	192.17	0	255	0
796	-58.32	-144.14	192.17	0	255	0
796	-58.32	-144.14	192.17	0	255	0
796	-58.32	-144.14	192.17	0	255	0
796	-58.32	-144.14	192.17	0	255	0
796	-58.32	-144.14	192.17	0	255	0
796	-58.32	-144.14	192.17	0	255	0
796	-58.32	-144.14	192.17	0	255	0
796	-58.32	-144.14	192.17	0	255	0
796	-58.32	-144.14	192.17	0	255	0
796	-58.32	-144.14	192.17	0	255	0
796	-58.32	-144.14	192.17	0	255	0
796	-58.32	-144.14	192.17	0	255	0
796	-58.32	-144.14	192.17	0	255	0
796	-58.32	-144.14	192.17	0	255	0
796	-58.32	-144.14	192.17	0	255	0
796	-58.32	-144.14	192.17	0	255	0
796	-58.32	-144.14	192.17	0	255	0
796	-58.32	-144.14	192.17	0	255	0
796	-58.32	-144.14	192.17	0	255	0
796	-58.32	-144.14	192.17	0	255	0
796	-58.32	-144.14	192.17	0	255	0
796	-58.32	-144.14	192.17	0	255	0
796	-58.32	-144.14	192.17	0	255	0
796	-58.32	-144.14	192.17	0	255	0
796	-58.32	-144.14	192.17	0	255	0
796	-58.32	-144.14	192.17	0	255	0
796	-58.32	-144.14	192.17	0	255	0
796	-58.32	-144.14	192.17	0	255	0
796	-58.32	-144.14	192.17	0	255	0
796	-58.32	-144.14	192.17	0	255	0
796	-58.32	-144.14	192.17	0	255	0
796	-58.32	-144.14	192.17	0	255	0
796	-58.32	-144.14	192.17	0	255	0
796	-58.32	-144.14	192.17	0	255	0
796	-58.32	-144.14	192.17	0	255	0
796	-58.32	-144.14	192.17	0	255	0
796	-58.32	-144.14	192.17	0	255	0
796	-58.32	-144.14	192.17	0	255	0
796	-58.32	-144.14	192.17	0	255	0
796	-58.32	-144.14	192.17	0	255	0
796	-58.32	-144.14	192.17	0	255	0
796	-58.32	-144.14	192.17	0	255	0
796	-58.32	-144.14	192.17	0	255	0
796	-58.32	-144.14	192.17	0	255	0
796	-58.32	-144.14	192.17	0	255	0
796	-58.32	-144.14	192.17	0	255	0
796	-58.32	-144.14	192.17	0	255	0
796	-58.32	-144.14	192.17	0	255	0
796	-58.32	-144.14	192.17	0	255	0
796	-58.32	-144.14	192.17	0	255	0
796	-58.32	-144.14	192.17	0	255	0
796	-58.32	-144.14	192.17	0	255	0
796	-58.32	-144.14	192.17	0	255	0
796	-58.32	-144.14	192.17	0	255	0
796	-58.32	-144.14	192.17	0	255	0
796	-58.32	-144.14	192.17	0	255	0
796	-58.32	-144.14	192.17	0	255	0
796	-58.32	-144.14	192.17	0	255	0
