797	-58.32	-144.14	189.22	0	255	0
797	-58.32	-144.14	189.22	0	255	0
797	-58.32	-144.14	189.22	0	255	0
797	-58.32	-144.14	189.22	0	255	0
797	-58.32	-144.14	189.22	0	255	0
797	-58.32	-144.14	189.22	0	255	0
797	-58.32	-144.14	189.22	0	255	0
797	-58.32	-144.14	189.22	0	255	0
797	-58.32	-144.14	189.22	0	255	0
797	-58.32	-144.14	189.22	0	255	0
797	-58.32	-144.14	189.22	0	255	0
797	-58.32	-144.14	189.22	0	255	0
797	-58.32	-144.14	189.22	0	255	0
797	-58.32	-144.14	189.22	0	255	0
797	-58.32	-144.14	189.22	0	255	0
797	-58.32	-144.14	189.22	0	255	0
797	-58.32	-144.14	189.22	0	255	0
797	-58.32	-144.14	189.22	0	255	0
797	-58.32	-144.14	189.22	0	255	0
797	-58.32	-144.14	189.22	0	255	0
797	-58.32	-144.14	189.22	0	255	0
797	-58.32	-144.14	189.22	0	255	0
797	-58.32	-144.14	189.22	0	255	0
797	-58.32	-144.14	189.22	0	255	0
797	-58.32	-144.14	189.22	0	255	0
797	-58.32	-144.14	189.22	0	255	0
797	-58.32	-144.14	189.22	0	255	0
797	-58.32	-144.14	189.22	0	255	0
797	-58.32	-144.14	189.22	0	255	0
797	-58.32	-144.14	189.22	0	255	0
797	-58.32	-144.14	189.22	0	255	0
797	-58.31	-144.14	189.22	0	255	0
797	-58.31	-144.14	189.22	0	255	0
797	-58.31	-144.14	189.22	0	255	0
797	-58.3	-144.14	189.22	0	255	0
797	-58.29	-144.14	189.21	0	255	0
797	-58.28	-144.14	189.21	0	255	0
797	-58.27	-144.14	189.21	0	255	0
797	-58.25	-144.14	189.21	0	255	0
797	-58.23	-144.14	189.2	0	255	0
797	-58.22	-144.14	189.2	0	255	0
797	-58.2	-144.14	189.2	0	255	0
797	-58.17	-144.14	189.19	0	255	0
797	-58.15	-144.14	189.19	0	255	0
797	-58.12	-144.14	189.18	0	255	0
797	-58.1	-144.14	189.18	0	255	0
797	-58.07	-144.14	189.17	0	255	0
797	-58.04	-144.14	189.16	0	255	0
797	-58.01	-144.14	189.16	0	255	0
797	-57.97	-144.14	189.15	0	255	0
797	-57.94	-144.15	189.14	0	255	0
797	-57.9	-144.15	189.14	0	255	0
797	-57.86	-144.15	189.13	0	255	0
797	-57.82	-144.15	189.12	0	255	0
797	-57.78	-144.15	189.11	0	255	0
797	-57.74	-144.15	189.11	0	255	0
797	-57.69	-144.15	189.1	0	255	0
797	-57.65	-144.15	189.09	0	255	0
797	-57.6	-144.15	189.08	0	255	0
797	-57.55	-144.16	189.07	0	255	0
797	-57.5	-144.16	189.06	0	255	0
797	-57.45	-144.16	189.05	0	255	0
797	-57.4	-144.16	189.04	0	255	0
797	-57.35	-144.16	189.03	0	255	0
797	-57.29	-144.16	189.02	0	255	0
797	-57.24	-144.16	189.01	0	255	0
797	-57.18	-144.16	189.0	0	255	0
797	-57.12	-144.17	188.99	0	255	0
797	-57.07	-144.17	188.97	0	255	0
797	-57.01	-144.17	188.96	0	255	0
797	-56.95	-144.17	188.95	0	255	0
797	-56.88	-144.17	188.94	0	255	0
797	-56.82	-144.17	188.93	0	255	0
797	-56.76	-144.17	188.91	0	255	0
797	-56.69	-144.18	188.9	0	255	0
797	-56.63	-144.18	188.89	0	255	0
797	-56.56	-144.18	188.88	0	255	0
797	-56.5	-144.18	188.86	0	255	0
797	-56.43	-144.18	188.85	0	255	0
797	-56.36	-144.18	188.84	0	255	0
797	-56.29	-144.19	188.82	0	255	0
797	-56.22	-144.19	188.81	0	255	0
797	-56.15	-144.19	188.8	0	255	0
797	-56.08	-144.19	188.78	0	255	0
797	-56.01	-144.19	188.77	0	255	0
797	-55.94	-144.19	188.75	0	255	0
797	-55.87	-144.2	188.74	0	255	0
797	-55.79	-144.2	188.73	0	255	0
797	-55.72	-144.2	188.71	0	255	0
797	-55.64	-144.2	188.7	0	255	0
797	-55.57	-144.2	188.68	0	255	0
797	-55.5	-144.21	188.67	0	255	0
797	-55.42	-144.21	188.65	0	255	0
797	-55.34	-144.21	188.64	0	255	0
797	-55.27	-144.21	188.62	0	255	0
797	-55.19	-144.21	188.61	0	255	0
797	-55.12	-144.22	188.59	0	255	0
797	-55.04	-144.22	188.58	0	255	0
797	-54.96	-144.22	188.56	0	255	0
797	-54.88	-144.22	188.55	0	255	0
797	-54.81	-144.22	188.53	0	255	0
797	-54.73	-144.22	188.52	0	255	0
797	-54.65	-144.23	188.5	0	255	0
797	-54.57	-144.23	188.49	0	255	0
797	-54.5	-144.23	188.47	0	255	0
797	-54.42	-144.23	188.46	0	255	0
797	-54.34	-144.23	188.44	0	255	0
797	-54.26	-144.24	188.43	0	255	0
797	-54.19	-144.24	188.41	0	255	0
797	-54.11	-144.24	188.4	0	255	0
797	-54.03	-144.24	188.38	0	255	0
797	-53.95	-144.24	188.37	0	255	0
797	-53.88	-144.25	188.35	0	255	0
797	-53.8	-144.25	188.34	0	255	0
797	-53.72	-144.25	188.32	0	255	0
797	-53.65	-144.25	188.31	0	255	0
797	-53.57	-144.25	188.29	0	255	0
797	-53.5	-144.25	188.28	0	255	0
797	-53.42	-144.26	188.26	0	255	0
797	-53.35	-144.26	188.25	0	255	0
797	-53.27	-144.26	188.23	0	255	0
797	-53.2	-144.26	188.22	0	255	0
797	-53.12	-144.26	188.2	0	255	0
797	-53.05	-144.27	188.19	0	255	0
797	-52.98	-144.27	188.18	0	255	0
797	-52.91	-144.27	188.16	0	255	0
797	-52.83	-144.27	188.15	0	255	0
797	-52.76	-144.27	188.13	0	255	0
797	-52.69	-144.27	188.12	0	255	0
797	-52.62	-144.28	188.11	0	255	0
797	-52.55	-144.28	188.09	0	255	0
797	-52.49	-144.28	188.08	0	255	0
797	-52.42	-144.28	188.07	0	255	0
797	-52.35	-144.28	188.05	0	255	0
797	-52.29	-144.28	188.04	0	255	0
797	-52.22	-144.29	188.03	0	255	0
797	-52.16	-144.29	188.01	0	255	0
797	-52.09	-144.29	188.0	0	255	0
797	-52.03	-144.29	187.99	0	255	0
797	-51.97	-144.29	187.98	0	255	0
797	-51.91	-144.29	187.97	0	255	0
797	-51.85	-144.3	187.95	0	255	0
797	-51.79	-144.3	187.94	0	255	0
797	-51.73	-144.3	187.93	0	255	0
797	-51.68	-144.3	187.92	0	255	0
797	-51.62	-144.3	187.91	0	255	0
797	-51.57	-144.3	187.9	0	255	0
797	-51.51	-144.3	187.89	0	255	0
797	-51.46	-144.3	187.88	0	255	0
797	-51.41	-144.31	187.87	0	255	0
797	-51.36	-144.31	187.86	0	255	0
797	-51.31	-144.31	187.85	0	255	0
797	-51.27	-144.31	187.84	0	255	0
797	-51.22	-144.31	187.83	0	255	0
797	-51.18	-144.31	187.82	0	255	0
797	-51.14	-144.31	187.82	0	255	0
797	-51.09	-144.31	187.81	0	255	0
797	-51.05	-144.31	187.8	0	255	0
797	-51.02	-144.32	187.79	0	255	0
797	-50.98	-144.32	187.78	0	255	0
797	-50.94	-144.32	187.78	0	255	0
797	-50.91	-144.32	187.77	0	255	0
797	-50.88	-144.32	187.76	0	255	0
797	-50.85	-144.32	187.76	0	255	0
797	-50.82	-144.32	187.75	0	255	0
797	-50.79	-144.32	187.75	0	255	0
797	-50.77	-144.32	187.74	0	255	0
797	-50.74	-144.32	187.74	0	255	0
797	-50.72	-144.32	187.73	0	255	0
797	-50.7	-144.32	187.73	0	255	0
797	-50.68	-144.32	187.73	0	255	0
797	-50.66	-144.32	187.72	0	255	0
797	-50.65	-144.32	187.72	0	255	0
797	-50.64	-144.33	187.72	0	255	0
797	-50.63	-144.33	187.72	0	255	0
797	-50.62	-144.33	187.71	0	255	0
797	-50.61	-144.33	187.71	0	255	0
797	-50.6	-144.33	187.71	0	255	0
797	-50.6	-144.33	187.71	0	255	0
797	-50.6	-144.33	187.71	0	255	0
797	-50.6	-144.33	187.71	0	255	0
797	-50.6	-144.33	187.71	0	255	0
797	-50.61	-144.33	187.71	0	255	0
797	-50.62	-144.33	187.71	0	255	0
797	-50.62	-144.33	187.72	0	255	0
797	-50.64	-144.33	187.72	0	255	0
797	-50.65	-144.32	187.72	0	255	0
797	-50.66	-144.32	187.72	0	255	0
797	-50.68	-144.32	187.73	0	255	0
797	-50.7	-144.32	187.73	0	255	0
797	-50.72	-144.32	187.73	0	255	0
797	-50.74	-144.32	187.74	0	255	0
797	-50.76	-144.32	187.74	0	255	0
797	-50.79	-144.32	187.75	0	255	0
797	-50.81	-144.32	187.75	0	255	0
797	-50.84	-144.32	187.76	0	255	0
797	-50.87	-144.32	187.76	0	255	0
797	-50.9	-144.32	187.77	0	255	0
797	-50.94	-144.32	187.78	0	255	0
797	-50.97	-144.32	187.78	0	255	0
797	-51.01	-144.32	187.79	0	255	0
797	-51.04	-144.32	187.8	0	255	0
797	-51.08	-144.31	187.8	0	255	0
797	-51.12	-144.31	187.81	0	255	0
797	-51.16	-144.31	187.82	0	255	0
797	-51.21	-144.31	187.83	0	255	0
797	-51.25	-144.31	187.84	0	255	0
797	-51.3	-144.31	187.85	0	255	0
797	-51.34	-144.31	187.86	0	255	0
797	-51.39	-144.31	187.87	0	255	0
797	-51.44	-144.31	187.87	0	255	0
797	-51.49	-144.3	187.88	0	255	0
797	-51.54	-144.3	187.89	0	255	0
797	-51.6	-144.3	187.91	0	255	0
797	-51.65	-144.3	187.92	0	255	0
797	-51.71	-144.3	187.93	0	255	0
797	-51.76	-144.3	187.94	0	255	0
797	-51.82	-144.3	187.95	0	255	0
797	-51.88	-144.29	187.96	0	255	0
797	-51.94	-144.29	187.97	0	255	0
797	-52.0	-144.29	187.98	0	255	0
797	-52.06	-144.29	188.0	0	255	0
797	-52.12	-144.29	188.01	0	255	0
797	-52.18	-144.29	188.02	0	255	0
797	-52.25	-144.29	188.03	0	255	0
797	-52.31	-144.28	188.05	0	255	0
797	-52.38	-144.28	188.06	0	255	0
797	-52.44	-144.28	188.07	0	255	0
797	-52.51	-144.28	188.08	0	255	0
797	-52.58	-144.28	188.1	0	255	0
797	-52.65	-144.28	188.11	0	255	0
797	-52.71	-144.27	188.12	0	255	0
797	-52.78	-144.27	188.14	0	255	0
797	-52.85	-144.27	188.15	0	255	0
797	-52.93	-144.27	188.17	0	255	0
797	-53.0	-144.27	188.18	0	255	0
797	-53.07	-144.27	188.19	0	255	0
797	-53.14	-144.26	188.21	0	255	0
797	-53.21	-144.26	188.22	0	255	0
797	-53.29	-144.26	188.24	0	255	0
797	-53.36	-144.26	188.25	0	255	0
797	-53.43	-144.26	188.26	0	255	0
797	-53.51	-144.25	188.28	0	255	0
797	-53.58	-144.25	188.29	0	255	0
797	-53.66	-144.25	188.31	0	255	0
797	-53.73	-144.25	188.32	0	255	0
797	-53.81	-144.25	188.34	0	255	0
797	-53.88	-144.25	188.35	0	255	0
797	-53.96	-144.24	188.37	0	255	0
797	-54.04	-144.24	188.38	0	255	0
797	-54.11	-144.24	188.4	0	255	0
797	-54.19	-144.24	188.41	0	255	0
797	-54.27	-144.24	188.43	0	255	0
797	-54.34	-144.23	188.44	0	255	0
797	-54.42	-144.23	188.46	0	255	0
797	-54.5	-144.23	188.47	0	255	0
797	-54.57	-144.23	188.49	0	255	0
797	-54.65	-144.23	188.5	0	255	0
797	-54.73	-144.22	188.52	0	255	0
797	-54.8	-144.22	188.53	0	255	0
797	-54.88	-144.22	188.55	0	255	0
797	-54.95	-144.22	188.56	0	255	0
797	-55.03	-144.22	188.58	0	255	0
797	-55.11	-144.22	188.59	0	255	0
797	-55.18	-144.21	188.61	0	255	0
797	-55.26	-144.21	188.62	0	255	0
797	-55.33	-144.21	188.64	0	255	0
797	-55.41	-144.21	188.65	0	255	0
797	-55.48	-144.21	188.66	0	255	0
797	-55.56	-144.2	188.68	0	255	0
797	-55.63	-144.2	188.69	0	255	0
797	-55.7	-144.2	188.71	0	255	0
797	-55.78	-144.2	188.72	0	255	0
797	-55.85	-144.2	188.74	0	255	0
797	-55.92	-144.2	188.75	0	255	0
797	-55.99	-144.19	188.76	0	255	0
797	-56.06	-144.19	188.78	0	255	0
797	-56.13	-144.19	188.79	0	255	0
797	-56.2	-144.19	188.81	0	255	0
797	-56.27	-144.19	188.82	0	255	0
797	-56.34	-144.19	188.83	0	255	0
797	-56.41	-144.18	188.85	0	255	0
797	-56.47	-144.18	188.86	0	255	0
797	-56.54	-144.18	188.87	0	255	0
797	-56.6	-144.18	188.88	0	255	0
797	-56.67	-144.18	188.9	0	255	0
797	-56.73	-144.18	188.91	0	255	0
797	-56.8	-144.17	188.92	0	255	0
797	-56.86	-144.17	188.93	0	255	0
797	-56.92	-144.17	188.95	0	255	0
797	-56.98	-144.17	188.96	0	255	0
797	-57.04	-144.17	188.97	0	255	0
797	-57.1	-144.17	188.98	0	255	0
797	-57.15	-144.17	188.99	0	255	0
797	-57.21	-144.16	189.0	0	255	0
797	-57.26	-144.16	189.01	0	255	0
797	-57.32	-144.16	189.02	0	255	0
797	-57.37	-144.16	189.03	0	255	0
797	-57.42	-144.16	189.04	0	255	0
797	-57.47	-144.16	189.05	0	255	0
797	-57.52	-144.16	189.06	0	255	0
797	-57.57	-144.15	189.07	0	255	0
797	-57.62	-144.15	189.08	0	255	0
797	-57.66	-144.15	189.09	0	255	0
797	-57.71	-144.15	189.1	0	255	0
797	-57.75	-144.15	189.11	0	255	0
797	-57.79	-144.15	189.12	0	255	0
797	-57.83	-144.15	189.12	0	255	0
797	-57.87	-144.15	189.13	0	255	0
797	-57.91	-144.15	189.14	0	255	0
797	-57.95	-144.15	189.15	0	255	0
797	-57.98	-144.14	189.15	0	255	0
797	-58.01	-144.14	189.16	0	255	0
797	-58.04	-144.14	189.17	0	255	0
797	-58.07	-144.14	189.17	0	255	0
797	-58.1	-144.14	189.18	0	255	0
797	-58.13	-144.14	189.18	0	255	0
797	-58.15	-144.14	189.19	0	255	0
797	-58.18	-144.14	189.19	0	255	0
797	-58.2	-144.14	189.2	0	255	0
797	-58.22	-144.14	189.2	0	255	0
797	-58.24	-144.14	189.2	0	255	0
797	-58.25	-144.14	189.21	0	255	0
797	-58.27	-144.14	189.21	0	255	0
797	-58.28	-144.14	189.21	0	255	0
797	-58.29	-144.14	189.21	0	255	0
797	-58.3	-144.14	189.22	0	255	0
797	-58.31	-144.14	189.22	0	255	0
797	-58.31	-144.14	189.22	0	255	0
797	-58.31	-144.14	189.22	0	255	0
797	-58.32	-144.14	189.22	0	255	0
797	-58.32	-144.14	189.22	0	255	0
797	-58.32	-144.14	189.22	0	255	0
797	-58.32	-144.14	189.22	0	255	0
797	-58.32	-144.14	189.22	0	255	0
797	-58.32	-144.14	189.22	0	255	0
797	-58.32	-144.14	189.22	0	255	0
797	-58.32	-144.14	189.22	0	255	0
797	-58.32	-144.14	189.22	0	255	0
797	-58.32	-144.14	189.22	0	255	0
797	-58.32	-144.14	189.22	0	255	0
797	-58.32	-144.14	189.22	0	255	0
797	-58.32	-144.14	189.22	0	255	0
797	-58.32	-144.14	189.22	0	255	0
797	-58.32	-144.14	189.22	0	255	0
797	-58.32	-144.14	189.22	0	255	0
797	-58.32	-144.14	189.22	0	255	0
797	-58.32	-144.14	189.22	0	255	0
797	-58.32	-144.14	189.22	0	255	0
797	-58.32	-144.14	189.22	0	255	0
797	-58.32	-144.14	189.22	0	255	0
797	-58.32	-144.14	189.22	0	255	0
797	-58.32	-144.14	189.22	0	255	0
797	-58.32	-144.14	189.22	0	255	0
797	-58.32	-144.14	189.22	0	255	0
797	-58.32	-144.14	189.22	0	255	0
797	-58.32	-144.14	189.22	0	255	0
797	-58.32	-144.14	189.22	0	255	0
797	-58.32	-144.14	189.22	0	255	0
797	-58.32	-144.14	189.22	0	255	0
797	-58.32	-144.14	189.22	0	255	0
797	-58.32	-144.14	189.22	0	255	0
797	-58.32	-144.14	189.22	0	255	0
797	-58.32	-144.14	189.22	0	255	0
797	-58.32	-144.14	189.22	0	255	0
797	-58.32	-144.14	189.22	0	255	0
797	-58.32	-144.14	189.22	0	255	0
797	-58.32	-144.14	189.22	0	255	0
797	-58.32	-144.14	189.22	0	255	0
797	-58.32	-144.14	189.22	0	255	0
797	-58.32	-144.14	189.22	0	255	0
797	-58.32	-144.14	189.22	0	255	0
797	-58.32	-144.14	189.22	0	255	0
797	-58.32	-144.14	189.22	0	255	0
797	-58.32	-144.14	189.22	0	255	0
797	-58.32	-144.14	189.22	0	255	0
797	-58.32	-144.14	189.22	0	255	0
797	-58.32	-144.14	189.22	0	255	0
797	-58.32	-144.14	189.22	0	255	0
797	-58.32	-144.14	189.22	0	255	0
797	-58.32	-144.14	189.22	0	255	0
797	-58.32	-144.14	189.22	0	255	0
797	-58.32	-144.14	189.22	0	255	0
797	-58.32	-144.14	189.22	0	255	0
797	-58.32	-144.14	189.22	0	255	0
797	-58.32	-144.14	189.22	0	255	0
797	-58.32	-144.14	189.22	0	255	0
797	-58.32	-144.14	189.22	0	255	0
797	-58.32	-144.14	189.22	0	255	0
797	-58.32	-144.14	189.22	0	255	0
797	-58.32	-144.14	189.22	0	255	0
797	-58.32	-144.14	189.22	0	255	0
797	-58.32	-144.14	189.22	0	255	0
797	-58.32	-144.14	189.22	0	255	0
797	-58.32	-144.14	189.22	0	255	0
797	-58.32	-144.14	189.22	0	255	0
797	-58.32	-144.14	189.22	0	255	0
797	-58.32	-144.14	189.22	0	255	0
797	-58.32	-144.14	189.22	0	255	0
797	-58.32	-144.14	189.22	0	255	0
797	-58.32	-144.14	189.22	0	255	0
797	-58.32	-144.14	189.22	0	255	0
797	-58.32	-144.14	189.22	0	255	0
797	-58.32	-144.14	189.22	0	255	0
797	-58.32	-144.14	189.22	0	255	0
797	-58.32	-144.14	189.22	0	255	0
797	-58.32	-144.14	189.22	0	255	0
797	-58.32	-144.14	189.22	0	255	0
797	-58.32	-144.14	189.22	0	255	0
797	-58.32	-144.14	189.22	0	255	0
797	-58.32	-144.14	189.22	0	255	0
797	-58.32	-144.14	189.22	0	255	0
797	-58.32	-144.14	189.22	0	255	0
797	-58.32	-144.14	189.22	0	255	0
797	-58.32	-144.14	189.22	0	255	0
797	-58.32	-144.14	189.22	0	255	0
797	-58.32	-144.14	189.22	0	255	0
797	-58.32	-144.14	189.22	0	255	0
797	-58.32	-144.14	189.22	0	255	0
797	-58.32	-144.14	189.22	0	255	0
797	-58.32	-144.14	189.22	0	255	0
797	-58.32	-144.14	189.22	0	255	0
797	-58.32	-144.14	189.22	0	255	0
797	-58.32	-144.14	189.22	0	255	0
797	-58.32	-144.14	189.22	0	255	0
797	-58.32	-144.14	189.22	0	255	0
797	-58.32	-144.14	189.22	0	255	0
797	-58.32	-144.14	189.22	0	255	0
797	-58.32	-144.14	189.22	0	255	0
797	-58.32	-144.14	189.22	0	255	0
797	-58.32	-144.14	189.22	0	255	0
797	-58.32	-144.14	189.22	0	255	0
797	-58.32	-144.14	189.22	0	255	0
797	-58.32	-144.14	189.22	0	255	0
797	-58.32	-144.14	189.22	0	255	0
797	-58.32	-144.14	189.22	0	255	0
797	-58.32	-144.14	189.22	0	255	0
797	-58.32	-144.14	189.22	0	255	0
797	-58.32	-144.14	189.22	0	255	0
797	-58.32	-144.14	189.22	0	255	0
797	-58.32	-144.14	189.22	0	255	0
797	-58.32	-144.14	189.22	0	255	0
797	-58.32	-144.14	189.22	0	255	0
797	-58.32	-144.14	189.22	0	255	0
797	-58.32	-144.14	189.22	0	255	0
797	-58.32	-144.14	189.22	0	255	0
797	-58.32	-144.14	189.22	0	255	0
797	-58.32	-144.14	189.22	0	255	0
797	-58.32	-144.14	189.22	0	255	0
797	-58.32	-144.14	189.22	0	255	0
797	-58.32	-144.14	189.22	0	255	0
