801	-58.32	-144.14	175.88	0	255	0
801	-58.32	-144.14	175.88	0	255	0
801	-58.32	-144.14	175.88	0	255	0
801	-58.32	-144.14	175.88	0	255	0
801	-58.32	-144.14	175.88	0	255	0
801	-58.32	-144.14	175.88	0	255	0
801	-58.32	-144.14	175.88	0	255	0
801	-58.32	-144.14	175.88	0	255	0
801	-58.32	-144.14	175.88	0	255	0
801	-58.32	-144.14	175.88	0	255	0
801	-58.32	-144.14	175.88	0	255	0
801	-58.32	-144.14	175.88	0	255	0
801	-58.32	-144.14	175.88	0	255	0
801	-58.32	-144.14	175.88	0	255	0
801	-58.32	-144.14	175.88	0	255	0
801	-58.32	-144.14	175.88	0	255	0
801	-58.32	-144.14	175.88	0	255	0
801	-58.32	-144.14	175.88	0	255	0
801	-58.32	-144.14	175.88	0	255	0
801	-58.32	-144.14	175.88	0	255	0
801	-58.32	-144.14	175.88	0	255	0
801	-58.32	-144.14	175.88	0	255	0
801	-58.32	-144.14	175.88	0	255	0
801	-58.32	-144.14	175.88	0	255	0
801	-58.32	-144.14	175.88	0	255	0
801	-58.32	-144.14	175.88	0	255	0
801	-58.32	-144.14	175.88	0	255	0
801	-58.32	-144.14	175.88	0	255	0
801	-58.32	-144.14	175.88	0	255	0
801	-58.32	-144.14	175.88	0	255	0
801	-58.32	-144.14	175.88	0	255	0
801	-58.31	-144.14	175.88	0	255	0
801	-58.31	-144.14	175.87	0	255	0
801	-58.31	-144.14	175.87	0	255	0
801	-58.3	-144.14	175.87	0	255	0
801	-58.29	-144.14	175.87	0	255	0
801	-58.28	-144.14	175.86	0	255	0
801	-58.27	-144.14	175.86	0	255	0
801	-58.25	-144.14	175.85	0	255	0
801	-58.23	-144.14	175.84	0	255	0
801	-58.22	-144.14	175.83	0	255	0
801	-58.2	-144.14	175.83	0	255	0
801	-58.17	-144.14	175.82	0	255	0
801	-58.15	-144.14	175.81	0	255	0
801	-58.12	-144.14	175.8	0	255	0
801	-58.1	-144.14	175.78	0	255	0
801	-58.07	-144.14	175.77	0	255	0
801	-58.04	-144.14	175.76	0	255	0
801	-58.01	-144.14	175.75	0	255	0
801	-57.97	-144.14	175.73	0	255	0
801	-57.94	-144.15	175.72	0	255	0
801	-57.9	-144.15	175.7	0	255	0
801	-57.86	-144.15	175.69	0	255	0
801	-57.82	-144.15	175.67	0	255	0
801	-57.78	-144.15	175.65	0	255	0
801	-57.74	-144.15	175.64	0	255	0
801	-57.69	-144.15	175.62	0	255	0
801	-57.65	-144.15	175.6	0	255	0
801	-57.6	-144.15	175.58	0	255	0
801	-57.55	-144.16	175.56	0	255	0
801	-57.5	-144.16	175.54	0	255	0
801	-57.45	-144.16	175.52	0	255	0
801	-57.4	-144.16	175.5	0	255	0
801	-57.35	-144.16	175.47	0	255	0
801	-57.29	-144.16	175.45	0	255	0
801	-57.24	-144.16	175.43	0	255	0
801	-57.18	-144.16	175.4	0	255	0
801	-57.12	-144.17	175.38	0	255	0
801	-57.07	-144.17	175.36	0	255	0
801	-57.01	-144.17	175.33	0	255	0
801	-56.95	-144.17	175.31	0	255	0
801	-56.88	-144.17	175.28	0	255	0
801	-56.82	-144.17	175.25	0	255	0
801	-56.76	-144.17	175.23	0	255	0
801	-56.69	-144.18	175.2	0	255	0
801	-56.63	-144.18	175.17	0	255	0
801	-56.56	-144.18	175.15	0	255	0
801	-56.5	-144.18	175.12	0	255	0
801	-56.43	-144.18	175.09	0	255	0
801	-56.36	-144.18	175.06	0	255	0
801	-56.29	-144.19	175.03	0	255	0
801	-56.22	-144.19	175.01	0	255	0
801	-56.15	-144.19	174.98	0	255	0
801	-56.08	-144.19	174.95	0	255	0
801	-56.01	-144.19	174.92	0	255	0
801	-55.94	-144.19	174.89	0	255	0
801	-55.87	-144.2	174.86	0	255	0
801	-55.79	-144.2	174.83	0	255	0
801	-55.72	-144.2	174.8	0	255	0
801	-55.64	-144.2	174.77	0	255	0
801	-55.57	-144.2	174.73	0	255	0
801	-55.5	-144.21	174.7	0	255	0
801	-55.42	-144.21	174.67	0	255	0
801	-55.34	-144.21	174.64	0	255	0
801	-55.27	-144.21	174.61	0	255	0
801	-55.19	-144.21	174.58	0	255	0
801	-55.12	-144.22	174.54	0	255	0
801	-55.04	-144.22	174.51	0	255	0
801	-54.96	-144.22	174.48	0	255	0
801	-54.88	-144.22	174.45	0	255	0
801	-54.81	-144.22	174.42	0	255	0
801	-54.73	-144.22	174.38	0	255	0
801	-54.65	-144.23	174.35	0	255	0
801	-54.57	-144.23	174.32	0	255	0
801	-54.5	-144.23	174.29	0	255	0
801	-54.42	-144.23	174.26	0	255	0
801	-54.34	-144.23	174.22	0	255	0
801	-54.26	-144.24	174.19	0	255	0
801	-54.19	-144.24	174.16	0	255	0
801	-54.11	-144.24	174.13	0	255	0
801	-54.03	-144.24	174.09	0	255	0
801	-53.95	-144.24	174.06	0	255	0
801	-53.88	-144.25	174.03	0	255	0
801	-53.8	-144.25	174.0	0	255	0
801	-53.72	-144.25	173.97	0	255	0
801	-53.65	-144.25	173.93	0	255	0
801	-53.57	-144.25	173.9	0	255	0
801	-53.5	-144.25	173.87	0	255	0
801	-53.42	-144.26	173.84	0	255	0
801	-53.35	-144.26	173.81	0	255	0
801	-53.27	-144.26	173.78	0	255	0
801	-53.2	-144.26	173.75	0	255	0
801	-53.12	-144.26	173.72	0	255	0
801	-53.05	-144.27	173.69	0	255	0
801	-52.98	-144.27	173.66	0	255	0
801	-52.91	-144.27	173.63	0	255	0
801	-52.83	-144.27	173.6	0	255	0
801	-52.76	-144.27	173.57	0	255	0
801	-52.69	-144.27	173.54	0	255	0
801	-52.62	-144.28	173.51	0	255	0
801	-52.55	-144.28	173.48	0	255	0
801	-52.49	-144.28	173.45	0	255	0
801	-52.42	-144.28	173.42	0	255	0
801	-52.35	-144.28	173.4	0	255	0
801	-52.29	-144.28	173.37	0	255	0
801	-52.22	-144.29	173.34	0	255	0
801	-52.16	-144.29	173.31	0	255	0
801	-52.09	-144.29	173.29	0	255	0
801	-52.03	-144.29	173.26	0	255	0
801	-51.97	-144.29	173.24	0	255	0
801	-51.91	-144.29	173.21	0	255	0
801	-51.85	-144.3	173.19	0	255	0
801	-51.79	-144.3	173.16	0	255	0
801	-51.73	-144.3	173.14	0	255	0
801	-51.68	-144.3	173.12	0	255	0
801	-51.62	-144.3	173.09	0	255	0
801	-51.57	-144.3	173.07	0	255	0
801	-51.51	-144.3	173.05	0	255	0
801	-51.46	-144.3	173.03	0	255	0
801	-51.41	-144.31	173.01	0	255	0
801	-51.36	-144.31	172.98	0	255	0
801	-51.31	-144.31	172.96	0	255	0
801	-51.27	-144.31	172.95	0	255	0
801	-51.22	-144.31	172.93	0	255	0
801	-51.18	-144.31	172.91	0	255	0
801	-51.14	-144.31	172.89	0	255	0
801	-51.09	-144.31	172.87	0	255	0
801	-51.05	-144.31	172.86	0	255	0
801	-51.02	-144.32	172.84	0	255	0
801	-50.98	-144.32	172.83	0	255	0
801	-50.94	-144.32	172.81	0	255	0
801	-50.91	-144.32	172.8	0	255	0
801	-50.88	-144.32	172.78	0	255	0
801	-50.85	-144.32	172.77	0	255	0
801	-50.82	-144.32	172.76	0	255	0
801	-50.79	-144.32	172.75	0	255	0
801	-50.77	-144.32	172.74	0	255	0
801	-50.74	-144.32	172.73	0	255	0
801	-50.72	-144.32	172.72	0	255	0
801	-50.7	-144.32	172.71	0	255	0
801	-50.68	-144.32	172.7	0	255	0
801	-50.66	-144.32	172.69	0	255	0
801	-50.65	-144.32	172.69	0	255	0
801	-50.64	-144.33	172.68	0	255	0
801	-50.63	-144.33	172.68	0	255	0
801	-50.62	-144.33	172.67	0	255	0
801	-50.61	-144.33	172.67	0	255	0
801	-50.6	-144.33	172.67	0	255	0
801	-50.6	-144.33	172.67	0	255	0
801	-50.6	-144.33	172.67	0	255	0
801	-50.6	-144.33	172.67	0	255	0
801	-50.6	-144.33	172.67	0	255	0
801	-50.61	-144.33	172.67	0	255	0
801	-50.62	-144.33	172.67	0	255	0
801	-50.62	-144.33	172.68	0	255	0
801	-50.64	-144.33	172.68	0	255	0
801	-50.65	-144.32	172.69	0	255	0
801	-50.66	-144.32	172.69	0	255	0
801	-50.68	-144.32	172.7	0	255	0
801	-50.7	-144.32	172.71	0	255	0
801	-50.72	-144.32	172.72	0	255	0
801	-50.74	-144.32	172.73	0	255	0
801	-50.76	-144.32	172.73	0	255	0
801	-50.79	-144.32	172.75	0	255	0
801	-50.81	-144.32	172.76	0	255	0
801	-50.84	-144.32	172.77	0	255	0
801	-50.87	-144.32	172.78	0	255	0
801	-50.9	-144.32	172.79	0	255	0
801	-50.94	-144.32	172.81	0	255	0
801	-50.97	-144.32	172.82	0	255	0
801	-51.01	-144.32	172.84	0	255	0
801	-51.04	-144.32	172.85	0	255	0
801	-51.08	-144.31	172.87	0	255	0
801	-51.12	-144.31	172.88	0	255	0
801	-51.16	-144.31	172.9	0	255	0
801	-51.21	-144.31	172.92	0	255	0
801	-51.25	-144.31	172.94	0	255	0
801	-51.3	-144.31	172.96	0	255	0
801	-51.34	-144.31	172.98	0	255	0
801	-51.39	-144.31	173.0	0	255	0
801	-51.44	-144.31	173.02	0	255	0
801	-51.49	-144.3	173.04	0	255	0
801	-51.54	-144.3	173.06	0	255	0
801	-51.6	-144.3	173.08	0	255	0
801	-51.65	-144.3	173.1	0	255	0
801	-51.71	-144.3	173.13	0	255	0
801	-51.76	-144.3	173.15	0	255	0
801	-51.82	-144.3	173.17	0	255	0
801	-51.88	-144.29	173.2	0	255	0
801	-51.94	-144.29	173.22	0	255	0
801	-52.0	-144.29	173.25	0	255	0
801	-52.06	-144.29	173.27	0	255	0
801	-52.12	-144.29	173.3	0	255	0
801	-52.18	-144.29	173.33	0	255	0
801	-52.25	-144.29	173.35	0	255	0
801	-52.31	-144.28	173.38	0	255	0
801	-52.38	-144.28	173.41	0	255	0
801	-52.44	-144.28	173.43	0	255	0
801	-52.51	-144.28	173.46	0	255	0
801	-52.58	-144.28	173.49	0	255	0
801	-52.65	-144.28	173.52	0	255	0
801	-52.71	-144.27	173.55	0	255	0
801	-52.78	-144.27	173.58	0	255	0
801	-52.85	-144.27	173.6	0	255	0
801	-52.93	-144.27	173.63	0	255	0
801	-53.0	-144.27	173.66	0	255	0
801	-53.07	-144.27	173.69	0	255	0
801	-53.14	-144.26	173.72	0	255	0
801	-53.21	-144.26	173.75	0	255	0
801	-53.29	-144.26	173.78	0	255	0
801	-53.36	-144.26	173.82	0	255	0
801	-53.43	-144.26	173.85	0	255	0
801	-53.51	-144.25	173.88	0	255	0
801	-53.58	-144.25	173.91	0	255	0
801	-53.66	-144.25	173.94	0	255	0
801	-53.73	-144.25	173.97	0	255	0
801	-53.81	-144.25	174.0	0	255	0
801	-53.88	-144.25	174.03	0	255	0
801	-53.96	-144.24	174.06	0	255	0
801	-54.04	-144.24	174.1	0	255	0
801	-54.11	-144.24	174.13	0	255	0
801	-54.19	-144.24	174.16	0	255	0
801	-54.27	-144.24	174.19	0	255	0
801	-54.34	-144.23	174.22	0	255	0
801	-54.42	-144.23	174.26	0	255	0
801	-54.5	-144.23	174.29	0	255	0
801	-54.57	-144.23	174.32	0	255	0
801	-54.65	-144.23	174.35	0	255	0
801	-54.73	-144.22	174.38	0	255	0
801	-54.8	-144.22	174.41	0	255	0
801	-54.88	-144.22	174.45	0	255	0
801	-54.95	-144.22	174.48	0	255	0
801	-55.03	-144.22	174.51	0	255	0
801	-55.11	-144.22	174.54	0	255	0
801	-55.18	-144.21	174.57	0	255	0
801	-55.26	-144.21	174.6	0	255	0
801	-55.33	-144.21	174.64	0	255	0
801	-55.41	-144.21	174.67	0	255	0
801	-55.48	-144.21	174.7	0	255	0
801	-55.56	-144.2	174.73	0	255	0
801	-55.63	-144.2	174.76	0	255	0
801	-55.7	-144.2	174.79	0	255	0
801	-55.78	-144.2	174.82	0	255	0
801	-55.85	-144.2	174.85	0	255	0
801	-55.92	-144.2	174.88	0	255	0
801	-55.99	-144.19	174.91	0	255	0
801	-56.06	-144.19	174.94	0	255	0
801	-56.13	-144.19	174.97	0	255	0
801	-56.2	-144.19	175.0	0	255	0
801	-56.27	-144.19	175.03	0	255	0
801	-56.34	-144.19	175.05	0	255	0
801	-56.41	-144.18	175.08	0	255	0
801	-56.47	-144.18	175.11	0	255	0
801	-56.54	-144.18	175.14	0	255	0
801	-56.6	-144.18	175.16	0	255	0
801	-56.67	-144.18	175.19	0	255	0
801	-56.73	-144.18	175.22	0	255	0
801	-56.8	-144.17	175.24	0	255	0
801	-56.86	-144.17	175.27	0	255	0
801	-56.92	-144.17	175.29	0	255	0
801	-56.98	-144.17	175.32	0	255	0
801	-57.04	-144.17	175.34	0	255	0
801	-57.1	-144.17	175.37	0	255	0
801	-57.15	-144.17	175.39	0	255	0
801	-57.21	-144.16	175.42	0	255	0
801	-57.26	-144.16	175.44	0	255	0
801	-57.32	-144.16	175.46	0	255	0
801	-57.37	-144.16	175.48	0	255	0
801	-57.42	-144.16	175.5	0	255	0
801	-57.47	-144.16	175.53	0	255	0
801	-57.52	-144.16	175.55	0	255	0
801	-57.57	-144.15	175.57	0	255	0
801	-57.62	-144.15	175.59	0	255	0
801	-57.66	-144.15	175.6	0	255	0
801	-57.71	-144.15	175.62	0	255	0
801	-57.75	-144.15	175.64	0	255	0
801	-57.79	-144.15	175.66	0	255	0
801	-57.83	-144.15	175.68	0	255	0
801	-57.87	-144.15	175.69	0	255	0
801	-57.91	-144.15	175.71	0	255	0
801	-57.95	-144.15	175.72	0	255	0
801	-57.98	-144.14	175.74	0	255	0
801	-58.01	-144.14	175.75	0	255	0
801	-58.04	-144.14	175.76	0	255	0
801	-58.07	-144.14	175.78	0	255	0
801	-58.1	-144.14	175.79	0	255	0
801	-58.13	-144.14	175.8	0	255	0
801	-58.15	-144.14	175.81	0	255	0
801	-58.18	-144.14	175.82	0	255	0
801	-58.2	-144.14	175.83	0	255	0
801	-58.22	-144.14	175.84	0	255	0
801	-58.24	-144.14	175.84	0	255	0
801	-58.25	-144.14	175.85	0	255	0
801	-58.27	-144.14	175.86	0	255	0
801	-58.28	-144.14	175.86	0	255	0
801	-58.29	-144.14	175.87	0	255	0
801	-58.3	-144.14	175.87	0	255	0
801	-58.31	-144.14	175.87	0	255	0
801	-58.31	-144.14	175.87	0	255	0
801	-58.31	-144.14	175.88	0	255	0
801	-58.32	-144.14	175.88	0	255	0
801	-58.32	-144.14	175.88	0	255	0
801	-58.32	-144.14	175.88	0	255	0
801	-58.32	-144.14	175.88	0	255	0
801	-58.32	-144.14	175.88	0	255	0
801	-58.32	-144.14	175.88	0	255	0
801	-58.32	-144.14	175.88	0	255	0
801	-58.32	-144.14	175.88	0	255	0
801	-58.32	-144.14	175.88	0	255	0
801	-58.32	-144.14	175.88	0	255	0
801	-58.32	-144.14	175.88	0	255	0
801	-58.32	-144.14	175.88	0	255	0
801	-58.32	-144.14	175.88	0	255	0
801	-58.32	-144.14	175.88	0	255	0
801	-58.32	-144.14	175.88	0	255	0
801	-58.32	-144.14	175.88	0	255	0
801	-58.32	-144.14	175.88	0	255	0
801	-58.32	-144.14	175.88	0	255	0
801	-58.32	-144.14	175.88	0	255	0
801	-58.32	-144.14	175.88	0	255	0
801	-58.32	-144.14	175.88	0	255	0
801	-58.32	-144.14	175.88	0	255	0
801	-58.32	-144.14	175.88	0	255	0
801	-58.32	-144.14	175.88	0	255	0
801	-58.32	-144.14	175.88	0	255	0
801	-58.32	-144.14	175.88	0	255	0
801	-58.32	-144.14	175.88	0	255	0
801	-58.32	-144.14	175.88	0	255	0
801	-58.32	-144.14	175.88	0	255	0
801	-58.32	-144.14	175.88	0	255	0
801	-58.32	-144.14	175.88	0	255	0
801	-58.32	-144.14	175.88	0	255	0
801	-58.32	-144.14	175.88	0	255	0
801	-58.32	-144.14	175.88	0	255	0
801	-58.32	-144.14	175.88	0	255	0
801	-58.32	-144.14	175.88	0	255	0
801	-58.32	-144.14	175.88	0	255	0
801	-58.32	-144.14	175.88	0	255	0
801	-58.32	-144.14	175.88	0	255	0
801	-58.32	-144.14	175.88	0	255	0
801	-58.32	-144.14	175.88	0	255	0
801	-58.32	-144.14	175.88	0	255	0
801	-58.32	-144.14	175.88	0	255	0
801	-58.32	-144.14	175.88	0	255	0
801	-58.32	-144.14	175.88	0	255	0
801	-58.32	-144.14	175.88	0	255	0
801	-58.32	-144.14	175.88	0	255	0
801	-58.32	-144.14	175.88	0	255	0
801	-58.32	-144.14	175.88	0	255	0
801	-58.32	-144.14	175.88	0	255	0
801	-58.32	-144.14	175.88	0	255	0
801	-58.32	-144.14	175.88	0	255	0
801	-58.32	-144.14	175.88	0	255	0
801	-58.32	-144.14	175.88	0	255	0
801	-58.32	-144.14	175.88	0	255	0
801	-58.32	-144.14	175.88	0	255	0
801	-58.32	-144.14	175.88	0	255	0
801	-58.32	-144.14	175.88	0	255	0
801	-58.32	-144.14	175.88	0	255	0
801	-58.32	-144.14	175.88	0	255	0
801	-58.32	-144.14	175.88	0	255	0
801	-58.32	-144.14	175.88	0	255	0
801	-58.32	-144.14	175.88	0	255	0
801	-58.32	-144.14	175.88	0	255	0
801	-58.32	-144.14	175.88	0	255	0
801	-58.32	-144.14	175.88	0	255	0
801	-58.32	-144.14	175.88	0	255	0
801	-58.32	-144.14	175.88	0	255	0
801	-58.32	-144.14	175.88	0	255	0
801	-58.32	-144.14	175.88	0	255	0
801	-58.32	-144.14	175.88	0	255	0
801	-58.32	-144.14	175.88	0	255	0
801	-58.32	-144.14	175.88	0	255	0
801	-58.32	-144.14	175.88	0	255	0
801	-58.32	-144.14	175.88	0	255	0
801	-58.32	-144.14	175.88	0	255	0
801	-58.32	-144.14	175.88	0	255	0
801	-58.32	-144.14	175.88	0	255	0
801	-58.32	-144.14	175.88	0	255	0
801	-58.32	-144.14	175.88	0	255	0
801	-58.32	-144.14	175.88	0	255	0
801	-58.32	-144.14	175.88	0	255	0
801	-58.32	-144.14	175.88	0	255	0
801	-58.32	-144.14	175.88	0	255	0
801	-58.32	-144.14	175.88	0	255	0
801	-58.32	-144.14	175.88	0	255	0
801	-58.32	-144.14	175.88	0	255	0
801	-58.32	-144.14	175.88	0	255	0
801	-58.32	-144.14	175.88	0	255	0
801	-58.32	-144.14	175.88	0	255	0
801	-58.32	-144.14	175.88	0	255	0
801	-58.32	-144.14	175.88	0	255	0
801	-58.32	-144.14	175.88	0	255	0
801	-58.32	-144.14	175.88	0	255	0
801	-58.32	-144.14	175.88	0	255	0
801	-58.32	-144.14	175.88	0	255	0
801	-58.32	-144.14	175.88	0	255	0
801	-58.32	-144.14	175.88	0	255	0
801	-58.32	-144.14	175.88	0	255	0
801	-58.32	-144.14	175.88	0	255	0
801	-58.32	-144.14	175.88	0	255	0
801	-58.32	-144.14	175.88	0	255	0
801	-58.32	-144.14	175.88	0	255	0
801	-58.32	-144.14	175.88	0	255	0
801	-58.32	-144.14	175.88	0	255	0
801	-58.32	-144.14	175.88	0	255	0
801	-58.32	-144.14	175.88	0	255	0
801	-58.32	-144.14	175.88	0	255	0
801	-58.32	-144.14	175.88	0	255	0
801	-58.32	-144.14	175.88	0	255	0
801	-58.32	-144.14	175.88	0	255	0
801	-58.32	-144.14	175.88	0	255	0
801	-58.32	-144.14	175.88	0	255	0
801	-58.32	-144.14	175.88	0	255	0
801	-58.32	-144.14	175.88	0	255	0
801	-58.32	-144.14	175.88	0	255	0
801	-58.32	-144.14	175.88	0	255	0
801	-58.32	-144.14	175.88	0	255	0
801	-58.32	-144.14	175.88	0	255	0
801	-58.32	-144.14	175.88	0	255	0
801	-58.32	-144.14	175.88	0	255	0
