806	-60.64	-144.51	164.71	0	255	0
806	-60.64	-144.51	164.71	0	255	0
806	-60.64	-144.51	164.71	0	255	0
806	-60.64	-144.51	164.71	0	255	0
806	-60.64	-144.51	164.71	0	255	0
806	-60.64	-144.51	164.71	0	255	0
806	-60.64	-144.51	164.71	0	255	0
806	-60.64	-144.51	164.71	0	255	0
806	-60.64	-144.51	164.71	0	255	0
806	-60.64	-144.51	164.71	0	255	0
806	-60.64	-144.51	164.71	0	255	0
806	-60.64	-144.51	164.71	0	255	0
806	-60.64	-144.51	164.71	0	255	0
806	-60.64	-144.51	164.71	0	255	0
806	-60.64	-144.51	164.71	0	255	0
806	-60.64	-144.51	164.71	0	255	0
806	-60.64	-144.51	164.71	0	255	0
806	-60.64	-144.51	164.71	0	255	0
806	-60.64	-144.51	164.71	0	255	0
806	-60.64	-144.51	164.71	0	255	0
806	-60.64	-144.51	164.71	0	255	0
806	-60.64	-144.51	164.71	0	255	0
806	-60.64	-144.51	164.71	0	255	0
806	-60.64	-144.51	164.71	0	255	0
806	-60.64	-144.51	164.71	0	255	0
806	-60.64	-144.51	164.71	0	255	0
806	-60.64	-144.51	164.71	0	255	0
806	-60.64	-144.51	164.71	0	255	0
806	-60.64	-144.51	164.71	0	255	0
806	-60.64	-144.51	164.71	0	255	0
806	-60.64	-144.51	164.71	0	255	0
806	-60.64	-144.51	164.7	0	255	0
806	-60.64	-144.51	164.7	0	255	0
806	-60.63	-144.51	164.7	0	255	0
806	-60.63	-144.51	164.7	0	255	0
806	-60.62	-144.51	164.69	0	255	0
806	-60.61	-144.51	164.68	0	255	0
806	-60.6	-144.51	164.68	0	255	0
806	-60.58	-144.51	164.67	0	255	0
806	-60.57	-144.51	164.66	0	255	0
806	-60.55	-144.51	164.65	0	255	0
806	-60.53	-144.51	164.63	0	255	0
806	-60.51	-144.51	164.62	0	255	0
806	-60.48	-144.51	164.61	0	255	0
806	-60.46	-144.51	164.59	0	255	0
806	-60.43	-144.51	164.57	0	255	0
806	-60.4	-144.51	164.56	0	255	0
806	-60.38	-144.51	164.54	0	255	0
806	-60.34	-144.51	164.52	0	255	0
806	-60.31	-144.52	164.5	0	255	0
806	-60.28	-144.52	164.48	0	255	0
806	-60.24	-144.52	164.46	0	255	0
806	-60.21	-144.52	164.43	0	255	0
806	-60.17	-144.52	164.41	0	255	0
806	-60.13	-144.52	164.38	0	255	0
806	-60.09	-144.52	164.36	0	255	0
806	-60.04	-144.52	164.33	0	255	0
806	-60.0	-144.53	164.3	0	255	0
806	-59.96	-144.53	164.28	0	255	0
806	-59.91	-144.53	164.25	0	255	0
806	-59.86	-144.53	164.22	0	255	0
806	-59.81	-144.53	164.19	0	255	0
806	-59.76	-144.53	164.16	0	255	0
806	-59.71	-144.53	164.12	0	255	0
806	-59.66	-144.54	164.09	0	255	0
806	-59.61	-144.54	164.06	0	255	0
806	-59.55	-144.54	164.02	0	255	0
806	-59.5	-144.54	163.99	0	255	0
806	-59.44	-144.54	163.96	0	255	0
806	-59.38	-144.55	163.92	0	255	0
806	-59.33	-144.55	163.88	0	255	0
806	-59.27	-144.55	163.85	0	255	0
806	-59.21	-144.55	163.81	0	255	0
806	-59.15	-144.55	163.77	0	255	0
806	-59.08	-144.55	163.73	0	255	0
806	-59.02	-144.56	163.69	0	255	0
806	-58.96	-144.56	163.65	0	255	0
806	-58.89	-144.56	163.61	0	255	0
806	-58.83	-144.56	163.57	0	255	0
806	-58.76	-144.56	163.53	0	255	0
806	-58.7	-144.57	163.49	0	255	0
806	-58.63	-144.57	163.45	0	255	0
806	-58.56	-144.57	163.41	0	255	0
806	-58.49	-144.57	163.36	0	255	0
806	-58.43	-144.58	163.32	0	255	0
806	-58.36	-144.58	163.28	0	255	0
806	-58.29	-144.58	163.23	0	255	0
806	-58.22	-144.58	163.19	0	255	0
806	-58.15	-144.58	163.15	0	255	0
806	-58.07	-144.59	163.1	0	255	0
806	-58.0	-144.59	163.06	0	255	0
806	-57.93	-144.59	163.01	0	255	0
806	-57.86	-144.59	162.97	0	255	0
806	-57.79	-144.6	162.92	0	255	0
806	-57.71	-144.6	162.88	0	255	0
806	-57.64	-144.6	162.83	0	255	0
806	-57.57	-144.6	162.78	0	255	0
806	-57.49	-144.61	162.74	0	255	0
806	-57.42	-144.61	162.69	0	255	0
806	-57.34	-144.61	162.65	0	255	0
806	-57.27	-144.61	162.6	0	255	0
806	-57.19	-144.61	162.55	0	255	0
806	-57.12	-144.62	162.51	0	255	0
806	-57.05	-144.62	162.46	0	255	0
806	-56.97	-144.62	162.41	0	255	0
806	-56.9	-144.62	162.37	0	255	0
806	-56.82	-144.63	162.32	0	255	0
806	-56.75	-144.63	162.27	0	255	0
806	-56.67	-144.63	162.23	0	255	0
806	-56.6	-144.63	162.18	0	255	0
806	-56.52	-144.64	162.13	0	255	0
806	-56.45	-144.64	162.09	0	255	0
806	-56.37	-144.64	162.04	0	255	0
806	-56.3	-144.64	162.0	0	255	0
806	-56.23	-144.65	161.95	0	255	0
806	-56.15	-144.65	161.9	0	255	0
806	-56.08	-144.65	161.86	0	255	0
806	-56.01	-144.65	161.81	0	255	0
806	-55.94	-144.66	161.77	0	255	0
806	-55.86	-144.66	161.72	0	255	0
806	-55.79	-144.66	161.68	0	255	0
806	-55.72	-144.66	161.63	0	255	0
806	-55.65	-144.66	161.59	0	255	0
806	-55.58	-144.67	161.55	0	255	0
806	-55.51	-144.67	161.5	0	255	0
806	-55.44	-144.67	161.46	0	255	0
806	-55.37	-144.67	161.42	0	255	0
806	-55.3	-144.68	161.37	0	255	0
806	-55.24	-144.68	161.33	0	255	0
806	-55.17	-144.68	161.29	0	255	0
806	-55.1	-144.68	161.25	0	255	0
806	-55.04	-144.68	161.21	0	255	0
806	-54.97	-144.69	161.17	0	255	0
806	-54.91	-144.69	161.13	0	255	0
806	-54.84	-144.69	161.09	0	255	0
806	-54.78	-144.69	161.05	0	255	0
806	-54.72	-144.69	161.01	0	255	0
806	-54.66	-144.7	160.97	0	255	0
806	-54.6	-144.7	160.93	0	255	0
806	-54.54	-144.7	160.9	0	255	0
806	-54.48	-144.7	160.86	0	255	0
806	-54.43	-144.7	160.82	0	255	0
806	-54.37	-144.71	160.79	0	255	0
806	-54.31	-144.71	160.75	0	255	0
806	-54.26	-144.71	160.72	0	255	0
806	-54.21	-144.71	160.69	0	255	0
806	-54.15	-144.71	160.66	0	255	0
806	-54.1	-144.71	160.62	0	255	0
806	-54.05	-144.72	160.59	0	255	0
806	-54.0	-144.72	160.56	0	255	0
806	-53.96	-144.72	160.53	0	255	0
806	-53.91	-144.72	160.5	0	255	0
806	-53.87	-144.72	160.48	0	255	0
806	-53.82	-144.72	160.45	0	255	0
806	-53.78	-144.72	160.42	0	255	0
806	-53.74	-144.73	160.4	0	255	0
806	-53.7	-144.73	160.37	0	255	0
806	-53.66	-144.73	160.35	0	255	0
806	-53.62	-144.73	160.32	0	255	0
806	-53.59	-144.73	160.3	0	255	0
806	-53.55	-144.73	160.28	0	255	0
806	-53.52	-144.73	160.26	0	255	0
806	-53.49	-144.73	160.24	0	255	0
806	-53.46	-144.73	160.22	0	255	0
806	-53.43	-144.73	160.21	0	255	0
806	-53.41	-144.74	160.19	0	255	0
806	-53.38	-144.74	160.17	0	255	0
806	-53.36	-144.74	160.16	0	255	0
806	-53.34	-144.74	160.15	0	255	0
806	-53.32	-144.74	160.13	0	255	0
806	-53.3	-144.74	160.12	0	255	0
806	-53.29	-144.74	160.11	0	255	0
806	-53.27	-144.74	160.1	0	255	0
806	-53.26	-144.74	160.1	0	255	0
806	-53.25	-144.74	160.09	0	255	0
806	-53.24	-144.74	160.08	0	255	0
806	-53.23	-144.74	160.08	0	255	0
806	-53.23	-144.74	160.08	0	255	0
806	-53.22	-144.74	160.08	0	255	0
806	-53.22	-144.74	160.07	0	255	0
806	-53.22	-144.74	160.08	0	255	0
806	-53.23	-144.74	160.08	0	255	0
806	-53.23	-144.74	160.08	0	255	0
806	-53.24	-144.74	160.08	0	255	0
806	-53.25	-144.74	160.09	0	255	0
806	-53.26	-144.74	160.1	0	255	0
806	-53.27	-144.74	160.1	0	255	0
806	-53.28	-144.74	160.11	0	255	0
806	-53.3	-144.74	160.12	0	255	0
806	-53.32	-144.74	160.13	0	255	0
806	-53.34	-144.74	160.14	0	255	0
806	-53.36	-144.74	160.16	0	255	0
806	-53.38	-144.74	160.17	0	255	0
806	-53.4	-144.74	160.19	0	255	0
806	-53.43	-144.74	160.2	0	255	0
806	-53.46	-144.73	160.22	0	255	0
806	-53.48	-144.73	160.24	0	255	0
806	-53.51	-144.73	160.26	0	255	0
806	-53.55	-144.73	160.28	0	255	0
806	-53.58	-144.73	160.3	0	255	0
806	-53.61	-144.73	160.32	0	255	0
806	-53.65	-144.73	160.34	0	255	0
806	-53.69	-144.73	160.36	0	255	0
806	-53.73	-144.73	160.39	0	255	0
806	-53.77	-144.72	160.41	0	255	0
806	-53.81	-144.72	160.44	0	255	0
806	-53.85	-144.72	160.47	0	255	0
806	-53.89	-144.72	160.49	0	255	0
806	-53.94	-144.72	160.52	0	255	0
806	-53.99	-144.72	160.55	0	255	0
806	-54.03	-144.72	160.58	0	255	0
806	-54.08	-144.71	160.61	0	255	0
806	-54.13	-144.71	160.64	0	255	0
806	-54.18	-144.71	160.67	0	255	0
806	-54.23	-144.71	160.71	0	255	0
806	-54.29	-144.71	160.74	0	255	0
806	-54.34	-144.71	160.77	0	255	0
806	-54.4	-144.7	160.81	0	255	0
806	-54.45	-144.7	160.84	0	255	0
806	-54.51	-144.7	160.88	0	255	0
806	-54.57	-144.7	160.91	0	255	0
806	-54.63	-144.7	160.95	0	255	0
806	-54.69	-144.69	160.99	0	255	0
806	-54.75	-144.69	161.02	0	255	0
806	-54.81	-144.69	161.06	0	255	0
806	-54.87	-144.69	161.1	0	255	0
806	-54.93	-144.69	161.14	0	255	0
806	-55.0	-144.69	161.18	0	255	0
806	-55.06	-144.68	161.22	0	255	0
806	-55.13	-144.68	161.26	0	255	0
806	-55.19	-144.68	161.3	0	255	0
806	-55.26	-144.68	161.34	0	255	0
806	-55.32	-144.67	161.39	0	255	0
806	-55.39	-144.67	161.43	0	255	0
806	-55.46	-144.67	161.47	0	255	0
806	-55.53	-144.67	161.51	0	255	0
806	-55.6	-144.67	161.56	0	255	0
806	-55.67	-144.66	161.6	0	255	0
806	-55.74	-144.66	161.64	0	255	0
806	-55.81	-144.66	161.69	0	255	0
806	-55.88	-144.66	161.73	0	255	0
806	-55.95	-144.65	161.78	0	255	0
806	-56.02	-144.65	161.82	0	255	0
806	-56.09	-144.65	161.86	0	255	0
806	-56.16	-144.65	161.91	0	255	0
806	-56.24	-144.65	161.96	0	255	0
806	-56.31	-144.64	162.0	0	255	0
806	-56.38	-144.64	162.05	0	255	0
806	-56.46	-144.64	162.09	0	255	0
806	-56.53	-144.64	162.14	0	255	0
806	-56.6	-144.63	162.18	0	255	0
806	-56.68	-144.63	162.23	0	255	0
806	-56.75	-144.63	162.27	0	255	0
806	-56.82	-144.63	162.32	0	255	0
806	-56.9	-144.62	162.37	0	255	0
806	-56.97	-144.62	162.41	0	255	0
806	-57.04	-144.62	162.46	0	255	0
806	-57.12	-144.62	162.5	0	255	0
806	-57.19	-144.62	162.55	0	255	0
806	-57.26	-144.61	162.6	0	255	0
806	-57.34	-144.61	162.64	0	255	0
806	-57.41	-144.61	162.69	0	255	0
806	-57.48	-144.61	162.73	0	255	0
806	-57.56	-144.6	162.78	0	255	0
806	-57.63	-144.6	162.82	0	255	0
806	-57.7	-144.6	162.87	0	255	0
806	-57.77	-144.6	162.91	0	255	0
806	-57.85	-144.59	162.96	0	255	0
806	-57.92	-144.59	163.0	0	255	0
806	-57.99	-144.59	163.05	0	255	0
806	-58.06	-144.59	163.09	0	255	0
806	-58.13	-144.59	163.14	0	255	0
806	-58.2	-144.58	163.18	0	255	0
806	-58.27	-144.58	163.22	0	255	0
806	-58.34	-144.58	163.27	0	255	0
806	-58.41	-144.58	163.31	0	255	0
806	-58.48	-144.57	163.35	0	255	0
806	-58.54	-144.57	163.39	0	255	0
806	-58.61	-144.57	163.44	0	255	0
806	-58.68	-144.57	163.48	0	255	0
806	-58.74	-144.57	163.52	0	255	0
806	-58.81	-144.56	163.56	0	255	0
806	-58.87	-144.56	163.6	0	255	0
806	-58.93	-144.56	163.64	0	255	0
806	-59.0	-144.56	163.68	0	255	0
806	-59.06	-144.56	163.72	0	255	0
806	-59.12	-144.55	163.75	0	255	0
806	-59.18	-144.55	163.79	0	255	0
806	-59.24	-144.55	163.83	0	255	0
806	-59.3	-144.55	163.87	0	255	0
806	-59.36	-144.55	163.9	0	255	0
806	-59.41	-144.54	163.94	0	255	0
806	-59.47	-144.54	163.97	0	255	0
806	-59.52	-144.54	164.01	0	255	0
806	-59.58	-144.54	164.04	0	255	0
806	-59.63	-144.54	164.07	0	255	0
806	-59.68	-144.54	164.11	0	255	0
806	-59.73	-144.53	164.14	0	255	0
806	-59.78	-144.53	164.17	0	255	0
806	-59.83	-144.53	164.2	0	255	0
806	-59.88	-144.53	164.23	0	255	0
806	-59.93	-144.53	164.26	0	255	0
806	-59.97	-144.53	164.29	0	255	0
806	-60.02	-144.53	164.31	0	255	0
806	-60.06	-144.52	164.34	0	255	0
806	-60.1	-144.52	164.37	0	255	0
806	-60.14	-144.52	164.39	0	255	0
806	-60.18	-144.52	164.42	0	255	0
806	-60.22	-144.52	164.44	0	255	0
806	-60.25	-144.52	164.46	0	255	0
806	-60.29	-144.52	164.48	0	255	0
806	-60.32	-144.52	164.5	0	255	0
806	-60.35	-144.51	164.52	0	255	0
806	-60.38	-144.51	164.54	0	255	0
806	-60.41	-144.51	164.56	0	255	0
806	-60.44	-144.51	164.58	0	255	0
806	-60.46	-144.51	164.59	0	255	0
806	-60.49	-144.51	164.61	0	255	0
806	-60.51	-144.51	164.62	0	255	0
806	-60.53	-144.51	164.64	0	255	0
806	-60.55	-144.51	164.65	0	255	0
806	-60.57	-144.51	164.66	0	255	0
806	-60.58	-144.51	164.67	0	255	0
806	-60.6	-144.51	164.68	0	255	0
806	-60.61	-144.51	164.68	0	255	0
806	-60.62	-144.51	164.69	0	255	0
806	-60.63	-144.51	164.7	0	255	0
806	-60.63	-144.51	164.7	0	255	0
806	-60.64	-144.51	164.7	0	255	0
806	-60.64	-144.51	164.7	0	255	0
806	-60.64	-144.51	164.71	0	255	0
806	-60.64	-144.51	164.71	0	255	0
806	-60.64	-144.51	164.71	0	255	0
806	-60.64	-144.51	164.71	0	255	0
806	-60.64	-144.51	164.71	0	255	0
806	-60.64	-144.51	164.71	0	255	0
806	-60.64	-144.51	164.71	0	255	0
806	-60.64	-144.51	164.71	0	255	0
806	-60.64	-144.51	164.71	0	255	0
806	-60.64	-144.51	164.71	0	255	0
806	-60.64	-144.51	164.71	0	255	0
806	-60.64	-144.51	164.71	0	255	0
806	-60.64	-144.51	164.71	0	255	0
806	-60.64	-144.51	164.71	0	255	0
806	-60.64	-144.51	164.71	0	255	0
806	-60.64	-144.51	164.71	0	255	0
806	-60.64	-144.51	164.71	0	255	0
806	-60.64	-144.51	164.71	0	255	0
806	-60.64	-144.51	164.71	0	255	0
806	-60.64	-144.51	164.71	0	255	0
806	-60.64	-144.51	164.71	0	255	0
806	-60.64	-144.51	164.71	0	255	0
806	-60.64	-144.51	164.71	0	255	0
806	-60.64	-144.51	164.71	0	255	0
806	-60.64	-144.51	164.71	0	255	0
806	-60.64	-144.51	164.71	0	255	0
806	-60.64	-144.51	164.71	0	255	0
806	-60.64	-144.51	164.71	0	255	0
806	-60.64	-144.51	164.71	0	255	0
806	-60.64	-144.51	164.71	0	255	0
806	-60.64	-144.51	164.71	0	255	0
806	-60.64	-144.51	164.71	0	255	0
806	-60.64	-144.51	164.71	0	255	0
806	-60.64	-144.51	164.71	0	255	0
806	-60.64	-144.51	164.71	0	255	0
806	-60.64	-144.51	164.71	0	255	0
806	-60.64	-144.51	164.71	0	255	0
806	-60.64	-144.51	164.71	0	255	0
806	-60.64	-144.51	164.71	0	255	0
806	-60.64	-144.51	164.71	0	255	0
806	-60.64	-144.51	164.71	0	255	0
806	-60.64	-144.51	164.71	0	255	0
806	-60.64	-144.51	164.71	0	255	0
806	-60.64	-144.51	164.71	0	255	0
806	-60.64	-144.51	164.71	0	255	0
806	-60.64	-144.51	164.71	0	255	0
806	-60.64	-144.51	164.71	0	255	0
806	-60.64	-144.51	164.71	0	255	0
806	-60.64	-144.51	164.71	0	255	0
806	-60.64	-144.51	164.71	0	255	0
806	-60.64	-144.51	164.71	0	255	0
806	-60.64	-144.51	164.71	0	255	0
806	-60.64	-144.51	164.71	0	255	0
806	-60.64	-144.51	164.71	0	255	0
806	-60.64	-144.51	164.71	0	255	0
806	-60.64	-144.51	164.71	0	255	0
806	-60.64	-144.51	164.71	0	255	0
806	-60.64	-144.51	164.71	0	255	0
806	-60.64	-144.51	164.71	0	255	0
806	-60.64	-144.51	164.71	0	255	0
806	-60.64	-144.51	164.71	0	255	0
806	-60.64	-144.51	164.71	0	255	0
806	-60.64	-144.51	164.71	0	255	0
806	-60.64	-144.51	164.71	0	255	0
806	-60.64	-144.51	164.71	0	255	0
806	-60.64	-144.51	164.71	0	255	0
806	-60.64	-144.51	164.71	0	255	0
806	-60.64	-144.51	164.71	0	255	0
806	-60.64	-144.51	164.71	0	255	0
806	-60.64	-144.51	164.71	0	255	0
806	-60.64	-144.51	164.71	0	255	0
806	-60.64	-144.51	164.71	0	255	0
806	-60.64	-144.51	164.71	0	255	0
806	-60.64	-144.51	164.71	0	255	0
806	-60.64	-144.51	164.71	0	255	0
806	-60.64	-144.51	164.71	0	255	0
806	-60.64	-144.51	164.71	0	255	0
806	-60.64	-144.51	164.71	0	255	0
806	-60.64	-144.51	164.71	0	255	0
806	-60.64	-144.51	164.71	0	255	0
806	-60.64	-144.51	164.71	0	255	0
806	-60.64	-144.51	164.71	0	255	0
806	-60.64	-144.51	164.71	0	255	0
806	-60.64	-144.51	164.71	0	255	0
806	-60.64	-144.51	164.71	0	255	0
806	-60.64	-144.51	164.71	0	255	0
806	-60.64	-144.51	164.71	0	255	0
806	-60.64	-144.51	164.71	0	255	0
806	-60.64	-144.51	164.71	0	255	0
806	-60.64	-144.51	164.71	0	255	0
806	-60.64	-144.51	164.71	0	255	0
806	-60.64	-144.51	164.71	0	255	0
806	-60.64	-144.51	164.71	0	255	0
806	-60.64	-144.51	164.71	0	255	0
806	-60.64	-144.51	164.71	0	255	0
806	-60.64	-144.51	164.71	0	255	0
806	-60.64	-144.51	164.71	0	255	0
806	-60.64	-144.51	164.71	0	255	0
806	-60.64	-144.51	164.71	0	255	0
806	-60.64	-144.51	164.71	0	255	0
806	-60.64	-144.51	164.71	0	255	0
806	-60.64	-144.51	164.71	0	255	0
806	-60.64	-144.51	164.71	0	255	0
806	-60.64	-144.51	164.71	0	255	0
806	-60.64	-144.51	164.71	0	255	0
806	-60.64	-144.51	164.71	0	255	0
806	-60.64	-144.51	164.71	0	255	0
806	-60.64	-144.51	164.71	0	255	0
806	-60.64	-144.51	164.71	0	255	0
806	-60.64	-144.51	164.71	0	255	0
806	-60.64	-144.51	164.71	0	255	0
806	-60.64	-144.51	164.71	0	255	0
806	-60.64	-144.51	164.71	0	255	0
806	-60.64	-144.51	164.71	0	255	0
806	-60.64	-144.51	164.71	0	255	0
806	-60.64	-144.51	164.71	0	255	0
806	-60.64	-144.51	164.71	0	255	0
806	-60.64	-144.51	164.71	0	255	0
806	-60.64	-144.51	164.71	0	255	0
806	-60.64	-144.51	164.71	0	255	0
806	-60.64	-144.51	164.71	0	255	0
