811	-71.24	-146.18	158.62	0	255	0
811	-71.24	-146.18	158.62	0	255	0
811	-71.24	-146.18	158.62	0	255	0
811	-71.24	-146.18	158.62	0	255	0
811	-71.24	-146.18	158.62	0	255	0
811	-71.24	-146.18	158.62	0	255	0
811	-71.24	-146.18	158.62	0	255	0
811	-71.24	-146.18	158.62	0	255	0
811	-71.24	-146.18	158.62	0	255	0
811	-71.24	-146.18	158.62	0	255	0
811	-71.24	-146.18	158.62	0	255	0
811	-71.24	-146.18	158.62	0	255	0
811	-71.24	-146.18	158.62	0	255	0
811	-71.24	-146.18	158.62	0	255	0
811	-71.24	-146.18	158.62	0	255	0
811	-71.24	-146.18	158.62	0	255	0
811	-71.24	-146.18	158.62	0	255	0
811	-71.24	-146.18	158.62	0	255	0
811	-71.24	-146.18	158.62	0	255	0
811	-71.24	-146.18	158.62	0	255	0
811	-71.24	-146.18	158.62	0	255	0
811	-71.24	-146.18	158.62	0	255	0
811	-71.24	-146.18	158.62	0	255	0
811	-71.24	-146.18	158.62	0	255	0
811	-71.24	-146.18	158.62	0	255	0
811	-71.24	-146.18	158.62	0	255	0
811	-71.24	-146.18	158.62	0	255	0
811	-71.24	-146.18	158.62	0	255	0
811	-71.24	-146.18	158.62	0	255	0
811	-71.24	-146.18	158.62	0	255	0
811	-71.24	-146.18	158.62	0	255	0
811	-71.24	-146.18	158.62	0	255	0
811	-71.23	-146.18	158.61	0	255	0
811	-71.23	-146.18	158.61	0	255	0
811	-71.23	-146.18	158.6	0	255	0
811	-71.22	-146.18	158.6	0	255	0
811	-71.21	-146.19	158.59	0	255	0
811	-71.2	-146.19	158.58	0	255	0
811	-71.19	-146.19	158.57	0	255	0
811	-71.17	-146.19	158.56	0	255	0
811	-71.16	-146.19	158.55	0	255	0
811	-71.14	-146.19	158.53	0	255	0
811	-71.13	-146.19	158.52	0	255	0
811	-71.11	-146.19	158.5	0	255	0
811	-71.09	-146.19	158.48	0	255	0
811	-71.07	-146.2	158.46	0	255	0
811	-71.04	-146.2	158.44	0	255	0
811	-71.02	-146.2	158.42	0	255	0
811	-70.99	-146.2	158.4	0	255	0
811	-70.97	-146.2	158.37	0	255	0
811	-70.94	-146.21	158.35	0	255	0
811	-70.91	-146.21	158.32	0	255	0
811	-70.88	-146.21	158.3	0	255	0
811	-70.85	-146.21	158.27	0	255	0
811	-70.82	-146.21	158.24	0	255	0
811	-70.78	-146.22	158.21	0	255	0
811	-70.75	-146.22	158.18	0	255	0
811	-70.71	-146.22	158.15	0	255	0
811	-70.68	-146.22	158.12	0	255	0
811	-70.64	-146.23	158.08	0	255	0
811	-70.6	-146.23	158.05	0	255	0
811	-70.56	-146.23	158.01	0	255	0
811	-70.52	-146.24	157.98	0	255	0
811	-70.48	-146.24	157.94	0	255	0
811	-70.43	-146.24	157.9	0	255	0
811	-70.39	-146.25	157.86	0	255	0
811	-70.35	-146.25	157.82	0	255	0
811	-70.3	-146.25	157.78	0	255	0
811	-70.26	-146.26	157.74	0	255	0
811	-70.21	-146.26	157.7	0	255	0
811	-70.16	-146.26	157.66	0	255	0
811	-70.11	-146.27	157.61	0	255	0
811	-70.06	-146.27	157.57	0	255	0
811	-70.01	-146.27	157.53	0	255	0
811	-69.96	-146.28	157.48	0	255	0
811	-69.91	-146.28	157.43	0	255	0
811	-69.86	-146.29	157.39	0	255	0
811	-69.81	-146.29	157.34	0	255	0
811	-69.75	-146.29	157.29	0	255	0
811	-69.7	-146.3	157.25	0	255	0
811	-69.65	-146.3	157.2	0	255	0
811	-69.59	-146.31	157.15	0	255	0
811	-69.54	-146.31	157.1	0	255	0
811	-69.48	-146.31	157.05	0	255	0
811	-69.42	-146.32	157.0	0	255	0
811	-69.37	-146.32	156.95	0	255	0
811	-69.31	-146.33	156.9	0	255	0
811	-69.25	-146.33	156.85	0	255	0
811	-69.19	-146.33	156.8	0	255	0
811	-69.14	-146.34	156.74	0	255	0
811	-69.08	-146.34	156.69	0	255	0
811	-69.02	-146.35	156.64	0	255	0
811	-68.96	-146.35	156.59	0	255	0
811	-68.9	-146.36	156.53	0	255	0
811	-68.84	-146.36	156.48	0	255	0
811	-68.78	-146.37	156.43	0	255	0
811	-68.72	-146.37	156.37	0	255	0
811	-68.66	-146.37	156.32	0	255	0
811	-68.6	-146.38	156.27	0	255	0
811	-68.54	-146.38	156.21	0	255	0
811	-68.48	-146.39	156.16	0	255	0
811	-68.42	-146.39	156.1	0	255	0
811	-68.36	-146.4	156.05	0	255	0
811	-68.29	-146.4	155.99	0	255	0
811	-68.23	-146.41	155.94	0	255	0
811	-68.17	-146.41	155.89	0	255	0
811	-68.11	-146.42	155.83	0	255	0
811	-68.05	-146.42	155.78	0	255	0
811	-67.99	-146.42	155.72	0	255	0
811	-67.93	-146.43	155.67	0	255	0
811	-67.87	-146.43	155.61	0	255	0
811	-67.81	-146.44	155.56	0	255	0
811	-67.75	-146.44	155.51	0	255	0
811	-67.69	-146.45	155.45	0	255	0
811	-67.63	-146.45	155.4	0	255	0
811	-67.57	-146.46	155.35	0	255	0
811	-67.51	-146.46	155.29	0	255	0
811	-67.45	-146.46	155.24	0	255	0
811	-67.39	-146.47	155.19	0	255	0
811	-67.33	-146.47	155.13	0	255	0
811	-67.27	-146.48	155.08	0	255	0
811	-67.21	-146.48	155.03	0	255	0
811	-67.15	-146.49	154.98	0	255	0
811	-67.1	-146.49	154.93	0	255	0
811	-67.04	-146.49	154.88	0	255	0
811	-66.98	-146.5	154.83	0	255	0
811	-66.93	-146.5	154.78	0	255	0
811	-66.87	-146.51	154.73	0	255	0
811	-66.81	-146.51	154.68	0	255	0
811	-66.76	-146.52	154.63	0	255	0
811	-66.71	-146.52	154.58	0	255	0
811	-66.65	-146.52	154.53	0	255	0
811	-66.6	-146.53	154.48	0	255	0
811	-66.55	-146.53	154.44	0	255	0
811	-66.49	-146.53	154.39	0	255	0
811	-66.44	-146.54	154.35	0	255	0
811	-66.39	-146.54	154.3	0	255	0
811	-66.34	-146.55	154.26	0	255	0
811	-66.29	-146.55	154.21	0	255	0
811	-66.25	-146.55	154.17	0	255	0
811	-66.2	-146.56	154.13	0	255	0
811	-66.15	-146.56	154.09	0	255	0
811	-66.1	-146.56	154.04	0	255	0
811	-66.06	-146.57	154.0	0	255	0
811	-66.02	-146.57	153.96	0	255	0
811	-65.97	-146.57	153.93	0	255	0
811	-65.93	-146.58	153.89	0	255	0
811	-65.89	-146.58	153.85	0	255	0
811	-65.85	-146.58	153.81	0	255	0
811	-65.81	-146.59	153.78	0	255	0
811	-65.77	-146.59	153.74	0	255	0
811	-65.73	-146.59	153.71	0	255	0
811	-65.69	-146.59	153.68	0	255	0
811	-65.66	-146.6	153.65	0	255	0
811	-65.62	-146.6	153.62	0	255	0
811	-65.59	-146.6	153.59	0	255	0
811	-65.56	-146.6	153.56	0	255	0
811	-65.53	-146.61	153.53	0	255	0
811	-65.5	-146.61	153.5	0	255	0
811	-65.47	-146.61	153.48	0	255	0
811	-65.44	-146.61	153.45	0	255	0
811	-65.41	-146.62	153.43	0	255	0
811	-65.39	-146.62	153.41	0	255	0
811	-65.36	-146.62	153.38	0	255	0
811	-65.34	-146.62	153.36	0	255	0
811	-65.32	-146.62	153.34	0	255	0
811	-65.3	-146.62	153.33	0	255	0
811	-65.28	-146.63	153.31	0	255	0
811	-65.26	-146.63	153.29	0	255	0
811	-65.25	-146.63	153.28	0	255	0
811	-65.23	-146.63	153.27	0	255	0
811	-65.22	-146.63	153.26	0	255	0
811	-65.21	-146.63	153.24	0	255	0
811	-65.2	-146.63	153.24	0	255	0
811	-65.19	-146.63	153.23	0	255	0
811	-65.18	-146.63	153.22	0	255	0
811	-65.18	-146.63	153.22	0	255	0
811	-65.17	-146.63	153.21	0	255	0
811	-65.17	-146.63	153.21	0	255	0
811	-65.17	-146.63	153.21	0	255	0
811	-65.17	-146.63	153.21	0	255	0
811	-65.17	-146.63	153.21	0	255	0
811	-65.17	-146.63	153.22	0	255	0
811	-65.18	-146.63	153.22	0	255	0
811	-65.19	-146.63	153.23	0	255	0
811	-65.2	-146.63	153.23	0	255	0
811	-65.21	-146.63	153.24	0	255	0
811	-65.22	-146.63	153.25	0	255	0
811	-65.23	-146.63	153.27	0	255	0
811	-65.24	-146.63	153.28	0	255	0
811	-65.26	-146.63	153.29	0	255	0
811	-65.28	-146.63	153.31	0	255	0
811	-65.3	-146.62	153.32	0	255	0
811	-65.31	-146.62	153.34	0	255	0
811	-65.34	-146.62	153.36	0	255	0
811	-65.36	-146.62	153.38	0	255	0
811	-65.38	-146.62	153.4	0	255	0
811	-65.41	-146.62	153.42	0	255	0
811	-65.43	-146.61	153.45	0	255	0
811	-65.46	-146.61	153.47	0	255	0
811	-65.49	-146.61	153.49	0	255	0
811	-65.52	-146.61	153.52	0	255	0
811	-65.55	-146.61	153.55	0	255	0
811	-65.58	-146.6	153.58	0	255	0
811	-65.61	-146.6	153.61	0	255	0
811	-65.65	-146.6	153.64	0	255	0
811	-65.68	-146.6	153.67	0	255	0
811	-65.72	-146.59	153.7	0	255	0
811	-65.75	-146.59	153.73	0	255	0
811	-65.79	-146.59	153.77	0	255	0
811	-65.83	-146.58	153.8	0	255	0
811	-65.87	-146.58	153.84	0	255	0
811	-65.91	-146.58	153.87	0	255	0
811	-65.95	-146.58	153.91	0	255	0
811	-66.0	-146.57	153.95	0	255	0
811	-66.04	-146.57	153.99	0	255	0
811	-66.08	-146.57	154.02	0	255	0
811	-66.13	-146.56	154.06	0	255	0
811	-66.17	-146.56	154.11	0	255	0
811	-66.22	-146.56	154.15	0	255	0
811	-66.27	-146.55	154.19	0	255	0
811	-66.32	-146.55	154.23	0	255	0
811	-66.36	-146.54	154.28	0	255	0
811	-66.41	-146.54	154.32	0	255	0
811	-66.46	-146.54	154.36	0	255	0
811	-66.51	-146.53	154.41	0	255	0
811	-66.57	-146.53	154.46	0	255	0
811	-66.62	-146.53	154.5	0	255	0
811	-66.67	-146.52	154.55	0	255	0
811	-66.72	-146.52	154.6	0	255	0
811	-66.78	-146.51	154.64	0	255	0
811	-66.83	-146.51	154.69	0	255	0
811	-66.89	-146.51	154.74	0	255	0
811	-66.94	-146.5	154.79	0	255	0
811	-67.0	-146.5	154.84	0	255	0
811	-67.05	-146.49	154.89	0	255	0
811	-67.11	-146.49	154.94	0	255	0
811	-67.17	-146.49	154.99	0	255	0
811	-67.22	-146.48	155.04	0	255	0
811	-67.28	-146.48	155.09	0	255	0
811	-67.34	-146.47	155.14	0	255	0
811	-67.4	-146.47	155.2	0	255	0
811	-67.46	-146.46	155.25	0	255	0
811	-67.51	-146.46	155.3	0	255	0
811	-67.57	-146.45	155.35	0	255	0
811	-67.63	-146.45	155.41	0	255	0
811	-67.69	-146.45	155.46	0	255	0
811	-67.75	-146.44	155.51	0	255	0
811	-67.81	-146.44	155.56	0	255	0
811	-67.87	-146.43	155.62	0	255	0
811	-67.93	-146.43	155.67	0	255	0
811	-67.99	-146.42	155.73	0	255	0
811	-68.05	-146.42	155.78	0	255	0
811	-68.11	-146.41	155.83	0	255	0
811	-68.17	-146.41	155.89	0	255	0
811	-68.23	-146.41	155.94	0	255	0
811	-68.29	-146.4	155.99	0	255	0
811	-68.35	-146.4	156.05	0	255	0
811	-68.41	-146.39	156.1	0	255	0
811	-68.47	-146.39	156.15	0	255	0
811	-68.53	-146.38	156.21	0	255	0
811	-68.59	-146.38	156.26	0	255	0
811	-68.65	-146.37	156.31	0	255	0
811	-68.71	-146.37	156.37	0	255	0
811	-68.77	-146.37	156.42	0	255	0
811	-68.83	-146.36	156.47	0	255	0
811	-68.89	-146.36	156.53	0	255	0
811	-68.95	-146.35	156.58	0	255	0
811	-69.01	-146.35	156.63	0	255	0
811	-69.07	-146.34	156.68	0	255	0
811	-69.12	-146.34	156.73	0	255	0
811	-69.18	-146.34	156.79	0	255	0
811	-69.24	-146.33	156.84	0	255	0
811	-69.3	-146.33	156.89	0	255	0
811	-69.35	-146.32	156.94	0	255	0
811	-69.41	-146.32	156.99	0	255	0
811	-69.46	-146.31	157.04	0	255	0
811	-69.52	-146.31	157.09	0	255	0
811	-69.57	-146.31	157.13	0	255	0
811	-69.63	-146.3	157.18	0	255	0
811	-69.68	-146.3	157.23	0	255	0
811	-69.74	-146.29	157.28	0	255	0
811	-69.79	-146.29	157.32	0	255	0
811	-69.84	-146.29	157.37	0	255	0
811	-69.89	-146.28	157.42	0	255	0
811	-69.94	-146.28	157.46	0	255	0
811	-69.99	-146.28	157.51	0	255	0
811	-70.04	-146.27	157.55	0	255	0
811	-70.09	-146.27	157.59	0	255	0
811	-70.14	-146.26	157.64	0	255	0
811	-70.19	-146.26	157.68	0	255	0
811	-70.23	-146.26	157.72	0	255	0
811	-70.28	-146.25	157.76	0	255	0
811	-70.32	-146.25	157.8	0	255	0
811	-70.37	-146.25	157.84	0	255	0
811	-70.41	-146.24	157.88	0	255	0
811	-70.45	-146.24	157.92	0	255	0
811	-70.5	-146.24	157.95	0	255	0
811	-70.54	-146.24	157.99	0	255	0
811	-70.58	-146.23	158.03	0	255	0
811	-70.61	-146.23	158.06	0	255	0
811	-70.65	-146.23	158.09	0	255	0
811	-70.69	-146.22	158.13	0	255	0
811	-70.73	-146.22	158.16	0	255	0
811	-70.76	-146.22	158.19	0	255	0
811	-70.79	-146.22	158.22	0	255	0
811	-70.83	-146.21	158.25	0	255	0
811	-70.86	-146.21	158.28	0	255	0
811	-70.89	-146.21	158.31	0	255	0
811	-70.92	-146.21	158.33	0	255	0
811	-70.95	-146.2	158.36	0	255	0
811	-70.97	-146.2	158.38	0	255	0
811	-71.0	-146.2	158.4	0	255	0
811	-71.02	-146.2	158.43	0	255	0
811	-71.05	-146.2	158.45	0	255	0
811	-71.07	-146.2	158.47	0	255	0
811	-71.09	-146.19	158.49	0	255	0
811	-71.11	-146.19	158.5	0	255	0
811	-71.13	-146.19	158.52	0	255	0
811	-71.15	-146.19	158.53	0	255	0
811	-71.16	-146.19	158.55	0	255	0
811	-71.18	-146.19	158.56	0	255	0
811	-71.19	-146.19	158.57	0	255	0
811	-71.2	-146.19	158.58	0	255	0
811	-71.21	-146.19	158.59	0	255	0
811	-71.22	-146.18	158.6	0	255	0
811	-71.23	-146.18	158.61	0	255	0
811	-71.23	-146.18	158.61	0	255	0
811	-71.23	-146.18	158.61	0	255	0
811	-71.24	-146.18	158.62	0	255	0
811	-71.24	-146.18	158.62	0	255	0
811	-71.24	-146.18	158.62	0	255	0
811	-71.24	-146.18	158.62	0	255	0
811	-71.24	-146.18	158.62	0	255	0
811	-71.24	-146.18	158.62	0	255	0
811	-71.24	-146.18	158.62	0	255	0
811	-71.24	-146.18	158.62	0	255	0
811	-71.24	-146.18	158.62	0	255	0
811	-71.24	-146.18	158.62	0	255	0
811	-71.24	-146.18	158.62	0	255	0
811	-71.24	-146.18	158.62	0	255	0
811	-71.24	-146.18	158.62	0	255	0
811	-71.24	-146.18	158.62	0	255	0
811	-71.24	-146.18	158.62	0	255	0
811	-71.24	-146.18	158.62	0	255	0
811	-71.24	-146.18	158.62	0	255	0
811	-71.24	-146.18	158.62	0	255	0
811	-71.24	-146.18	158.62	0	255	0
811	-71.24	-146.18	158.62	0	255	0
811	-71.24	-146.18	158.62	0	255	0
811	-71.24	-146.18	158.62	0	255	0
811	-71.24	-146.18	158.62	0	255	0
811	-71.24	-146.18	158.62	0	255	0
811	-71.24	-146.18	158.62	0	255	0
811	-71.24	-146.18	158.62	0	255	0
811	-71.24	-146.18	158.62	0	255	0
811	-71.24	-146.18	158.62	0	255	0
811	-71.24	-146.18	158.62	0	255	0
811	-71.24	-146.18	158.62	0	255	0
811	-71.24	-146.18	158.62	0	255	0
811	-71.24	-146.18	158.62	0	255	0
811	-71.24	-146.18	158.62	0	255	0
811	-71.24	-146.18	158.62	0	255	0
811	-71.24	-146.18	158.62	0	255	0
811	-71.24	-146.18	158.62	0	255	0
811	-71.24	-146.18	158.62	0	255	0
811	-71.24	-146.18	158.62	0	255	0
811	-71.24	-146.18	158.62	0	255	0
811	-71.24	-146.18	158.62	0	255	0
811	-71.24	-146.18	158.62	0	255	0
811	-71.24	-146.18	158.62	0	255	0
811	-71.24	-146.18	158.62	0	255	0
811	-71.24	-146.18	158.62	0	255	0
811	-71.24	-146.18	158.62	0	255	0
811	-71.24	-146.18	158.62	0	255	0
811	-71.24	-146.18	158.62	0	255	0
811	-71.24	-146.18	158.62	0	255	0
811	-71.24	-146.18	158.62	0	255	0
811	-71.24	-146.18	158.62	0	255	0
811	-71.24	-146.18	158.62	0	255	0
811	-71.24	-146.18	158.62	0	255	0
811	-71.24	-146.18	158.62	0	255	0
811	-71.24	-146.18	158.62	0	255	0
811	-71.24	-146.18	158.62	0	255	0
811	-71.24	-146.18	158.62	0	255	0
811	-71.24	-146.18	158.62	0	255	0
811	-71.24	-146.18	158.62	0	255	0
811	-71.24	-146.18	158.62	0	255	0
811	-71.24	-146.18	158.62	0	255	0
811	-71.24	-146.18	158.62	0	255	0
811	-71.24	-146.18	158.62	0	255	0
811	-71.24	-146.18	158.62	0	255	0
811	-71.24	-146.18	158.62	0	255	0
811	-71.24	-146.18	158.62	0	255	0
811	-71.24	-146.18	158.62	0	255	0
811	-71.24	-146.18	158.62	0	255	0
811	-71.24	-146.18	158.62	0	255	0
811	-71.24	-146.18	158.62	0	255	0
811	-71.24	-146.18	158.62	0	255	0
811	-71.24	-146.18	158.62	0	255	0
811	-71.24	-146.18	158.62	0	255	0
811	-71.24	-146.18	158.62	0	255	0
811	-71.24	-146.18	158.62	0	255	0
811	-71.24	-146.18	158.62	0	255	0
811	-71.24	-146.18	158.62	0	255	0
811	-71.24	-146.18	158.62	0	255	0
811	-71.24	-146.18	158.62	0	255	0
811	-71.24	-146.18	158.62	0	255	0
811	-71.24	-146.18	158.62	0	255	0
811	-71.24	-146.18	158.62	0	255	0
811	-71.24	-146.18	158.62	0	255	0
811	-71.24	-146.18	158.62	0	255	0
811	-71.24	-146.18	158.62	0	255	0
811	-71.24	-146.18	158.62	0	255	0
811	-71.24	-146.18	158.62	0	255	0
811	-71.24	-146.18	158.62	0	255	0
811	-71.24	-146.18	158.62	0	255	0
811	-71.24	-146.18	158.62	0	255	0
811	-71.24	-146.18	158.62	0	255	0
811	-71.24	-146.18	158.62	0	255	0
811	-71.24	-146.18	158.62	0	255	0
811	-71.24	-146.18	158.62	0	255	0
811	-71.24	-146.18	158.62	0	255	0
811	-71.24	-146.18	158.62	0	255	0
811	-71.24	-146.18	158.62	0	255	0
811	-71.24	-146.18	158.62	0	255	0
811	-71.24	-146.18	158.62	0	255	0
811	-71.24	-146.18	158.62	0	255	0
811	-71.24	-146.18	158.62	0	255	0
811	-71.24	-146.18	158.62	0	255	0
811	-71.24	-146.18	158.62	0	255	0
811	-71.24	-146.18	158.62	0	255	0
811	-71.24	-146.18	158.62	0	255	0
811	-71.24	-146.18	158.62	0	255	0
811	-71.24	-146.18	158.62	0	255	0
811	-71.24	-146.18	158.62	0	255	0
811	-71.24	-146.18	158.62	0	255	0
811	-71.24	-146.18	158.62	0	255	0
811	-71.24	-146.18	158.62	0	255	0
811	-71.24	-146.18	158.62	0	255	0
811	-71.24	-146.18	158.62	0	255	0
811	-71.24	-146.18	158.62	0	255	0
811	-71.24	-146.18	158.62	0	255	0
811	-71.24	-146.18	158.62	0	255	0
811	-71.24	-146.18	158.62	0	255	0
811	-71.24	-146.18	158.62	0	255	0
811	-71.24	-146.18	158.62	0	255	0
811	-71.24	-146.18	158.62	0	255	0
811	-71.24	-146.18	158.62	0	255	0
811	-71.24	-146.18	158.62	0	255	0
811	-71.24	-146.18	158.62	0	255	0
