813	-79.21	-147.45	154.02	0	255	0
813	-79.21	-147.45	154.02	0	255	0
813	-79.21	-147.45	154.02	0	255	0
813	-79.21	-147.45	154.02	0	255	0
813	-79.21	-147.45	154.02	0	255	0
813	-79.21	-147.45	154.02	0	255	0
813	-79.21	-147.45	154.02	0	255	0
813	-79.21	-147.45	154.02	0	255	0
813	-79.21	-147.45	154.02	0	255	0
813	-79.21	-147.45	154.02	0	255	0
813	-79.21	-147.45	154.02	0	255	0
813	-79.21	-147.45	154.02	0	255	0
813	-79.21	-147.45	154.02	0	255	0
813	-79.21	-147.45	154.02	0	255	0
813	-79.21	-147.45	154.02	0	255	0
813	-79.21	-147.45	154.02	0	255	0
813	-79.21	-147.45	154.02	0	255	0
813	-79.21	-147.45	154.02	0	255	0
813	-79.21	-147.45	154.02	0	255	0
813	-79.21	-147.45	154.02	0	255	0
813	-79.21	-147.45	154.02	0	255	0
813	-79.21	-147.45	154.02	0	255	0
813	-79.21	-147.45	154.02	0	255	0
813	-79.21	-147.45	154.02	0	255	0
813	-79.21	-147.45	154.02	0	255	0
813	-79.21	-147.45	154.02	0	255	0
813	-79.21	-147.45	154.02	0	255	0
813	-79.21	-147.45	154.02	0	255	0
813	-79.21	-147.45	154.02	0	255	0
813	-79.21	-147.45	154.02	0	255	0
813	-79.21	-147.45	154.02	0	255	0
813	-79.21	-147.45	154.02	0	255	0
813	-79.21	-147.45	154.02	0	255	0
813	-79.2	-147.45	154.02	0	255	0
813	-79.2	-147.45	154.01	0	255	0
813	-79.19	-147.45	154.0	0	255	0
813	-79.19	-147.45	154.0	0	255	0
813	-79.18	-147.45	153.99	0	255	0
813	-79.17	-147.45	153.97	0	255	0
813	-79.16	-147.45	153.96	0	255	0
813	-79.14	-147.45	153.95	0	255	0
813	-79.13	-147.46	153.93	0	255	0
813	-79.12	-147.46	153.91	0	255	0
813	-79.1	-147.46	153.89	0	255	0
813	-79.08	-147.46	153.88	0	255	0
813	-79.07	-147.46	153.85	0	255	0
813	-79.05	-147.47	153.83	0	255	0
813	-79.03	-147.47	153.81	0	255	0
813	-79.01	-147.47	153.78	0	255	0
813	-78.98	-147.47	153.76	0	255	0
813	-78.96	-147.48	153.73	0	255	0
813	-78.94	-147.48	153.7	0	255	0
813	-78.91	-147.48	153.67	0	255	0
813	-78.89	-147.48	153.64	0	255	0
813	-78.86	-147.49	153.61	0	255	0
813	-78.83	-147.49	153.57	0	255	0
813	-78.8	-147.5	153.54	0	255	0
813	-78.77	-147.5	153.5	0	255	0
813	-78.74	-147.5	153.47	0	255	0
813	-78.71	-147.51	153.43	0	255	0
813	-78.68	-147.51	153.39	0	255	0
813	-78.64	-147.51	153.35	0	255	0
813	-78.61	-147.52	153.31	0	255	0
813	-78.58	-147.52	153.27	0	255	0
813	-78.54	-147.53	153.23	0	255	0
813	-78.5	-147.53	153.19	0	255	0
813	-78.47	-147.54	153.14	0	255	0
813	-78.43	-147.54	153.1	0	255	0
813	-78.39	-147.54	153.05	0	255	0
813	-78.35	-147.55	153.01	0	255	0
813	-78.31	-147.55	152.96	0	255	0
813	-78.27	-147.56	152.91	0	255	0
813	-78.23	-147.56	152.86	0	255	0
813	-78.19	-147.57	152.81	0	255	0
813	-78.15	-147.57	152.77	0	255	0
813	-78.11	-147.58	152.71	0	255	0
813	-78.06	-147.58	152.66	0	255	0
813	-78.02	-147.59	152.61	0	255	0
813	-77.97	-147.6	152.56	0	255	0
813	-77.93	-147.6	152.51	0	255	0
813	-77.88	-147.61	152.45	0	255	0
813	-77.84	-147.61	152.4	0	255	0
813	-77.79	-147.62	152.34	0	255	0
813	-77.75	-147.62	152.29	0	255	0
813	-77.7	-147.63	152.23	0	255	0
813	-77.65	-147.63	152.18	0	255	0
813	-77.6	-147.64	152.12	0	255	0
813	-77.56	-147.65	152.06	0	255	0
813	-77.51	-147.65	152.01	0	255	0
813	-77.46	-147.66	151.95	0	255	0
813	-77.41	-147.66	151.89	0	255	0
813	-77.36	-147.67	151.83	0	255	0
813	-77.31	-147.68	151.78	0	255	0
813	-77.26	-147.68	151.72	0	255	0
813	-77.21	-147.69	151.66	0	255	0
813	-77.16	-147.69	151.6	0	255	0
813	-77.11	-147.7	151.54	0	255	0
813	-77.06	-147.71	151.48	0	255	0
813	-77.01	-147.71	151.42	0	255	0
813	-76.96	-147.72	151.36	0	255	0
813	-76.91	-147.72	151.3	0	255	0
813	-76.86	-147.73	151.24	0	255	0
813	-76.81	-147.74	151.18	0	255	0
813	-76.76	-147.74	151.12	0	255	0
813	-76.71	-147.75	151.06	0	255	0
813	-76.66	-147.75	151.0	0	255	0
813	-76.61	-147.76	150.94	0	255	0
813	-76.56	-147.77	150.88	0	255	0
813	-76.5	-147.77	150.82	0	255	0
813	-76.45	-147.78	150.76	0	255	0
813	-76.4	-147.79	150.7	0	255	0
813	-76.35	-147.79	150.64	0	255	0
813	-76.3	-147.8	150.58	0	255	0
813	-76.25	-147.8	150.52	0	255	0
813	-76.2	-147.81	150.46	0	255	0
813	-76.15	-147.82	150.4	0	255	0
813	-76.1	-147.82	150.34	0	255	0
813	-76.05	-147.83	150.28	0	255	0
813	-76.0	-147.83	150.22	0	255	0
813	-75.95	-147.84	150.16	0	255	0
813	-75.91	-147.85	150.11	0	255	0
813	-75.86	-147.85	150.05	0	255	0
813	-75.81	-147.86	149.99	0	255	0
813	-75.76	-147.86	149.94	0	255	0
813	-75.71	-147.87	149.88	0	255	0
813	-75.67	-147.87	149.82	0	255	0
813	-75.62	-147.88	149.77	0	255	0
813	-75.57	-147.89	149.71	0	255	0
813	-75.53	-147.89	149.66	0	255	0
813	-75.48	-147.9	149.6	0	255	0
813	-75.44	-147.9	149.55	0	255	0
813	-75.39	-147.91	149.5	0	255	0
813	-75.35	-147.91	149.44	0	255	0
813	-75.3	-147.92	149.39	0	255	0
813	-75.26	-147.92	149.34	0	255	0
813	-75.22	-147.93	149.29	0	255	0
813	-75.18	-147.93	149.24	0	255	0
813	-75.13	-147.94	149.19	0	255	0
813	-75.09	-147.94	149.14	0	255	0
813	-75.05	-147.95	149.1	0	255	0
813	-75.01	-147.95	149.05	0	255	0
813	-74.97	-147.96	149.0	0	255	0
813	-74.94	-147.96	148.96	0	255	0
813	-74.9	-147.97	148.91	0	255	0
813	-74.86	-147.97	148.87	0	255	0
813	-74.82	-147.98	148.83	0	255	0
813	-74.79	-147.98	148.78	0	255	0
813	-74.75	-147.98	148.74	0	255	0
813	-74.72	-147.99	148.7	0	255	0
813	-74.69	-147.99	148.66	0	255	0
813	-74.65	-148.0	148.63	0	255	0
813	-74.62	-148.0	148.59	0	255	0
813	-74.59	-148.0	148.55	0	255	0
813	-74.56	-148.01	148.52	0	255	0
813	-74.53	-148.01	148.48	0	255	0
813	-74.51	-148.01	148.45	0	255	0
813	-74.48	-148.02	148.42	0	255	0
813	-74.45	-148.02	148.39	0	255	0
813	-74.43	-148.02	148.36	0	255	0
813	-74.4	-148.03	148.33	0	255	0
813	-74.38	-148.03	148.3	0	255	0
813	-74.36	-148.03	148.27	0	255	0
813	-74.34	-148.03	148.25	0	255	0
813	-74.32	-148.04	148.23	0	255	0
813	-74.3	-148.04	148.2	0	255	0
813	-74.28	-148.04	148.18	0	255	0
813	-74.26	-148.04	148.16	0	255	0
813	-74.25	-148.05	148.14	0	255	0
813	-74.23	-148.05	148.13	0	255	0
813	-74.22	-148.05	148.11	0	255	0
813	-74.21	-148.05	148.1	0	255	0
813	-74.2	-148.05	148.08	0	255	0
813	-74.19	-148.05	148.07	0	255	0
813	-74.18	-148.05	148.06	0	255	0
813	-74.17	-148.05	148.05	0	255	0
813	-74.17	-148.06	148.05	0	255	0
813	-74.16	-148.06	148.04	0	255	0
813	-74.16	-148.06	148.04	0	255	0
813	-74.16	-148.06	148.03	0	255	0
813	-74.16	-148.06	148.03	0	255	0
813	-74.16	-148.06	148.03	0	255	0
813	-74.16	-148.06	148.04	0	255	0
813	-74.16	-148.06	148.04	0	255	0
813	-74.17	-148.06	148.05	0	255	0
813	-74.17	-148.05	148.05	0	255	0
813	-74.18	-148.05	148.06	0	255	0
813	-74.19	-148.05	148.07	0	255	0
813	-74.2	-148.05	148.08	0	255	0
813	-74.21	-148.05	148.09	0	255	0
813	-74.22	-148.05	148.11	0	255	0
813	-74.23	-148.05	148.12	0	255	0
813	-74.25	-148.05	148.14	0	255	0
813	-74.26	-148.04	148.16	0	255	0
813	-74.28	-148.04	148.18	0	255	0
813	-74.29	-148.04	148.2	0	255	0
813	-74.31	-148.04	148.22	0	255	0
813	-74.33	-148.04	148.24	0	255	0
813	-74.35	-148.03	148.27	0	255	0
813	-74.38	-148.03	148.29	0	255	0
813	-74.4	-148.03	148.32	0	255	0
813	-74.42	-148.02	148.35	0	255	0
813	-74.45	-148.02	148.38	0	255	0
813	-74.47	-148.02	148.41	0	255	0
813	-74.5	-148.02	148.44	0	255	0
813	-74.52	-148.01	148.47	0	255	0
813	-74.55	-148.01	148.5	0	255	0
813	-74.58	-148.01	148.54	0	255	0
813	-74.61	-148.0	148.57	0	255	0
813	-74.64	-148.0	148.61	0	255	0
813	-74.67	-147.99	148.65	0	255	0
813	-74.71	-147.99	148.69	0	255	0
813	-74.74	-147.99	148.73	0	255	0
813	-74.77	-147.98	148.77	0	255	0
813	-74.81	-147.98	148.81	0	255	0
813	-74.84	-147.97	148.85	0	255	0
813	-74.88	-147.97	148.89	0	255	0
813	-74.92	-147.96	148.94	0	255	0
813	-74.95	-147.96	148.98	0	255	0
813	-74.99	-147.96	149.03	0	255	0
813	-75.03	-147.95	149.07	0	255	0
813	-75.07	-147.95	149.12	0	255	0
813	-75.11	-147.94	149.17	0	255	0
813	-75.15	-147.94	149.21	0	255	0
813	-75.19	-147.93	149.26	0	255	0
813	-75.23	-147.93	149.31	0	255	0
813	-75.28	-147.92	149.36	0	255	0
813	-75.32	-147.92	149.41	0	255	0
813	-75.36	-147.91	149.46	0	255	0
813	-75.41	-147.91	149.52	0	255	0
813	-75.45	-147.9	149.57	0	255	0
813	-75.5	-147.89	149.62	0	255	0
813	-75.54	-147.89	149.67	0	255	0
813	-75.59	-147.88	149.73	0	255	0
813	-75.63	-147.88	149.78	0	255	0
813	-75.68	-147.87	149.84	0	255	0
813	-75.73	-147.87	149.89	0	255	0
813	-75.77	-147.86	149.95	0	255	0
813	-75.82	-147.86	150.01	0	255	0
813	-75.87	-147.85	150.06	0	255	0
813	-75.92	-147.84	150.12	0	255	0
813	-75.96	-147.84	150.18	0	255	0
813	-76.01	-147.83	150.23	0	255	0
813	-76.06	-147.83	150.29	0	255	0
813	-76.11	-147.82	150.35	0	255	0
813	-76.16	-147.81	150.41	0	255	0
813	-76.21	-147.81	150.47	0	255	0
813	-76.26	-147.8	150.52	0	255	0
813	-76.31	-147.8	150.58	0	255	0
813	-76.36	-147.79	150.64	0	255	0
813	-76.41	-147.78	150.7	0	255	0
813	-76.46	-147.78	150.76	0	255	0
813	-76.51	-147.77	150.82	0	255	0
813	-76.56	-147.77	150.88	0	255	0
813	-76.61	-147.76	150.94	0	255	0
813	-76.66	-147.75	151.0	0	255	0
813	-76.71	-147.75	151.06	0	255	0
813	-76.76	-147.74	151.12	0	255	0
813	-76.81	-147.74	151.18	0	255	0
813	-76.86	-147.73	151.24	0	255	0
813	-76.91	-147.72	151.3	0	255	0
813	-76.96	-147.72	151.35	0	255	0
813	-77.01	-147.71	151.41	0	255	0
813	-77.06	-147.71	151.47	0	255	0
813	-77.11	-147.7	151.53	0	255	0
813	-77.16	-147.69	151.59	0	255	0
813	-77.21	-147.69	151.65	0	255	0
813	-77.26	-147.68	151.71	0	255	0
813	-77.3	-147.68	151.77	0	255	0
813	-77.35	-147.67	151.82	0	255	0
813	-77.4	-147.66	151.88	0	255	0
813	-77.45	-147.66	151.94	0	255	0
813	-77.5	-147.65	151.99	0	255	0
813	-77.55	-147.65	152.05	0	255	0
813	-77.59	-147.64	152.11	0	255	0
813	-77.64	-147.64	152.16	0	255	0
813	-77.69	-147.63	152.22	0	255	0
813	-77.73	-147.62	152.27	0	255	0
813	-77.78	-147.62	152.33	0	255	0
813	-77.82	-147.61	152.38	0	255	0
813	-77.87	-147.61	152.44	0	255	0
813	-77.91	-147.6	152.49	0	255	0
813	-77.96	-147.6	152.54	0	255	0
813	-78.0	-147.59	152.59	0	255	0
813	-78.05	-147.59	152.64	0	255	0
813	-78.09	-147.58	152.69	0	255	0
813	-78.13	-147.58	152.74	0	255	0
813	-78.17	-147.57	152.79	0	255	0
813	-78.21	-147.57	152.84	0	255	0
813	-78.25	-147.56	152.89	0	255	0
813	-78.29	-147.56	152.94	0	255	0
813	-78.33	-147.55	152.99	0	255	0
813	-78.37	-147.55	153.03	0	255	0
813	-78.41	-147.54	153.08	0	255	0
813	-78.45	-147.54	153.12	0	255	0
813	-78.49	-147.53	153.16	0	255	0
813	-78.52	-147.53	153.21	0	255	0
813	-78.56	-147.52	153.25	0	255	0
813	-78.59	-147.52	153.29	0	255	0
813	-78.63	-147.52	153.33	0	255	0
813	-78.66	-147.51	153.37	0	255	0
813	-78.69	-147.51	153.41	0	255	0
813	-78.72	-147.5	153.45	0	255	0
813	-78.75	-147.5	153.48	0	255	0
813	-78.78	-147.5	153.52	0	255	0
813	-78.81	-147.49	153.55	0	255	0
813	-78.84	-147.49	153.59	0	255	0
813	-78.87	-147.49	153.62	0	255	0
813	-78.89	-147.48	153.65	0	255	0
813	-78.92	-147.48	153.68	0	255	0
813	-78.94	-147.48	153.71	0	255	0
813	-78.97	-147.48	153.74	0	255	0
813	-78.99	-147.47	153.76	0	255	0
813	-79.01	-147.47	153.79	0	255	0
813	-79.03	-147.47	153.81	0	255	0
813	-79.05	-147.46	153.84	0	255	0
813	-79.07	-147.46	153.86	0	255	0
813	-79.09	-147.46	153.88	0	255	0
813	-79.1	-147.46	153.9	0	255	0
813	-79.12	-147.46	153.92	0	255	0
813	-79.13	-147.46	153.93	0	255	0
813	-79.15	-147.45	153.95	0	255	0
813	-79.16	-147.45	153.96	0	255	0
813	-79.17	-147.45	153.98	0	255	0
813	-79.18	-147.45	153.99	0	255	0
813	-79.19	-147.45	154.0	0	255	0
813	-79.19	-147.45	154.0	0	255	0
813	-79.2	-147.45	154.01	0	255	0
813	-79.2	-147.45	154.02	0	255	0
813	-79.21	-147.45	154.02	0	255	0
813	-79.21	-147.45	154.02	0	255	0
813	-79.21	-147.45	154.02	0	255	0
813	-79.21	-147.45	154.02	0	255	0
813	-79.21	-147.45	154.02	0	255	0
813	-79.21	-147.45	154.02	0	255	0
813	-79.21	-147.45	154.02	0	255	0
813	-79.21	-147.45	154.02	0	255	0
813	-79.21	-147.45	154.02	0	255	0
813	-79.21	-147.45	154.02	0	255	0
813	-79.21	-147.45	154.02	0	255	0
813	-79.21	-147.45	154.02	0	255	0
813	-79.21	-147.45	154.02	0	255	0
813	-79.21	-147.45	154.02	0	255	0
813	-79.21	-147.45	154.02	0	255	0
813	-79.21	-147.45	154.02	0	255	0
813	-79.21	-147.45	154.02	0	255	0
813	-79.21	-147.45	154.02	0	255	0
813	-79.21	-147.45	154.02	0	255	0
813	-79.21	-147.45	154.02	0	255	0
813	-79.21	-147.45	154.02	0	255	0
813	-79.21	-147.45	154.02	0	255	0
813	-79.21	-147.45	154.02	0	255	0
813	-79.21	-147.45	154.02	0	255	0
813	-79.21	-147.45	154.02	0	255	0
813	-79.21	-147.45	154.02	0	255	0
813	-79.21	-147.45	154.02	0	255	0
813	-79.21	-147.45	154.02	0	255	0
813	-79.21	-147.45	154.02	0	255	0
813	-79.21	-147.45	154.02	0	255	0
813	-79.21	-147.45	154.02	0	255	0
813	-79.21	-147.45	154.02	0	255	0
813	-79.21	-147.45	154.02	0	255	0
813	-79.21	-147.45	154.02	0	255	0
813	-79.21	-147.45	154.02	0	255	0
813	-79.21	-147.45	154.02	0	255	0
813	-79.21	-147.45	154.02	0	255	0
813	-79.21	-147.45	154.02	0	255	0
813	-79.21	-147.45	154.02	0	255	0
813	-79.21	-147.45	154.02	0	255	0
813	-79.21	-147.45	154.02	0	255	0
813	-79.21	-147.45	154.02	0	255	0
813	-79.21	-147.45	154.02	0	255	0
813	-79.21	-147.45	154.02	0	255	0
813	-79.21	-147.45	154.02	0	255	0
813	-79.21	-147.45	154.02	0	255	0
813	-79.21	-147.45	154.02	0	255	0
813	-79.21	-147.45	154.02	0	255	0
813	-79.21	-147.45	154.02	0	255	0
813	-79.21	-147.45	154.02	0	255	0
813	-79.21	-147.45	154.02	0	255	0
813	-79.21	-147.45	154.02	0	255	0
813	-79.21	-147.45	154.02	0	255	0
813	-79.21	-147.45	154.02	0	255	0
813	-79.21	-147.45	154.02	0	255	0
813	-79.21	-147.45	154.02	0	255	0
813	-79.21	-147.45	154.02	0	255	0
813	-79.21	-147.45	154.02	0	255	0
813	-79.21	-147.45	154.02	0	255	0
813	-79.21	-147.45	154.02	0	255	0
813	-79.21	-147.45	154.02	0	255	0
813	-79.21	-147.45	154.02	0	255	0
813	-79.21	-147.45	154.02	0	255	0
813	-79.21	-147.45	154.02	0	255	0
813	-79.21	-147.45	154.02	0	255	0
813	-79.21	-147.45	154.02	0	255	0
813	-79.21	-147.45	154.02	0	255	0
813	-79.21	-147.45	154.02	0	255	0
813	-79.21	-147.45	154.02	0	255	0
813	-79.21	-147.45	154.02	0	255	0
813	-79.21	-147.45	154.02	0	255	0
813	-79.21	-147.45	154.02	0	255	0
813	-79.21	-147.45	154.02	0	255	0
813	-79.21	-147.45	154.02	0	255	0
813	-79.21	-147.45	154.02	0	255	0
813	-79.21	-147.45	154.02	0	255	0
813	-79.21	-147.45	154.02	0	255	0
813	-79.21	-147.45	154.02	0	255	0
813	-79.21	-147.45	154.02	0	255	0
813	-79.21	-147.45	154.02	0	255	0
813	-79.21	-147.45	154.02	0	255	0
813	-79.21	-147.45	154.02	0	255	0
813	-79.21	-147.45	154.02	0	255	0
813	-79.21	-147.45	154.02	0	255	0
813	-79.21	-147.45	154.02	0	255	0
813	-79.21	-147.45	154.02	0	255	0
813	-79.21	-147.45	154.02	0	255	0
813	-79.21	-147.45	154.02	0	255	0
813	-79.21	-147.45	154.02	0	255	0
813	-79.21	-147.45	154.02	0	255	0
813	-79.21	-147.45	154.02	0	255	0
813	-79.21	-147.45	154.02	0	255	0
813	-79.21	-147.45	154.02	0	255	0
813	-79.21	-147.45	154.02	0	255	0
813	-79.21	-147.45	154.02	0	255	0
813	-79.21	-147.45	154.02	0	255	0
813	-79.21	-147.45	154.02	0	255	0
813	-79.21	-147.45	154.02	0	255	0
813	-79.21	-147.45	154.02	0	255	0
813	-79.21	-147.45	154.02	0	255	0
813	-79.21	-147.45	154.02	0	255	0
813	-79.21	-147.45	154.02	0	255	0
813	-79.21	-147.45	154.02	0	255	0
813	-79.21	-147.45	154.02	0	255	0
813	-79.21	-147.45	154.02	0	255	0
813	-79.21	-147.45	154.02	0	255	0
813	-79.21	-147.45	154.02	0	255	0
813	-79.21	-147.45	154.02	0	255	0
813	-79.21	-147.45	154.02	0	255	0
813	-79.21	-147.45	154.02	0	255	0
813	-79.21	-147.45	154.02	0	255	0
813	-79.21	-147.45	154.02	0	255	0
813	-79.21	-147.45	154.02	0	255	0
813	-79.21	-147.45	154.02	0	255	0
813	-79.21	-147.45	154.02	0	255	0
813	-79.21	-147.45	154.02	0	255	0
813	-79.21	-147.45	154.02	0	255	0
813	-79.21	-147.45	154.02	0	255	0
813	-79.21	-147.45	154.02	0	255	0
813	-79.21	-147.45	154.02	0	255	0
813	-79.21	-147.45	154.02	0	255	0
813	-79.21	-147.45	154.02	0	255	0
813	-79.21	-147.45	154.02	0	255	0
