814	-82.05	-147.9	152.36	0	255	0
814	-82.05	-147.9	152.36	0	255	0
814	-82.05	-147.9	152.36	0	255	0
814	-82.05	-147.9	152.36	0	255	0
814	-82.05	-147.9	152.36	0	255	0
814	-82.05	-147.9	152.36	0	255	0
814	-82.05	-147.9	152.36	0	255	0
814	-82.05	-147.9	152.36	0	255	0
814	-82.05	-147.9	152.36	0	255	0
814	-82.05	-147.9	152.36	0	255	0
814	-82.05	-147.9	152.36	0	255	0
814	-82.05	-147.9	152.36	0	255	0
814	-82.05	-147.9	152.36	0	255	0
814	-82.05	-147.9	152.36	0	255	0
814	-82.05	-147.9	152.36	0	255	0
814	-82.05	-147.9	152.36	0	255	0
814	-82.05	-147.9	152.36	0	255	0
814	-82.05	-147.9	152.36	0	255	0
814	-82.05	-147.9	152.36	0	255	0
814	-82.05	-147.9	152.36	0	255	0
814	-82.05	-147.9	152.36	0	255	0
814	-82.05	-147.9	152.36	0	255	0
814	-82.05	-147.9	152.36	0	255	0
814	-82.05	-147.9	152.36	0	255	0
814	-82.05	-147.9	152.36	0	255	0
814	-82.05	-147.9	152.36	0	255	0
814	-82.05	-147.9	152.36	0	255	0
814	-82.05	-147.9	152.36	0	255	0
814	-82.05	-147.9	152.36	0	255	0
814	-82.05	-147.9	152.36	0	255	0
814	-82.05	-147.9	152.36	0	255	0
814	-82.05	-147.9	152.36	0	255	0
814	-82.05	-147.9	152.36	0	255	0
814	-82.04	-147.9	152.35	0	255	0
814	-82.04	-147.9	152.35	0	255	0
814	-82.03	-147.9	152.34	0	255	0
814	-82.03	-147.9	152.33	0	255	0
814	-82.02	-147.9	152.32	0	255	0
814	-82.01	-147.9	152.31	0	255	0
814	-82.0	-147.9	152.29	0	255	0
814	-81.99	-147.9	152.28	0	255	0
814	-81.98	-147.91	152.26	0	255	0
814	-81.96	-147.91	152.24	0	255	0
814	-81.95	-147.91	152.23	0	255	0
814	-81.93	-147.91	152.2	0	255	0
814	-81.92	-147.91	152.18	0	255	0
814	-81.9	-147.92	152.16	0	255	0
814	-81.88	-147.92	152.13	0	255	0
814	-81.86	-147.92	152.11	0	255	0
814	-81.84	-147.93	152.08	0	255	0
814	-81.82	-147.93	152.05	0	255	0
814	-81.79	-147.93	152.02	0	255	0
814	-81.77	-147.93	151.99	0	255	0
814	-81.75	-147.94	151.96	0	255	0
814	-81.72	-147.94	151.93	0	255	0
814	-81.7	-147.95	151.89	0	255	0
814	-81.67	-147.95	151.86	0	255	0
814	-81.64	-147.95	151.82	0	255	0
814	-81.61	-147.96	151.78	0	255	0
814	-81.58	-147.96	151.75	0	255	0
814	-81.55	-147.97	151.71	0	255	0
814	-81.52	-147.97	151.66	0	255	0
814	-81.49	-147.97	151.62	0	255	0
814	-81.46	-147.98	151.58	0	255	0
814	-81.43	-147.98	151.54	0	255	0
814	-81.39	-147.99	151.49	0	255	0
814	-81.36	-147.99	151.45	0	255	0
814	-81.32	-148.0	151.4	0	255	0
814	-81.29	-148.0	151.35	0	255	0
814	-81.25	-148.01	151.31	0	255	0
814	-81.22	-148.01	151.26	0	255	0
814	-81.18	-148.02	151.21	0	255	0
814	-81.14	-148.02	151.16	0	255	0
814	-81.1	-148.03	151.11	0	255	0
814	-81.06	-148.04	151.06	0	255	0
814	-81.02	-148.04	151.0	0	255	0
814	-80.98	-148.05	150.95	0	255	0
814	-80.94	-148.05	150.9	0	255	0
814	-80.9	-148.06	150.84	0	255	0
814	-80.86	-148.06	150.79	0	255	0
814	-80.82	-148.07	150.73	0	255	0
814	-80.78	-148.08	150.68	0	255	0
814	-80.73	-148.08	150.62	0	255	0
814	-80.69	-148.09	150.56	0	255	0
814	-80.65	-148.1	150.5	0	255	0
814	-80.6	-148.1	150.45	0	255	0
814	-80.56	-148.11	150.39	0	255	0
814	-80.51	-148.11	150.33	0	255	0
814	-80.47	-148.12	150.27	0	255	0
814	-80.42	-148.13	150.21	0	255	0
814	-80.38	-148.13	150.15	0	255	0
814	-80.33	-148.14	150.09	0	255	0
814	-80.29	-148.15	150.03	0	255	0
814	-80.24	-148.15	149.97	0	255	0
814	-80.19	-148.16	149.91	0	255	0
814	-80.15	-148.17	149.85	0	255	0
814	-80.1	-148.17	149.79	0	255	0
814	-80.05	-148.18	149.72	0	255	0
814	-80.01	-148.19	149.66	0	255	0
814	-79.96	-148.19	149.6	0	255	0
814	-79.91	-148.2	149.54	0	255	0
814	-79.87	-148.21	149.48	0	255	0
814	-79.82	-148.21	149.41	0	255	0
814	-79.77	-148.22	149.35	0	255	0
814	-79.73	-148.23	149.29	0	255	0
814	-79.68	-148.23	149.23	0	255	0
814	-79.63	-148.24	149.16	0	255	0
814	-79.58	-148.25	149.1	0	255	0
814	-79.54	-148.25	149.04	0	255	0
814	-79.49	-148.26	148.98	0	255	0
814	-79.44	-148.27	148.91	0	255	0
814	-79.4	-148.27	148.85	0	255	0
814	-79.35	-148.28	148.79	0	255	0
814	-79.3	-148.29	148.73	0	255	0
814	-79.26	-148.29	148.67	0	255	0
814	-79.21	-148.3	148.61	0	255	0
814	-79.16	-148.31	148.54	0	255	0
814	-79.12	-148.31	148.48	0	255	0
814	-79.07	-148.32	148.42	0	255	0
814	-79.03	-148.33	148.36	0	255	0
814	-78.98	-148.33	148.3	0	255	0
814	-78.93	-148.34	148.24	0	255	0
814	-78.89	-148.35	148.18	0	255	0
814	-78.85	-148.35	148.13	0	255	0
814	-78.8	-148.36	148.07	0	255	0
814	-78.76	-148.36	148.01	0	255	0
814	-78.71	-148.37	147.95	0	255	0
814	-78.67	-148.38	147.89	0	255	0
814	-78.63	-148.38	147.84	0	255	0
814	-78.59	-148.39	147.78	0	255	0
814	-78.54	-148.39	147.73	0	255	0
814	-78.5	-148.4	147.67	0	255	0
814	-78.46	-148.41	147.62	0	255	0
814	-78.42	-148.41	147.56	0	255	0
814	-78.38	-148.42	147.51	0	255	0
814	-78.34	-148.42	147.46	0	255	0
814	-78.3	-148.43	147.41	0	255	0
814	-78.26	-148.43	147.36	0	255	0
814	-78.23	-148.44	147.31	0	255	0
814	-78.19	-148.44	147.26	0	255	0
814	-78.15	-148.45	147.21	0	255	0
814	-78.12	-148.46	147.16	0	255	0
814	-78.08	-148.46	147.11	0	255	0
814	-78.04	-148.47	147.07	0	255	0
814	-78.01	-148.47	147.02	0	255	0
814	-77.98	-148.48	146.98	0	255	0
814	-77.94	-148.48	146.93	0	255	0
814	-77.91	-148.48	146.89	0	255	0
814	-77.88	-148.49	146.85	0	255	0
814	-77.85	-148.49	146.81	0	255	0
814	-77.82	-148.5	146.77	0	255	0
814	-77.79	-148.5	146.73	0	255	0
814	-77.76	-148.51	146.69	0	255	0
814	-77.73	-148.51	146.66	0	255	0
814	-77.71	-148.51	146.62	0	255	0
814	-77.68	-148.52	146.59	0	255	0
814	-77.66	-148.52	146.55	0	255	0
814	-77.63	-148.52	146.52	0	255	0
814	-77.61	-148.53	146.49	0	255	0
814	-77.59	-148.53	146.46	0	255	0
814	-77.56	-148.53	146.43	0	255	0
814	-77.54	-148.54	146.4	0	255	0
814	-77.52	-148.54	146.38	0	255	0
814	-77.51	-148.54	146.35	0	255	0
814	-77.49	-148.54	146.33	0	255	0
814	-77.47	-148.55	146.31	0	255	0
814	-77.46	-148.55	146.29	0	255	0
814	-77.44	-148.55	146.27	0	255	0
814	-77.43	-148.55	146.25	0	255	0
814	-77.42	-148.55	146.24	0	255	0
814	-77.4	-148.56	146.22	0	255	0
814	-77.39	-148.56	146.21	0	255	0
814	-77.39	-148.56	146.2	0	255	0
814	-77.38	-148.56	146.18	0	255	0
814	-77.37	-148.56	146.18	0	255	0
814	-77.36	-148.56	146.17	0	255	0
814	-77.36	-148.56	146.16	0	255	0
814	-77.36	-148.56	146.16	0	255	0
814	-77.36	-148.56	146.16	0	255	0
814	-77.35	-148.56	146.16	0	255	0
814	-77.36	-148.56	146.16	0	255	0
814	-77.36	-148.56	146.16	0	255	0
814	-77.36	-148.56	146.16	0	255	0
814	-77.36	-148.56	146.17	0	255	0
814	-77.37	-148.56	146.18	0	255	0
814	-77.38	-148.56	146.18	0	255	0
814	-77.38	-148.56	146.19	0	255	0
814	-77.39	-148.56	146.21	0	255	0
814	-77.4	-148.56	146.22	0	255	0
814	-77.41	-148.56	146.23	0	255	0
814	-77.43	-148.55	146.25	0	255	0
814	-77.44	-148.55	146.27	0	255	0
814	-77.45	-148.55	146.29	0	255	0
814	-77.47	-148.55	146.31	0	255	0
814	-77.48	-148.55	146.33	0	255	0
814	-77.5	-148.54	146.35	0	255	0
814	-77.52	-148.54	146.37	0	255	0
814	-77.54	-148.54	146.4	0	255	0
814	-77.56	-148.53	146.43	0	255	0
814	-77.58	-148.53	146.45	0	255	0
814	-77.6	-148.53	146.48	0	255	0
814	-77.62	-148.53	146.51	0	255	0
814	-77.65	-148.52	146.54	0	255	0
814	-77.67	-148.52	146.58	0	255	0
814	-77.7	-148.51	146.61	0	255	0
814	-77.72	-148.51	146.64	0	255	0
814	-77.75	-148.51	146.68	0	255	0
814	-77.78	-148.5	146.72	0	255	0
814	-77.81	-148.5	146.75	0	255	0
814	-77.84	-148.49	146.79	0	255	0
814	-77.87	-148.49	146.83	0	255	0
814	-77.9	-148.49	146.87	0	255	0
814	-77.93	-148.48	146.91	0	255	0
814	-77.96	-148.48	146.96	0	255	0
814	-77.99	-148.47	147.0	0	255	0
814	-78.03	-148.47	147.04	0	255	0
814	-78.06	-148.46	147.09	0	255	0
814	-78.1	-148.46	147.14	0	255	0
814	-78.13	-148.45	147.18	0	255	0
814	-78.17	-148.45	147.23	0	255	0
814	-78.21	-148.44	147.28	0	255	0
814	-78.24	-148.44	147.33	0	255	0
814	-78.28	-148.43	147.38	0	255	0
814	-78.32	-148.43	147.43	0	255	0
814	-78.36	-148.42	147.48	0	255	0
814	-78.4	-148.42	147.53	0	255	0
814	-78.44	-148.41	147.58	0	255	0
814	-78.48	-148.4	147.64	0	255	0
814	-78.52	-148.4	147.69	0	255	0
814	-78.56	-148.39	147.75	0	255	0
814	-78.6	-148.39	147.8	0	255	0
814	-78.64	-148.38	147.86	0	255	0
814	-78.68	-148.37	147.91	0	255	0
814	-78.73	-148.37	147.97	0	255	0
814	-78.77	-148.36	148.02	0	255	0
814	-78.81	-148.36	148.08	0	255	0
814	-78.86	-148.35	148.14	0	255	0
814	-78.9	-148.34	148.2	0	255	0
814	-78.94	-148.34	148.26	0	255	0
814	-78.99	-148.33	148.32	0	255	0
814	-79.03	-148.32	148.37	0	255	0
814	-79.08	-148.32	148.43	0	255	0
814	-79.12	-148.31	148.49	0	255	0
814	-79.17	-148.31	148.55	0	255	0
814	-79.22	-148.3	148.61	0	255	0
814	-79.26	-148.29	148.67	0	255	0
814	-79.31	-148.29	148.74	0	255	0
814	-79.35	-148.28	148.8	0	255	0
814	-79.4	-148.27	148.86	0	255	0
814	-79.45	-148.27	148.92	0	255	0
814	-79.49	-148.26	148.98	0	255	0
814	-79.54	-148.25	149.04	0	255	0
814	-79.59	-148.25	149.1	0	255	0
814	-79.63	-148.24	149.16	0	255	0
814	-79.68	-148.23	149.23	0	255	0
814	-79.72	-148.23	149.29	0	255	0
814	-79.77	-148.22	149.35	0	255	0
814	-79.82	-148.21	149.41	0	255	0
814	-79.86	-148.21	149.47	0	255	0
814	-79.91	-148.2	149.53	0	255	0
814	-79.96	-148.19	149.6	0	255	0
814	-80.0	-148.19	149.66	0	255	0
814	-80.05	-148.18	149.72	0	255	0
814	-80.1	-148.17	149.78	0	255	0
814	-80.14	-148.17	149.84	0	255	0
814	-80.19	-148.16	149.9	0	255	0
814	-80.23	-148.15	149.96	0	255	0
814	-80.28	-148.15	150.02	0	255	0
814	-80.32	-148.14	150.08	0	255	0
814	-80.37	-148.13	150.14	0	255	0
814	-80.41	-148.13	150.2	0	255	0
814	-80.46	-148.12	150.26	0	255	0
814	-80.5	-148.12	150.32	0	255	0
814	-80.55	-148.11	150.37	0	255	0
814	-80.59	-148.1	150.43	0	255	0
814	-80.63	-148.1	150.49	0	255	0
814	-80.68	-148.09	150.55	0	255	0
814	-80.72	-148.08	150.6	0	255	0
814	-80.76	-148.08	150.66	0	255	0
814	-80.8	-148.07	150.71	0	255	0
814	-80.85	-148.07	150.77	0	255	0
814	-80.89	-148.06	150.82	0	255	0
814	-80.93	-148.05	150.88	0	255	0
814	-80.97	-148.05	150.93	0	255	0
814	-81.01	-148.04	150.98	0	255	0
814	-81.05	-148.04	151.03	0	255	0
814	-81.09	-148.03	151.09	0	255	0
814	-81.12	-148.03	151.14	0	255	0
814	-81.16	-148.02	151.19	0	255	0
814	-81.2	-148.02	151.23	0	255	0
814	-81.23	-148.01	151.28	0	255	0
814	-81.27	-148.01	151.33	0	255	0
814	-81.31	-148.0	151.38	0	255	0
814	-81.34	-148.0	151.42	0	255	0
814	-81.38	-147.99	151.47	0	255	0
814	-81.41	-147.99	151.51	0	255	0
814	-81.44	-147.98	151.56	0	255	0
814	-81.47	-147.98	151.6	0	255	0
814	-81.51	-147.97	151.64	0	255	0
814	-81.54	-147.97	151.68	0	255	0
814	-81.57	-147.96	151.72	0	255	0
814	-81.6	-147.96	151.76	0	255	0
814	-81.62	-147.96	151.8	0	255	0
814	-81.65	-147.95	151.83	0	255	0
814	-81.68	-147.95	151.87	0	255	0
814	-81.71	-147.94	151.9	0	255	0
814	-81.73	-147.94	151.94	0	255	0
814	-81.75	-147.94	151.97	0	255	0
814	-81.78	-147.93	152.0	0	255	0
814	-81.8	-147.93	152.03	0	255	0
814	-81.82	-147.93	152.06	0	255	0
814	-81.84	-147.92	152.09	0	255	0
814	-81.86	-147.92	152.12	0	255	0
814	-81.88	-147.92	152.14	0	255	0
814	-81.9	-147.92	152.16	0	255	0
814	-81.92	-147.91	152.19	0	255	0
814	-81.93	-147.91	152.21	0	255	0
814	-81.95	-147.91	152.23	0	255	0
814	-81.96	-147.91	152.25	0	255	0
814	-81.98	-147.91	152.26	0	255	0
814	-81.99	-147.9	152.28	0	255	0
814	-82.0	-147.9	152.3	0	255	0
814	-82.01	-147.9	152.31	0	255	0
814	-82.02	-147.9	152.32	0	255	0
814	-82.03	-147.9	152.33	0	255	0
814	-82.03	-147.9	152.34	0	255	0
814	-82.04	-147.9	152.35	0	255	0
814	-82.04	-147.9	152.35	0	255	0
814	-82.05	-147.9	152.36	0	255	0
814	-82.05	-147.9	152.36	0	255	0
814	-82.05	-147.9	152.36	0	255	0
814	-82.05	-147.9	152.36	0	255	0
814	-82.05	-147.9	152.36	0	255	0
814	-82.05	-147.9	152.36	0	255	0
814	-82.05	-147.9	152.36	0	255	0
814	-82.05	-147.9	152.36	0	255	0
814	-82.05	-147.9	152.36	0	255	0
814	-82.05	-147.9	152.36	0	255	0
814	-82.05	-147.9	152.36	0	255	0
814	-82.05	-147.9	152.36	0	255	0
814	-82.05	-147.9	152.36	0	255	0
814	-82.05	-147.9	152.36	0	255	0
814	-82.05	-147.9	152.36	0	255	0
814	-82.05	-147.9	152.36	0	255	0
814	-82.05	-147.9	152.36	0	255	0
814	-82.05	-147.9	152.36	0	255	0
814	-82.05	-147.9	152.36	0	255	0
814	-82.05	-147.9	152.36	0	255	0
814	-82.05	-147.9	152.36	0	255	0
814	-82.05	-147.9	152.36	0	255	0
814	-82.05	-147.9	152.36	0	255	0
814	-82.05	-147.9	152.36	0	255	0
814	-82.05	-147.9	152.36	0	255	0
814	-82.05	-147.9	152.36	0	255	0
814	-82.05	-147.9	152.36	0	255	0
814	-82.05	-147.9	152.36	0	255	0
814	-82.05	-147.9	152.36	0	255	0
814	-82.05	-147.9	152.36	0	255	0
814	-82.05	-147.9	152.36	0	255	0
814	-82.05	-147.9	152.36	0	255	0
814	-82.05	-147.9	152.36	0	255	0
814	-82.05	-147.9	152.36	0	255	0
814	-82.05	-147.9	152.36	0	255	0
814	-82.05	-147.9	152.36	0	255	0
814	-82.05	-147.9	152.36	0	255	0
814	-82.05	-147.9	152.36	0	255	0
814	-82.05	-147.9	152.36	0	255	0
814	-82.05	-147.9	152.36	0	255	0
814	-82.05	-147.9	152.36	0	255	0
814	-82.05	-147.9	152.36	0	255	0
814	-82.05	-147.9	152.36	0	255	0
814	-82.05	-147.9	152.36	0	255	0
814	-82.05	-147.9	152.36	0	255	0
814	-82.05	-147.9	152.36	0	255	0
814	-82.05	-147.9	152.36	0	255	0
814	-82.05	-147.9	152.36	0	255	0
814	-82.05	-147.9	152.36	0	255	0
814	-82.05	-147.9	152.36	0	255	0
814	-82.05	-147.9	152.36	0	255	0
814	-82.05	-147.9	152.36	0	255	0
814	-82.05	-147.9	152.36	0	255	0
814	-82.05	-147.9	152.36	0	255	0
814	-82.05	-147.9	152.36	0	255	0
814	-82.05	-147.9	152.36	0	255	0
814	-82.05	-147.9	152.36	0	255	0
814	-82.05	-147.9	152.36	0	255	0
814	-82.05	-147.9	152.36	0	255	0
814	-82.05	-147.9	152.36	0	255	0
814	-82.05	-147.9	152.36	0	255	0
814	-82.05	-147.9	152.36	0	255	0
814	-82.05	-147.9	152.36	0	255	0
814	-82.05	-147.9	152.36	0	255	0
814	-82.05	-147.9	152.36	0	255	0
814	-82.05	-147.9	152.36	0	255	0
814	-82.05	-147.9	152.36	0	255	0
814	-82.05	-147.9	152.36	0	255	0
814	-82.05	-147.9	152.36	0	255	0
814	-82.05	-147.9	152.36	0	255	0
814	-82.05	-147.9	152.36	0	255	0
814	-82.05	-147.9	152.36	0	255	0
814	-82.05	-147.9	152.36	0	255	0
814	-82.05	-147.9	152.36	0	255	0
814	-82.05	-147.9	152.36	0	255	0
814	-82.05	-147.9	152.36	0	255	0
814	-82.05	-147.9	152.36	0	255	0
814	-82.05	-147.9	152.36	0	255	0
814	-82.05	-147.9	152.36	0	255	0
814	-82.05	-147.9	152.36	0	255	0
814	-82.05	-147.9	152.36	0	255	0
814	-82.05	-147.9	152.36	0	255	0
814	-82.05	-147.9	152.36	0	255	0
814	-82.05	-147.9	152.36	0	255	0
814	-82.05	-147.9	152.36	0	255	0
814	-82.05	-147.9	152.36	0	255	0
814	-82.05	-147.9	152.36	0	255	0
814	-82.05	-147.9	152.36	0	255	0
814	-82.05	-147.9	152.36	0	255	0
814	-82.05	-147.9	152.36	0	255	0
814	-82.05	-147.9	152.36	0	255	0
814	-82.05	-147.9	152.36	0	255	0
814	-82.05	-147.9	152.36	0	255	0
814	-82.05	-147.9	152.36	0	255	0
814	-82.05	-147.9	152.36	0	255	0
814	-82.05	-147.9	152.36	0	255	0
814	-82.05	-147.9	152.36	0	255	0
814	-82.05	-147.9	152.36	0	255	0
814	-82.05	-147.9	152.36	0	255	0
814	-82.05	-147.9	152.36	0	255	0
814	-82.05	-147.9	152.36	0	255	0
814	-82.05	-147.9	152.36	0	255	0
814	-82.05	-147.9	152.36	0	255	0
814	-82.05	-147.9	152.36	0	255	0
814	-82.05	-147.9	152.36	0	255	0
814	-82.05	-147.9	152.36	0	255	0
814	-82.05	-147.9	152.36	0	255	0
814	-82.05	-147.9	152.36	0	255	0
814	-82.05	-147.9	152.36	0	255	0
814	-82.05	-147.9	152.36	0	255	0
814	-82.05	-147.9	152.36	0	255	0
814	-82.05	-147.9	152.36	0	255	0
814	-82.05	-147.9	152.36	0	255	0
814	-82.05	-147.9	152.36	0	255	0
814	-82.05	-147.9	152.36	0	255	0
814	-82.05	-147.9	152.36	0	255	0
814	-82.05	-147.9	152.36	0	255	0
814	-82.05	-147.9	152.36	0	255	0
814	-82.05	-147.9	152.36	0	255	0
814	-82.05	-147.9	152.36	0	255	0
814	-82.05	-147.9	152.36	0	255	0
814	-82.05	-147.9	152.36	0	255	0
814	-82.05	-147.9	152.36	0	255	0
