833	-163.76	-160.84	158.64	0	255	0
833	-163.76	-160.84	158.64	0	255	0
833	-163.76	-160.84	158.64	0	255	0
833	-163.76	-160.84	158.64	0	255	0
833	-163.76	-160.84	158.64	0	255	0
833	-163.76	-160.84	158.64	0	255	0
833	-163.76	-160.84	158.64	0	255	0
833	-163.76	-160.84	158.64	0	255	0
833	-163.76	-160.84	158.64	0	255	0
833	-163.76	-160.84	158.64	0	255	0
833	-163.76	-160.84	158.64	0	255	0
833	-163.76	-160.84	158.64	0	255	0
833	-163.76	-160.84	158.64	0	255	0
833	-163.76	-160.84	158.64	0	255	0
833	-163.76	-160.84	158.64	0	255	0
833	-163.76	-160.84	158.64	0	255	0
833	-163.76	-160.84	158.64	0	255	0
833	-163.76	-160.84	158.64	0	255	0
833	-163.76	-160.84	158.64	0	255	0
833	-163.76	-160.84	158.64	0	255	0
833	-163.76	-160.84	158.64	0	255	0
833	-163.76	-160.84	158.64	0	255	0
833	-163.76	-160.84	158.64	0	255	0
833	-163.76	-160.84	158.64	0	255	0
833	-163.76	-160.84	158.64	0	255	0
833	-163.76	-160.84	158.64	0	255	0
833	-163.76	-160.84	158.64	0	255	0
833	-163.76	-160.84	158.64	0	255	0
833	-163.76	-160.84	158.64	0	255	0
833	-163.76	-160.84	158.64	0	255	0
833	-163.76	-160.84	158.64	0	255	0
833	-163.76	-160.84	158.64	0	255	0
833	-163.76	-160.84	158.64	0	255	0
833	-163.77	-160.84	158.64	0	255	0
833	-163.77	-160.84	158.63	0	255	0
833	-163.78	-160.84	158.62	0	255	0
833	-163.79	-160.85	158.62	0	255	0
833	-163.8	-160.85	158.61	0	255	0
833	-163.81	-160.86	158.6	0	255	0
833	-163.82	-160.86	158.59	0	255	0
833	-163.83	-160.87	158.57	0	255	0
833	-163.85	-160.87	158.56	0	255	0
833	-163.87	-160.88	158.54	0	255	0
833	-163.88	-160.89	158.53	0	255	0
833	-163.9	-160.89	158.51	0	255	0
833	-163.92	-160.9	158.49	0	255	0
833	-163.94	-160.91	158.47	0	255	0
833	-163.97	-160.92	158.45	0	255	0
833	-163.99	-160.93	158.42	0	255	0
833	-164.02	-160.94	158.4	0	255	0
833	-164.04	-160.95	158.38	0	255	0
833	-164.07	-160.96	158.35	0	255	0
833	-164.1	-160.97	158.32	0	255	0
833	-164.13	-160.99	158.3	0	255	0
833	-164.16	-161.0	158.27	0	255	0
833	-164.19	-161.01	158.24	0	255	0
833	-164.22	-161.02	158.21	0	255	0
833	-164.26	-161.04	158.17	0	255	0
833	-164.29	-161.05	158.14	0	255	0
833	-164.33	-161.07	158.11	0	255	0
833	-164.36	-161.08	158.07	0	255	0
833	-164.4	-161.1	158.04	0	255	0
833	-164.44	-161.11	158.0	0	255	0
833	-164.48	-161.13	157.96	0	255	0
833	-164.52	-161.14	157.93	0	255	0
833	-164.56	-161.16	157.89	0	255	0
833	-164.6	-161.18	157.85	0	255	0
833	-164.64	-161.19	157.81	0	255	0
833	-164.69	-161.21	157.77	0	255	0
833	-164.73	-161.23	157.73	0	255	0
833	-164.77	-161.25	157.68	0	255	0
833	-164.82	-161.27	157.64	0	255	0
833	-164.87	-161.29	157.6	0	255	0
833	-164.91	-161.3	157.55	0	255	0
833	-164.96	-161.32	157.51	0	255	0
833	-165.01	-161.34	157.46	0	255	0
833	-165.06	-161.36	157.42	0	255	0
833	-165.11	-161.38	157.37	0	255	0
833	-165.16	-161.4	157.32	0	255	0
833	-165.21	-161.42	157.27	0	255	0
833	-165.26	-161.44	157.23	0	255	0
833	-165.31	-161.47	157.18	0	255	0
833	-165.36	-161.49	157.13	0	255	0
833	-165.42	-161.51	157.08	0	255	0
833	-165.47	-161.53	157.03	0	255	0
833	-165.52	-161.55	156.98	0	255	0
833	-165.58	-161.57	156.93	0	255	0
833	-165.63	-161.59	156.88	0	255	0
833	-165.68	-161.62	156.82	0	255	0
833	-165.74	-161.64	156.77	0	255	0
833	-165.79	-161.66	156.72	0	255	0
833	-165.85	-161.68	156.67	0	255	0
833	-165.91	-161.71	156.61	0	255	0
833	-165.96	-161.73	156.56	0	255	0
833	-166.02	-161.75	156.51	0	255	0
833	-166.07	-161.78	156.45	0	255	0
833	-166.13	-161.8	156.4	0	255	0
833	-166.19	-161.82	156.35	0	255	0
833	-166.24	-161.84	156.29	0	255	0
833	-166.3	-161.87	156.24	0	255	0
833	-166.36	-161.89	156.19	0	255	0
833	-166.42	-161.91	156.13	0	255	0
833	-166.47	-161.94	156.08	0	255	0
833	-166.53	-161.96	156.02	0	255	0
833	-166.59	-161.98	155.97	0	255	0
833	-166.65	-162.01	155.91	0	255	0
833	-166.7	-162.03	155.86	0	255	0
833	-166.76	-162.05	155.81	0	255	0
833	-166.82	-162.08	155.75	0	255	0
833	-166.88	-162.1	155.7	0	255	0
833	-166.93	-162.12	155.64	0	255	0
833	-166.99	-162.15	155.59	0	255	0
833	-167.05	-162.17	155.53	0	255	0
833	-167.1	-162.19	155.48	0	255	0
833	-167.16	-162.22	155.43	0	255	0
833	-167.22	-162.24	155.37	0	255	0
833	-167.27	-162.26	155.32	0	255	0
833	-167.33	-162.28	155.27	0	255	0
833	-167.39	-162.31	155.21	0	255	0
833	-167.44	-162.33	155.16	0	255	0
833	-167.5	-162.35	155.11	0	255	0
833	-167.55	-162.37	155.06	0	255	0
833	-167.61	-162.4	155.01	0	255	0
833	-167.66	-162.42	154.96	0	255	0
833	-167.71	-162.44	154.9	0	255	0
833	-167.77	-162.46	154.85	0	255	0
833	-167.82	-162.48	154.8	0	255	0
833	-167.87	-162.5	154.75	0	255	0
833	-167.92	-162.53	154.71	0	255	0
833	-167.98	-162.55	154.66	0	255	0
833	-168.03	-162.57	154.61	0	255	0
833	-168.08	-162.59	154.56	0	255	0
833	-168.13	-162.61	154.51	0	255	0
833	-168.18	-162.63	154.47	0	255	0
833	-168.23	-162.65	154.42	0	255	0
833	-168.27	-162.67	154.37	0	255	0
833	-168.32	-162.69	154.33	0	255	0
833	-168.37	-162.71	154.29	0	255	0
833	-168.41	-162.72	154.24	0	255	0
833	-168.46	-162.74	154.2	0	255	0
833	-168.5	-162.76	154.16	0	255	0
833	-168.55	-162.78	154.11	0	255	0
833	-168.59	-162.8	154.07	0	255	0
833	-168.63	-162.81	154.03	0	255	0
833	-168.68	-162.83	153.99	0	255	0
833	-168.72	-162.85	153.96	0	255	0
833	-168.76	-162.86	153.92	0	255	0
833	-168.8	-162.88	153.88	0	255	0
833	-168.83	-162.89	153.84	0	255	0
833	-168.87	-162.91	153.81	0	255	0
833	-168.91	-162.92	153.77	0	255	0
833	-168.94	-162.94	153.74	0	255	0
833	-168.98	-162.95	153.71	0	255	0
833	-169.01	-162.97	153.68	0	255	0
833	-169.05	-162.98	153.64	0	255	0
833	-169.08	-162.99	153.61	0	255	0
833	-169.11	-163.01	153.59	0	255	0
833	-169.14	-163.02	153.56	0	255	0
833	-169.17	-163.03	153.53	0	255	0
833	-169.19	-163.04	153.51	0	255	0
833	-169.22	-163.05	153.48	0	255	0
833	-169.24	-163.06	153.46	0	255	0
833	-169.27	-163.07	153.43	0	255	0
833	-169.29	-163.08	153.41	0	255	0
833	-169.31	-163.09	153.39	0	255	0
833	-169.33	-163.1	153.37	0	255	0
833	-169.35	-163.1	153.36	0	255	0
833	-169.37	-163.11	153.34	0	255	0
833	-169.39	-163.12	153.32	0	255	0
833	-169.4	-163.12	153.31	0	255	0
833	-169.41	-163.13	153.3	0	255	0
833	-169.43	-163.13	153.28	0	255	0
833	-169.44	-163.14	153.27	0	255	0
833	-169.45	-163.14	153.27	0	255	0
833	-169.45	-163.15	153.26	0	255	0
833	-169.46	-163.15	153.25	0	255	0
833	-169.47	-163.15	153.25	0	255	0
833	-169.47	-163.15	153.24	0	255	0
833	-169.47	-163.15	153.24	0	255	0
833	-169.47	-163.15	153.24	0	255	0
833	-169.47	-163.15	153.24	0	255	0
833	-169.47	-163.15	153.24	0	255	0
833	-169.47	-163.15	153.25	0	255	0
833	-169.46	-163.15	153.25	0	255	0
833	-169.46	-163.15	153.26	0	255	0
833	-169.45	-163.14	153.26	0	255	0
833	-169.44	-163.14	153.27	0	255	0
833	-169.43	-163.13	153.28	0	255	0
833	-169.42	-163.13	153.29	0	255	0
833	-169.4	-163.12	153.31	0	255	0
833	-169.39	-163.12	153.32	0	255	0
833	-169.37	-163.11	153.34	0	255	0
833	-169.35	-163.11	153.35	0	255	0
833	-169.34	-163.1	153.37	0	255	0
833	-169.32	-163.09	153.39	0	255	0
833	-169.3	-163.08	153.41	0	255	0
833	-169.27	-163.07	153.43	0	255	0
833	-169.25	-163.06	153.45	0	255	0
833	-169.23	-163.05	153.47	0	255	0
833	-169.2	-163.04	153.5	0	255	0
833	-169.17	-163.03	153.52	0	255	0
833	-169.15	-163.02	153.55	0	255	0
833	-169.12	-163.01	153.58	0	255	0
833	-169.09	-163.0	153.61	0	255	0
833	-169.06	-162.98	153.63	0	255	0
833	-169.02	-162.97	153.66	0	255	0
833	-168.99	-162.96	153.7	0	255	0
833	-168.96	-162.94	153.73	0	255	0
833	-168.92	-162.93	153.76	0	255	0
833	-168.89	-162.92	153.79	0	255	0
833	-168.85	-162.9	153.83	0	255	0
833	-168.81	-162.89	153.86	0	255	0
833	-168.77	-162.87	153.9	0	255	0
833	-168.74	-162.85	153.94	0	255	0
833	-168.7	-162.84	153.98	0	255	0
833	-168.65	-162.82	154.01	0	255	0
833	-168.61	-162.8	154.05	0	255	0
833	-168.57	-162.79	154.09	0	255	0
833	-168.53	-162.77	154.13	0	255	0
833	-168.48	-162.75	154.18	0	255	0
833	-168.44	-162.73	154.22	0	255	0
833	-168.39	-162.72	154.26	0	255	0
833	-168.35	-162.7	154.3	0	255	0
833	-168.3	-162.68	154.35	0	255	0
833	-168.25	-162.66	154.39	0	255	0
833	-168.21	-162.64	154.44	0	255	0
833	-168.16	-162.62	154.48	0	255	0
833	-168.11	-162.6	154.53	0	255	0
833	-168.06	-162.58	154.58	0	255	0
833	-168.01	-162.56	154.62	0	255	0
833	-167.96	-162.54	154.67	0	255	0
833	-167.91	-162.52	154.72	0	255	0
833	-167.86	-162.5	154.77	0	255	0
833	-167.8	-162.48	154.82	0	255	0
833	-167.75	-162.46	154.87	0	255	0
833	-167.7	-162.43	154.92	0	255	0
833	-167.65	-162.41	154.97	0	255	0
833	-167.59	-162.39	155.02	0	255	0
833	-167.54	-162.37	155.07	0	255	0
833	-167.48	-162.35	155.12	0	255	0
833	-167.43	-162.33	155.17	0	255	0
833	-167.38	-162.3	155.22	0	255	0
833	-167.32	-162.28	155.28	0	255	0
833	-167.26	-162.26	155.33	0	255	0
833	-167.21	-162.24	155.38	0	255	0
833	-167.15	-162.21	155.43	0	255	0
833	-167.1	-162.19	155.49	0	255	0
833	-167.04	-162.17	155.54	0	255	0
833	-166.99	-162.14	155.59	0	255	0
833	-166.93	-162.12	155.65	0	255	0
833	-166.87	-162.1	155.7	0	255	0
833	-166.82	-162.08	155.75	0	255	0
833	-166.76	-162.05	155.81	0	255	0
833	-166.7	-162.03	155.86	0	255	0
833	-166.65	-162.01	155.91	0	255	0
833	-166.59	-161.98	155.97	0	255	0
833	-166.53	-161.96	156.02	0	255	0
833	-166.48	-161.94	156.08	0	255	0
833	-166.42	-161.92	156.13	0	255	0
833	-166.36	-161.89	156.18	0	255	0
833	-166.31	-161.87	156.24	0	255	0
833	-166.25	-161.85	156.29	0	255	0
833	-166.19	-161.82	156.34	0	255	0
833	-166.14	-161.8	156.4	0	255	0
833	-166.08	-161.78	156.45	0	255	0
833	-166.03	-161.76	156.5	0	255	0
833	-165.97	-161.73	156.55	0	255	0
833	-165.91	-161.71	156.61	0	255	0
833	-165.86	-161.69	156.66	0	255	0
833	-165.8	-161.67	156.71	0	255	0
833	-165.75	-161.64	156.76	0	255	0
833	-165.7	-161.62	156.81	0	255	0
833	-165.64	-161.6	156.86	0	255	0
833	-165.59	-161.58	156.91	0	255	0
833	-165.54	-161.56	156.96	0	255	0
833	-165.48	-161.54	157.01	0	255	0
833	-165.43	-161.51	157.06	0	255	0
833	-165.38	-161.49	157.11	0	255	0
833	-165.33	-161.47	157.16	0	255	0
833	-165.28	-161.45	157.21	0	255	0
833	-165.23	-161.43	157.26	0	255	0
833	-165.18	-161.41	157.3	0	255	0
833	-165.13	-161.39	157.35	0	255	0
833	-165.08	-161.37	157.4	0	255	0
833	-165.03	-161.35	157.44	0	255	0
833	-164.98	-161.33	157.49	0	255	0
833	-164.93	-161.31	157.53	0	255	0
833	-164.89	-161.29	157.58	0	255	0
833	-164.84	-161.28	157.62	0	255	0
833	-164.8	-161.26	157.66	0	255	0
833	-164.75	-161.24	157.71	0	255	0
833	-164.71	-161.22	157.75	0	255	0
833	-164.66	-161.2	157.79	0	255	0
833	-164.62	-161.19	157.83	0	255	0
833	-164.58	-161.17	157.87	0	255	0
833	-164.54	-161.15	157.91	0	255	0
833	-164.5	-161.14	157.94	0	255	0
833	-164.46	-161.12	157.98	0	255	0
833	-164.42	-161.11	158.02	0	255	0
833	-164.38	-161.09	158.05	0	255	0
833	-164.35	-161.08	158.09	0	255	0
833	-164.31	-161.06	158.12	0	255	0
833	-164.28	-161.05	158.15	0	255	0
833	-164.24	-161.03	158.19	0	255	0
833	-164.21	-161.02	158.22	0	255	0
833	-164.18	-161.01	158.25	0	255	0
833	-164.15	-160.99	158.28	0	255	0
833	-164.12	-160.98	158.3	0	255	0
833	-164.09	-160.97	158.33	0	255	0
833	-164.06	-160.96	158.36	0	255	0
833	-164.03	-160.95	158.38	0	255	0
833	-164.01	-160.94	158.41	0	255	0
833	-163.98	-160.93	158.43	0	255	0
833	-163.96	-160.92	158.45	0	255	0
833	-163.94	-160.91	158.47	0	255	0
833	-163.92	-160.9	158.49	0	255	0
833	-163.9	-160.89	158.51	0	255	0
833	-163.88	-160.89	158.53	0	255	0
833	-163.86	-160.88	158.55	0	255	0
833	-163.85	-160.87	158.56	0	255	0
833	-163.83	-160.87	158.57	0	255	0
833	-163.82	-160.86	158.59	0	255	0
833	-163.81	-160.86	158.6	0	255	0
833	-163.8	-160.85	158.61	0	255	0
833	-163.79	-160.85	158.62	0	255	0
833	-163.78	-160.84	158.63	0	255	0
833	-163.77	-160.84	158.63	0	255	0
833	-163.77	-160.84	158.64	0	255	0
833	-163.76	-160.84	158.64	0	255	0
833	-163.76	-160.84	158.64	0	255	0
833	-163.76	-160.84	158.64	0	255	0
833	-163.76	-160.84	158.64	0	255	0
833	-163.76	-160.84	158.64	0	255	0
833	-163.76	-160.84	158.64	0	255	0
833	-163.76	-160.84	158.64	0	255	0
833	-163.76	-160.84	158.64	0	255	0
833	-163.76	-160.84	158.64	0	255	0
833	-163.76	-160.84	158.64	0	255	0
833	-163.76	-160.84	158.64	0	255	0
833	-163.76	-160.84	158.64	0	255	0
833	-163.76	-160.84	158.64	0	255	0
833	-163.76	-160.84	158.64	0	255	0
833	-163.76	-160.84	158.64	0	255	0
833	-163.76	-160.84	158.64	0	255	0
833	-163.76	-160.84	158.64	0	255	0
833	-163.76	-160.84	158.64	0	255	0
833	-163.76	-160.84	158.64	0	255	0
833	-163.76	-160.84	158.64	0	255	0
833	-163.76	-160.84	158.64	0	255	0
833	-163.76	-160.84	158.64	0	255	0
833	-163.76	-160.84	158.64	0	255	0
833	-163.76	-160.84	158.64	0	255	0
833	-163.76	-160.84	158.64	0	255	0
833	-163.76	-160.84	158.64	0	255	0
833	-163.76	-160.84	158.64	0	255	0
833	-163.76	-160.84	158.64	0	255	0
833	-163.76	-160.84	158.64	0	255	0
833	-163.76	-160.84	158.64	0	255	0
833	-163.76	-160.84	158.64	0	255	0
833	-163.76	-160.84	158.64	0	255	0
833	-163.76	-160.84	158.64	0	255	0
833	-163.76	-160.84	158.64	0	255	0
833	-163.76	-160.84	158.64	0	255	0
833	-163.76	-160.84	158.64	0	255	0
833	-163.76	-160.84	158.64	0	255	0
833	-163.76	-160.84	158.64	0	255	0
833	-163.76	-160.84	158.64	0	255	0
833	-163.76	-160.84	158.64	0	255	0
833	-163.76	-160.84	158.64	0	255	0
833	-163.76	-160.84	158.64	0	255	0
833	-163.76	-160.84	158.64	0	255	0
833	-163.76	-160.84	158.64	0	255	0
833	-163.76	-160.84	158.64	0	255	0
833	-163.76	-160.84	158.64	0	255	0
833	-163.76	-160.84	158.64	0	255	0
833	-163.76	-160.84	158.64	0	255	0
833	-163.76	-160.84	158.64	0	255	0
833	-163.76	-160.84	158.64	0	255	0
833	-163.76	-160.84	158.64	0	255	0
833	-163.76	-160.84	158.64	0	255	0
833	-163.76	-160.84	158.64	0	255	0
833	-163.76	-160.84	158.64	0	255	0
833	-163.76	-160.84	158.64	0	255	0
833	-163.76	-160.84	158.64	0	255	0
833	-163.76	-160.84	158.64	0	255	0
833	-163.76	-160.84	158.64	0	255	0
833	-163.76	-160.84	158.64	0	255	0
833	-163.76	-160.84	158.64	0	255	0
833	-163.76	-160.84	158.64	0	255	0
833	-163.76	-160.84	158.64	0	255	0
833	-163.76	-160.84	158.64	0	255	0
833	-163.76	-160.84	158.64	0	255	0
833	-163.76	-160.84	158.64	0	255	0
833	-163.76	-160.84	158.64	0	255	0
833	-163.76	-160.84	158.64	0	255	0
833	-163.76	-160.84	158.64	0	255	0
833	-163.76	-160.84	158.64	0	255	0
833	-163.76	-160.84	158.64	0	255	0
833	-163.76	-160.84	158.64	0	255	0
833	-163.76	-160.84	158.64	0	255	0
833	-163.76	-160.84	158.64	0	255	0
833	-163.76	-160.84	158.64	0	255	0
833	-163.76	-160.84	158.64	0	255	0
833	-163.76	-160.84	158.64	0	255	0
833	-163.76	-160.84	158.64	0	255	0
833	-163.76	-160.84	158.64	0	255	0
833	-163.76	-160.84	158.64	0	255	0
833	-163.76	-160.84	158.64	0	255	0
833	-163.76	-160.84	158.64	0	255	0
833	-163.76	-160.84	158.64	0	255	0
833	-163.76	-160.84	158.64	0	255	0
833	-163.76	-160.84	158.64	0	255	0
833	-163.76	-160.84	158.64	0	255	0
833	-163.76	-160.84	158.64	0	255	0
833	-163.76	-160.84	158.64	0	255	0
833	-163.76	-160.84	158.64	0	255	0
833	-163.76	-160.84	158.64	0	255	0
833	-163.76	-160.84	158.64	0	255	0
833	-163.76	-160.84	158.64	0	255	0
833	-163.76	-160.84	158.64	0	255	0
833	-163.76	-160.84	158.64	0	255	0
833	-163.76	-160.84	158.64	0	255	0
833	-163.76	-160.84	158.64	0	255	0
833	-163.76	-160.84	158.64	0	255	0
833	-163.76	-160.84	158.64	0	255	0
833	-163.76	-160.84	158.64	0	255	0
833	-163.76	-160.84	158.64	0	255	0
833	-163.76	-160.84	158.64	0	255	0
833	-163.76	-160.84	158.64	0	255	0
833	-163.76	-160.84	158.64	0	255	0
833	-163.76	-160.84	158.64	0	255	0
833	-163.76	-160.84	158.64	0	255	0
833	-163.76	-160.84	158.64	0	255	0
833	-163.76	-160.84	158.64	0	255	0
833	-163.76	-160.84	158.64	0	255	0
833	-163.76	-160.84	158.64	0	255	0
833	-163.76	-160.84	158.64	0	255	0
833	-163.76	-160.84	158.64	0	255	0
833	-163.76	-160.84	158.64	0	255	0
833	-163.76	-160.84	158.64	0	255	0
833	-163.76	-160.84	158.64	0	255	0
833	-163.76	-160.84	158.64	0	255	0
833	-163.76	-160.84	158.64	0	255	0
833	-163.76	-160.84	158.64	0	255	0
833	-163.76	-160.84	158.64	0	255	0
833	-163.76	-160.84	158.64	0	255	0
833	-163.76	-160.84	158.64	0	255	0
833	-163.76	-160.84	158.64	0	255	0
833	-163.76	-160.84	158.64	0	255	0
833	-163.76	-160.84	158.64	0	255	0
833	-163.76	-160.84	158.64	0	255	0
