834	-166.53	-161.28	160.39	0	255	0
834	-166.53	-161.28	160.39	0	255	0
834	-166.53	-161.28	160.39	0	255	0
834	-166.53	-161.28	160.39	0	255	0
834	-166.53	-161.28	160.39	0	255	0
834	-166.53	-161.28	160.39	0	255	0
834	-166.53	-161.28	160.39	0	255	0
834	-166.53	-161.28	160.39	0	255	0
834	-166.53	-161.28	160.39	0	255	0
834	-166.53	-161.28	160.39	0	255	0
834	-166.53	-161.28	160.39	0	255	0
834	-166.53	-161.28	160.39	0	255	0
834	-166.53	-161.28	160.39	0	255	0
834	-166.53	-161.28	160.39	0	255	0
834	-166.53	-161.28	160.39	0	255	0
834	-166.53	-161.28	160.39	0	255	0
834	-166.53	-161.28	160.39	0	255	0
834	-166.53	-161.28	160.39	0	255	0
834	-166.53	-161.28	160.39	0	255	0
834	-166.53	-161.28	160.39	0	255	0
834	-166.53	-161.28	160.39	0	255	0
834	-166.53	-161.28	160.39	0	255	0
834	-166.53	-161.28	160.39	0	255	0
834	-166.53	-161.28	160.39	0	255	0
834	-166.53	-161.28	160.39	0	255	0
834	-166.53	-161.28	160.39	0	255	0
834	-166.53	-161.28	160.39	0	255	0
834	-166.53	-161.28	160.39	0	255	0
834	-166.53	-161.28	160.39	0	255	0
834	-166.53	-161.28	160.39	0	255	0
834	-166.53	-161.28	160.39	0	255	0
834	-166.53	-161.28	160.39	0	255	0
834	-166.53	-161.28	160.39	0	255	0
834	-166.54	-161.28	160.38	0	255	0
834	-166.54	-161.28	160.38	0	255	0
834	-166.55	-161.28	160.37	0	255	0
834	-166.56	-161.29	160.36	0	255	0
834	-166.57	-161.29	160.36	0	255	0
834	-166.58	-161.3	160.35	0	255	0
834	-166.59	-161.3	160.33	0	255	0
834	-166.61	-161.31	160.32	0	255	0
834	-166.62	-161.31	160.31	0	255	0
834	-166.64	-161.32	160.29	0	255	0
834	-166.66	-161.33	160.28	0	255	0
834	-166.68	-161.33	160.26	0	255	0
834	-166.7	-161.34	160.24	0	255	0
834	-166.72	-161.35	160.22	0	255	0
834	-166.75	-161.36	160.2	0	255	0
834	-166.77	-161.37	160.18	0	255	0
834	-166.8	-161.38	160.16	0	255	0
834	-166.83	-161.39	160.13	0	255	0
834	-166.86	-161.4	160.11	0	255	0
834	-166.89	-161.42	160.08	0	255	0
834	-166.92	-161.43	160.06	0	255	0
834	-166.95	-161.44	160.03	0	255	0
834	-166.98	-161.45	160.0	0	255	0
834	-167.02	-161.47	159.97	0	255	0
834	-167.05	-161.48	159.94	0	255	0
834	-167.09	-161.5	159.91	0	255	0
834	-167.13	-161.51	159.88	0	255	0
834	-167.17	-161.53	159.84	0	255	0
834	-167.21	-161.54	159.81	0	255	0
834	-167.25	-161.56	159.77	0	255	0
834	-167.29	-161.57	159.74	0	255	0
834	-167.33	-161.59	159.7	0	255	0
834	-167.37	-161.61	159.67	0	255	0
834	-167.42	-161.62	159.63	0	255	0
834	-167.46	-161.64	159.59	0	255	0
834	-167.51	-161.66	159.55	0	255	0
834	-167.56	-161.68	159.51	0	255	0
834	-167.6	-161.7	159.47	0	255	0
834	-167.65	-161.72	159.43	0	255	0
834	-167.7	-161.73	159.39	0	255	0
834	-167.75	-161.75	159.34	0	255	0
834	-167.8	-161.77	159.3	0	255	0
834	-167.85	-161.79	159.26	0	255	0
834	-167.91	-161.81	159.21	0	255	0
834	-167.96	-161.83	159.17	0	255	0
834	-168.01	-161.86	159.12	0	255	0
834	-168.06	-161.88	159.08	0	255	0
834	-168.12	-161.9	159.03	0	255	0
834	-168.17	-161.92	158.98	0	255	0
834	-168.23	-161.94	158.94	0	255	0
834	-168.28	-161.96	158.89	0	255	0
834	-168.34	-161.98	158.84	0	255	0
834	-168.4	-162.01	158.79	0	255	0
834	-168.45	-162.03	158.74	0	255	0
834	-168.51	-162.05	158.69	0	255	0
834	-168.57	-162.07	158.64	0	255	0
834	-168.63	-162.1	158.6	0	255	0
834	-168.69	-162.12	158.54	0	255	0
834	-168.75	-162.14	158.49	0	255	0
834	-168.8	-162.17	158.44	0	255	0
834	-168.86	-162.19	158.39	0	255	0
834	-168.92	-162.21	158.34	0	255	0
834	-168.98	-162.24	158.29	0	255	0
834	-169.04	-162.26	158.24	0	255	0
834	-169.1	-162.28	158.19	0	255	0
834	-169.17	-162.31	158.14	0	255	0
834	-169.23	-162.33	158.08	0	255	0
834	-169.29	-162.35	158.03	0	255	0
834	-169.35	-162.38	157.98	0	255	0
834	-169.41	-162.4	157.93	0	255	0
834	-169.47	-162.43	157.88	0	255	0
834	-169.53	-162.45	157.82	0	255	0
834	-169.59	-162.47	157.77	0	255	0
834	-169.65	-162.5	157.72	0	255	0
834	-169.71	-162.52	157.67	0	255	0
834	-169.77	-162.55	157.62	0	255	0
834	-169.84	-162.57	157.56	0	255	0
834	-169.9	-162.59	157.51	0	255	0
834	-169.96	-162.62	157.46	0	255	0
834	-170.02	-162.64	157.41	0	255	0
834	-170.08	-162.66	157.36	0	255	0
834	-170.14	-162.69	157.31	0	255	0
834	-170.2	-162.71	157.25	0	255	0
834	-170.26	-162.73	157.2	0	255	0
834	-170.32	-162.76	157.15	0	255	0
834	-170.38	-162.78	157.1	0	255	0
834	-170.44	-162.8	157.05	0	255	0
834	-170.49	-162.83	157.0	0	255	0
834	-170.55	-162.85	156.95	0	255	0
834	-170.61	-162.87	156.9	0	255	0
834	-170.67	-162.89	156.85	0	255	0
834	-170.72	-162.92	156.8	0	255	0
834	-170.78	-162.94	156.76	0	255	0
834	-170.84	-162.96	156.71	0	255	0
834	-170.89	-162.98	156.66	0	255	0
834	-170.95	-163.0	156.61	0	255	0
834	-171.0	-163.03	156.57	0	255	0
834	-171.06	-163.05	156.52	0	255	0
834	-171.11	-163.07	156.47	0	255	0
834	-171.16	-163.09	156.43	0	255	0
834	-171.22	-163.11	156.38	0	255	0
834	-171.27	-163.13	156.34	0	255	0
834	-171.32	-163.15	156.3	0	255	0
834	-171.37	-163.17	156.25	0	255	0
834	-171.42	-163.19	156.21	0	255	0
834	-171.47	-163.21	156.17	0	255	0
834	-171.52	-163.23	156.13	0	255	0
834	-171.56	-163.25	156.09	0	255	0
834	-171.61	-163.26	156.05	0	255	0
834	-171.66	-163.28	156.01	0	255	0
834	-171.7	-163.3	155.97	0	255	0
834	-171.75	-163.32	155.93	0	255	0
834	-171.79	-163.33	155.89	0	255	0
834	-171.83	-163.35	155.86	0	255	0
834	-171.87	-163.37	155.82	0	255	0
834	-171.92	-163.38	155.79	0	255	0
834	-171.96	-163.4	155.75	0	255	0
834	-171.99	-163.41	155.72	0	255	0
834	-172.03	-163.43	155.69	0	255	0
834	-172.07	-163.44	155.66	0	255	0
834	-172.1	-163.46	155.63	0	255	0
834	-172.14	-163.47	155.6	0	255	0
834	-172.17	-163.48	155.57	0	255	0
834	-172.2	-163.5	155.54	0	255	0
834	-172.24	-163.51	155.51	0	255	0
834	-172.27	-163.52	155.49	0	255	0
834	-172.3	-163.53	155.46	0	255	0
834	-172.32	-163.54	155.44	0	255	0
834	-172.35	-163.55	155.42	0	255	0
834	-172.37	-163.56	155.39	0	255	0
834	-172.4	-163.57	155.37	0	255	0
834	-172.42	-163.58	155.35	0	255	0
834	-172.44	-163.59	155.34	0	255	0
834	-172.46	-163.6	155.32	0	255	0
834	-172.48	-163.6	155.3	0	255	0
834	-172.5	-163.61	155.29	0	255	0
834	-172.52	-163.62	155.27	0	255	0
834	-172.53	-163.62	155.26	0	255	0
834	-172.54	-163.63	155.25	0	255	0
834	-172.55	-163.63	155.24	0	255	0
834	-172.56	-163.64	155.23	0	255	0
834	-172.57	-163.64	155.23	0	255	0
834	-172.58	-163.64	155.22	0	255	0
834	-172.59	-163.65	155.21	0	255	0
834	-172.59	-163.65	155.21	0	255	0
834	-172.59	-163.65	155.21	0	255	0
834	-172.59	-163.65	155.21	0	255	0
834	-172.59	-163.65	155.21	0	255	0
834	-172.59	-163.65	155.21	0	255	0
834	-172.59	-163.65	155.21	0	255	0
834	-172.58	-163.64	155.22	0	255	0
834	-172.57	-163.64	155.22	0	255	0
834	-172.57	-163.64	155.23	0	255	0
834	-172.56	-163.63	155.24	0	255	0
834	-172.54	-163.63	155.25	0	255	0
834	-172.53	-163.62	155.26	0	255	0
834	-172.52	-163.62	155.27	0	255	0
834	-172.5	-163.61	155.29	0	255	0
834	-172.48	-163.61	155.3	0	255	0
834	-172.47	-163.6	155.32	0	255	0
834	-172.45	-163.59	155.33	0	255	0
834	-172.43	-163.58	155.35	0	255	0
834	-172.4	-163.57	155.37	0	255	0
834	-172.38	-163.56	155.39	0	255	0
834	-172.36	-163.55	155.41	0	255	0
834	-172.33	-163.54	155.43	0	255	0
834	-172.3	-163.53	155.46	0	255	0
834	-172.27	-163.52	155.48	0	255	0
834	-172.24	-163.51	155.51	0	255	0
834	-172.21	-163.5	155.53	0	255	0
834	-172.18	-163.49	155.56	0	255	0
834	-172.15	-163.47	155.59	0	255	0
834	-172.12	-163.46	155.62	0	255	0
834	-172.08	-163.45	155.65	0	255	0
834	-172.05	-163.43	155.68	0	255	0
834	-172.01	-163.42	155.71	0	255	0
834	-171.97	-163.4	155.74	0	255	0
834	-171.93	-163.39	155.77	0	255	0
834	-171.89	-163.37	155.81	0	255	0
834	-171.85	-163.36	155.84	0	255	0
834	-171.81	-163.34	155.88	0	255	0
834	-171.77	-163.32	155.91	0	255	0
834	-171.72	-163.31	155.95	0	255	0
834	-171.68	-163.29	155.99	0	255	0
834	-171.63	-163.27	156.03	0	255	0
834	-171.59	-163.25	156.07	0	255	0
834	-171.54	-163.24	156.11	0	255	0
834	-171.5	-163.22	156.15	0	255	0
834	-171.45	-163.2	156.19	0	255	0
834	-171.4	-163.18	156.23	0	255	0
834	-171.35	-163.16	156.27	0	255	0
834	-171.3	-163.14	156.31	0	255	0
834	-171.25	-163.12	156.36	0	255	0
834	-171.2	-163.1	156.4	0	255	0
834	-171.14	-163.08	156.45	0	255	0
834	-171.09	-163.06	156.49	0	255	0
834	-171.04	-163.04	156.54	0	255	0
834	-170.99	-163.02	156.58	0	255	0
834	-170.93	-163.0	156.63	0	255	0
834	-170.88	-162.98	156.67	0	255	0
834	-170.82	-162.95	156.72	0	255	0
834	-170.77	-162.93	156.77	0	255	0
834	-170.71	-162.91	156.82	0	255	0
834	-170.65	-162.89	156.87	0	255	0
834	-170.6	-162.87	156.91	0	255	0
834	-170.54	-162.84	156.96	0	255	0
834	-170.48	-162.82	157.01	0	255	0
834	-170.42	-162.8	157.06	0	255	0
834	-170.37	-162.78	157.11	0	255	0
834	-170.31	-162.75	157.16	0	255	0
834	-170.25	-162.73	157.21	0	255	0
834	-170.19	-162.71	157.26	0	255	0
834	-170.13	-162.68	157.31	0	255	0
834	-170.07	-162.66	157.36	0	255	0
834	-170.01	-162.64	157.41	0	255	0
834	-169.95	-162.61	157.46	0	255	0
834	-169.89	-162.59	157.52	0	255	0
834	-169.83	-162.57	157.57	0	255	0
834	-169.77	-162.54	157.62	0	255	0
834	-169.71	-162.52	157.67	0	255	0
834	-169.65	-162.5	157.72	0	255	0
834	-169.59	-162.47	157.77	0	255	0
834	-169.53	-162.45	157.82	0	255	0
834	-169.47	-162.43	157.88	0	255	0
834	-169.41	-162.4	157.93	0	255	0
834	-169.35	-162.38	157.98	0	255	0
834	-169.29	-162.36	158.03	0	255	0
834	-169.23	-162.33	158.08	0	255	0
834	-169.17	-162.31	158.13	0	255	0
834	-169.11	-162.29	158.18	0	255	0
834	-169.05	-162.26	158.23	0	255	0
834	-168.99	-162.24	158.28	0	255	0
834	-168.93	-162.22	158.34	0	255	0
834	-168.87	-162.19	158.39	0	255	0
834	-168.81	-162.17	158.44	0	255	0
834	-168.76	-162.15	158.49	0	255	0
834	-168.7	-162.12	158.54	0	255	0
834	-168.64	-162.1	158.58	0	255	0
834	-168.58	-162.08	158.63	0	255	0
834	-168.53	-162.06	158.68	0	255	0
834	-168.47	-162.03	158.73	0	255	0
834	-168.41	-162.01	158.78	0	255	0
834	-168.36	-161.99	158.83	0	255	0
834	-168.3	-161.97	158.87	0	255	0
834	-168.25	-161.95	158.92	0	255	0
834	-168.19	-161.93	158.97	0	255	0
834	-168.14	-161.9	159.01	0	255	0
834	-168.08	-161.88	159.06	0	255	0
834	-168.03	-161.86	159.11	0	255	0
834	-167.98	-161.84	159.15	0	255	0
834	-167.93	-161.82	159.2	0	255	0
834	-167.87	-161.8	159.24	0	255	0
834	-167.82	-161.78	159.28	0	255	0
834	-167.77	-161.76	159.33	0	255	0
834	-167.72	-161.74	159.37	0	255	0
834	-167.67	-161.72	159.41	0	255	0
834	-167.63	-161.71	159.45	0	255	0
834	-167.58	-161.69	159.49	0	255	0
834	-167.53	-161.67	159.53	0	255	0
834	-167.49	-161.65	159.57	0	255	0
834	-167.44	-161.63	159.61	0	255	0
834	-167.4	-161.62	159.65	0	255	0
834	-167.35	-161.6	159.68	0	255	0
834	-167.31	-161.58	159.72	0	255	0
834	-167.27	-161.57	159.75	0	255	0
834	-167.23	-161.55	159.79	0	255	0
834	-167.19	-161.53	159.82	0	255	0
834	-167.15	-161.52	159.86	0	255	0
834	-167.11	-161.5	159.89	0	255	0
834	-167.08	-161.49	159.92	0	255	0
834	-167.04	-161.48	159.95	0	255	0
834	-167.01	-161.46	159.98	0	255	0
834	-166.97	-161.45	160.01	0	255	0
834	-166.94	-161.44	160.04	0	255	0
834	-166.91	-161.42	160.06	0	255	0
834	-166.88	-161.41	160.09	0	255	0
834	-166.85	-161.4	160.12	0	255	0
834	-166.82	-161.39	160.14	0	255	0
834	-166.79	-161.38	160.16	0	255	0
834	-166.77	-161.37	160.19	0	255	0
834	-166.74	-161.36	160.21	0	255	0
834	-166.72	-161.35	160.23	0	255	0
834	-166.7	-161.34	160.25	0	255	0
834	-166.67	-161.33	160.26	0	255	0
834	-166.66	-161.33	160.28	0	255	0
834	-166.64	-161.32	160.3	0	255	0
834	-166.62	-161.31	160.31	0	255	0
834	-166.6	-161.31	160.32	0	255	0
834	-166.59	-161.3	160.34	0	255	0
834	-166.58	-161.29	160.35	0	255	0
834	-166.57	-161.29	160.36	0	255	0
834	-166.56	-161.29	160.36	0	255	0
834	-166.55	-161.28	160.37	0	255	0
834	-166.54	-161.28	160.38	0	255	0
834	-166.54	-161.28	160.38	0	255	0
834	-166.53	-161.28	160.39	0	255	0
834	-166.53	-161.28	160.39	0	255	0
834	-166.53	-161.28	160.39	0	255	0
834	-166.53	-161.28	160.39	0	255	0
834	-166.53	-161.28	160.39	0	255	0
834	-166.53	-161.28	160.39	0	255	0
834	-166.53	-161.28	160.39	0	255	0
834	-166.53	-161.28	160.39	0	255	0
834	-166.53	-161.28	160.39	0	255	0
834	-166.53	-161.28	160.39	0	255	0
834	-166.53	-161.28	160.39	0	255	0
834	-166.53	-161.28	160.39	0	255	0
834	-166.53	-161.28	160.39	0	255	0
834	-166.53	-161.28	160.39	0	255	0
834	-166.53	-161.28	160.39	0	255	0
834	-166.53	-161.28	160.39	0	255	0
834	-166.53	-161.28	160.39	0	255	0
834	-166.53	-161.28	160.39	0	255	0
834	-166.53	-161.28	160.39	0	255	0
834	-166.53	-161.28	160.39	0	255	0
834	-166.53	-161.28	160.39	0	255	0
834	-166.53	-161.28	160.39	0	255	0
834	-166.53	-161.28	160.39	0	255	0
834	-166.53	-161.28	160.39	0	255	0
834	-166.53	-161.28	160.39	0	255	0
834	-166.53	-161.28	160.39	0	255	0
834	-166.53	-161.28	160.39	0	255	0
834	-166.53	-161.28	160.39	0	255	0
834	-166.53	-161.28	160.39	0	255	0
834	-166.53	-161.28	160.39	0	255	0
834	-166.53	-161.28	160.39	0	255	0
834	-166.53	-161.28	160.39	0	255	0
834	-166.53	-161.28	160.39	0	255	0
834	-166.53	-161.28	160.39	0	255	0
834	-166.53	-161.28	160.39	0	255	0
834	-166.53	-161.28	160.39	0	255	0
834	-166.53	-161.28	160.39	0	255	0
834	-166.53	-161.28	160.39	0	255	0
834	-166.53	-161.28	160.39	0	255	0
834	-166.53	-161.28	160.39	0	255	0
834	-166.53	-161.28	160.39	0	255	0
834	-166.53	-161.28	160.39	0	255	0
834	-166.53	-161.28	160.39	0	255	0
834	-166.53	-161.28	160.39	0	255	0
834	-166.53	-161.28	160.39	0	255	0
834	-166.53	-161.28	160.39	0	255	0
834	-166.53	-161.28	160.39	0	255	0
834	-166.53	-161.28	160.39	0	255	0
834	-166.53	-161.28	160.39	0	255	0
834	-166.53	-161.28	160.39	0	255	0
834	-166.53	-161.28	160.39	0	255	0
834	-166.53	-161.28	160.39	0	255	0
834	-166.53	-161.28	160.39	0	255	0
834	-166.53	-161.28	160.39	0	255	0
834	-166.53	-161.28	160.39	0	255	0
834	-166.53	-161.28	160.39	0	255	0
834	-166.53	-161.28	160.39	0	255	0
834	-166.53	-161.28	160.39	0	255	0
834	-166.53	-161.28	160.39	0	255	0
834	-166.53	-161.28	160.39	0	255	0
834	-166.53	-161.28	160.39	0	255	0
834	-166.53	-161.28	160.39	0	255	0
834	-166.53	-161.28	160.39	0	255	0
834	-166.53	-161.28	160.39	0	255	0
834	-166.53	-161.28	160.39	0	255	0
834	-166.53	-161.28	160.39	0	255	0
834	-166.53	-161.28	160.39	0	255	0
834	-166.53	-161.28	160.39	0	255	0
834	-166.53	-161.28	160.39	0	255	0
834	-166.53	-161.28	160.39	0	255	0
834	-166.53	-161.28	160.39	0	255	0
834	-166.53	-161.28	160.39	0	255	0
834	-166.53	-161.28	160.39	0	255	0
834	-166.53	-161.28	160.39	0	255	0
834	-166.53	-161.28	160.39	0	255	0
834	-166.53	-161.28	160.39	0	255	0
834	-166.53	-161.28	160.39	0	255	0
834	-166.53	-161.28	160.39	0	255	0
834	-166.53	-161.28	160.39	0	255	0
834	-166.53	-161.28	160.39	0	255	0
834	-166.53	-161.28	160.39	0	255	0
834	-166.53	-161.28	160.39	0	255	0
834	-166.53	-161.28	160.39	0	255	0
834	-166.53	-161.28	160.39	0	255	0
834	-166.53	-161.28	160.39	0	255	0
834	-166.53	-161.28	160.39	0	255	0
834	-166.53	-161.28	160.39	0	255	0
834	-166.53	-161.28	160.39	0	255	0
834	-166.53	-161.28	160.39	0	255	0
834	-166.53	-161.28	160.39	0	255	0
834	-166.53	-161.28	160.39	0	255	0
834	-166.53	-161.28	160.39	0	255	0
834	-166.53	-161.28	160.39	0	255	0
834	-166.53	-161.28	160.39	0	255	0
834	-166.53	-161.28	160.39	0	255	0
834	-166.53	-161.28	160.39	0	255	0
834	-166.53	-161.28	160.39	0	255	0
834	-166.53	-161.28	160.39	0	255	0
834	-166.53	-161.28	160.39	0	255	0
834	-166.53	-161.28	160.39	0	255	0
834	-166.53	-161.28	160.39	0	255	0
834	-166.53	-161.28	160.39	0	255	0
834	-166.53	-161.28	160.39	0	255	0
834	-166.53	-161.28	160.39	0	255	0
834	-166.53	-161.28	160.39	0	255	0
834	-166.53	-161.28	160.39	0	255	0
834	-166.53	-161.28	160.39	0	255	0
834	-166.53	-161.28	160.39	0	255	0
834	-166.53	-161.28	160.39	0	255	0
834	-166.53	-161.28	160.39	0	255	0
834	-166.53	-161.28	160.39	0	255	0
834	-166.53	-161.28	160.39	0	255	0
834	-166.53	-161.28	160.39	0	255	0
834	-166.53	-161.28	160.39	0	255	0
834	-166.53	-161.28	160.39	0	255	0
834	-166.53	-161.28	160.39	0	255	0
834	-166.53	-161.28	160.39	0	255	0
834	-166.53	-161.28	160.39	0	255	0
834	-166.53	-161.28	160.39	0	255	0
834	-166.53	-161.28	160.39	0	255	0
834	-166.53	-161.28	160.39	0	255	0
834	-166.53	-161.28	160.39	0	255	0
834	-166.53	-161.28	160.39	0	255	0
