842	-140.79	-157.2	145.22	0	255	0
842	-140.79	-157.2	145.22	0	255	0
842	-140.79	-157.2	145.22	0	255	0
842	-140.79	-157.2	145.22	0	255	0
842	-140.79	-157.2	145.22	0	255	0
842	-140.79	-157.2	145.22	0	255	0
842	-140.79	-157.2	145.22	0	255	0
842	-140.79	-157.2	145.22	0	255	0
842	-140.79	-157.2	145.22	0	255	0
842	-140.79	-157.2	145.22	0	255	0
842	-140.79	-157.2	145.22	0	255	0
842	-140.79	-157.2	145.22	0	255	0
842	-140.79	-157.2	145.22	0	255	0
842	-140.79	-157.2	145.22	0	255	0
842	-140.79	-157.2	145.22	0	255	0
842	-140.79	-157.2	145.22	0	255	0
842	-140.79	-157.2	145.22	0	255	0
842	-140.79	-157.2	145.22	0	255	0
842	-140.79	-157.2	145.22	0	255	0
842	-140.79	-157.2	145.22	0	255	0
842	-140.79	-157.2	145.22	0	255	0
842	-140.79	-157.2	145.22	0	255	0
842	-140.79	-157.2	145.22	0	255	0
842	-140.79	-157.2	145.22	0	255	0
842	-140.79	-157.2	145.22	0	255	0
842	-140.79	-157.2	145.22	0	255	0
842	-140.79	-157.2	145.22	0	255	0
842	-140.79	-157.2	145.22	0	255	0
842	-140.79	-157.2	145.22	0	255	0
842	-140.79	-157.2	145.22	0	255	0
842	-140.79	-157.2	145.22	0	255	0
842	-140.79	-157.2	145.22	0	255	0
842	-140.79	-157.2	145.21	0	255	0
842	-140.79	-157.2	145.21	0	255	0
842	-140.8	-157.2	145.2	0	255	0
842	-140.8	-157.21	145.19	0	255	0
842	-140.8	-157.21	145.18	0	255	0
842	-140.81	-157.21	145.17	0	255	0
842	-140.81	-157.21	145.16	0	255	0
842	-140.82	-157.22	145.14	0	255	0
842	-140.83	-157.22	145.13	0	255	0
842	-140.83	-157.23	145.11	0	255	0
842	-140.84	-157.23	145.09	0	255	0
842	-140.85	-157.24	145.07	0	255	0
842	-140.86	-157.25	145.04	0	255	0
842	-140.87	-157.25	145.02	0	255	0
842	-140.88	-157.26	144.99	0	255	0
842	-140.89	-157.27	144.96	0	255	0
842	-140.9	-157.27	144.93	0	255	0
842	-140.92	-157.28	144.9	0	255	0
842	-140.93	-157.29	144.87	0	255	0
842	-140.94	-157.3	144.83	0	255	0
842	-140.96	-157.31	144.8	0	255	0
842	-140.97	-157.32	144.76	0	255	0
842	-140.98	-157.33	144.72	0	255	0
842	-141.0	-157.34	144.68	0	255	0
842	-141.02	-157.35	144.64	0	255	0
842	-141.03	-157.36	144.6	0	255	0
842	-141.05	-157.37	144.56	0	255	0
842	-141.07	-157.38	144.52	0	255	0
842	-141.08	-157.39	144.47	0	255	0
842	-141.1	-157.41	144.42	0	255	0
842	-141.12	-157.42	144.38	0	255	0
842	-141.14	-157.43	144.33	0	255	0
842	-141.16	-157.44	144.28	0	255	0
842	-141.18	-157.46	144.23	0	255	0
842	-141.2	-157.47	144.17	0	255	0
842	-141.22	-157.49	144.12	0	255	0
842	-141.24	-157.5	144.07	0	255	0
842	-141.26	-157.51	144.01	0	255	0
842	-141.29	-157.53	143.96	0	255	0
842	-141.31	-157.54	143.9	0	255	0
842	-141.33	-157.56	143.84	0	255	0
842	-141.35	-157.57	143.78	0	255	0
842	-141.38	-157.59	143.72	0	255	0
842	-141.4	-157.6	143.66	0	255	0
842	-141.42	-157.62	143.6	0	255	0
842	-141.45	-157.64	143.54	0	255	0
842	-141.47	-157.65	143.48	0	255	0
842	-141.5	-157.67	143.42	0	255	0
842	-141.52	-157.69	143.35	0	255	0
842	-141.55	-157.7	143.29	0	255	0
842	-141.57	-157.72	143.22	0	255	0
842	-141.6	-157.74	143.16	0	255	0
842	-141.62	-157.75	143.09	0	255	0
842	-141.65	-157.77	143.03	0	255	0
842	-141.68	-157.79	142.96	0	255	0
842	-141.7	-157.81	142.89	0	255	0
842	-141.73	-157.82	142.82	0	255	0
842	-141.76	-157.84	142.76	0	255	0
842	-141.78	-157.86	142.69	0	255	0
842	-141.81	-157.88	142.62	0	255	0
842	-141.84	-157.89	142.55	0	255	0
842	-141.86	-157.91	142.48	0	255	0
842	-141.89	-157.93	142.41	0	255	0
842	-141.92	-157.95	142.34	0	255	0
842	-141.95	-157.97	142.27	0	255	0
842	-141.98	-157.99	142.2	0	255	0
842	-142.0	-158.0	142.13	0	255	0
842	-142.03	-158.02	142.06	0	255	0
842	-142.06	-158.04	141.98	0	255	0
842	-142.09	-158.06	141.91	0	255	0
842	-142.11	-158.08	141.84	0	255	0
842	-142.14	-158.1	141.77	0	255	0
842	-142.17	-158.12	141.7	0	255	0
842	-142.2	-158.14	141.63	0	255	0
842	-142.23	-158.15	141.55	0	255	0
842	-142.26	-158.17	141.48	0	255	0
842	-142.28	-158.19	141.41	0	255	0
842	-142.31	-158.21	141.34	0	255	0
842	-142.34	-158.23	141.27	0	255	0
842	-142.37	-158.25	141.2	0	255	0
842	-142.39	-158.27	141.13	0	255	0
842	-142.42	-158.28	141.06	0	255	0
842	-142.45	-158.3	140.99	0	255	0
842	-142.48	-158.32	140.92	0	255	0
842	-142.51	-158.34	140.85	0	255	0
842	-142.53	-158.36	140.78	0	255	0
842	-142.56	-158.37	140.71	0	255	0
842	-142.59	-158.39	140.64	0	255	0
842	-142.61	-158.41	140.57	0	255	0
842	-142.64	-158.43	140.5	0	255	0
842	-142.67	-158.45	140.43	0	255	0
842	-142.69	-158.46	140.36	0	255	0
842	-142.72	-158.48	140.3	0	255	0
842	-142.75	-158.5	140.23	0	255	0
842	-142.77	-158.52	140.17	0	255	0
842	-142.8	-158.53	140.1	0	255	0
842	-142.82	-158.55	140.04	0	255	0
842	-142.85	-158.57	139.97	0	255	0
842	-142.87	-158.58	139.91	0	255	0
842	-142.9	-158.6	139.84	0	255	0
842	-142.92	-158.62	139.78	0	255	0
842	-142.95	-158.63	139.72	0	255	0
842	-142.97	-158.65	139.66	0	255	0
842	-142.99	-158.66	139.6	0	255	0
842	-143.02	-158.68	139.54	0	255	0
842	-143.04	-158.69	139.48	0	255	0
842	-143.06	-158.71	139.43	0	255	0
842	-143.08	-158.72	139.37	0	255	0
842	-143.11	-158.74	139.31	0	255	0
842	-143.13	-158.75	139.26	0	255	0
842	-143.15	-158.77	139.2	0	255	0
842	-143.17	-158.78	139.15	0	255	0
842	-143.19	-158.79	139.1	0	255	0
842	-143.21	-158.81	139.05	0	255	0
842	-143.23	-158.82	139.0	0	255	0
842	-143.25	-158.83	138.95	0	255	0
842	-143.27	-158.85	138.9	0	255	0
842	-143.29	-158.86	138.85	0	255	0
842	-143.3	-158.87	138.81	0	255	0
842	-143.32	-158.88	138.76	0	255	0
842	-143.34	-158.89	138.72	0	255	0
842	-143.35	-158.9	138.68	0	255	0
842	-143.37	-158.91	138.64	0	255	0
842	-143.39	-158.92	138.6	0	255	0
842	-143.4	-158.93	138.56	0	255	0
842	-143.41	-158.94	138.53	0	255	0
842	-143.43	-158.95	138.49	0	255	0
842	-143.44	-158.96	138.46	0	255	0
842	-143.45	-158.97	138.42	0	255	0
842	-143.47	-158.98	138.39	0	255	0
842	-143.48	-158.99	138.36	0	255	0
842	-143.49	-158.99	138.33	0	255	0
842	-143.5	-159.0	138.31	0	255	0
842	-143.51	-159.01	138.28	0	255	0
842	-143.52	-159.01	138.26	0	255	0
842	-143.53	-159.02	138.24	0	255	0
842	-143.54	-159.02	138.22	0	255	0
842	-143.54	-159.03	138.2	0	255	0
842	-143.55	-159.03	138.18	0	255	0
842	-143.56	-159.04	138.17	0	255	0
842	-143.56	-159.04	138.15	0	255	0
842	-143.57	-159.04	138.14	0	255	0
842	-143.57	-159.05	138.13	0	255	0
842	-143.57	-159.05	138.12	0	255	0
842	-143.58	-159.05	138.11	0	255	0
842	-143.58	-159.05	138.11	0	255	0
842	-143.58	-159.05	138.11	0	255	0
842	-143.58	-159.05	138.11	0	255	0
842	-143.58	-159.05	138.11	0	255	0
842	-143.58	-159.05	138.11	0	255	0
842	-143.58	-159.05	138.11	0	255	0
842	-143.57	-159.05	138.12	0	255	0
842	-143.57	-159.05	138.13	0	255	0
842	-143.57	-159.04	138.14	0	255	0
842	-143.56	-159.04	138.15	0	255	0
842	-143.56	-159.04	138.16	0	255	0
842	-143.55	-159.03	138.18	0	255	0
842	-143.54	-159.03	138.2	0	255	0
842	-143.54	-159.02	138.21	0	255	0
842	-143.53	-159.02	138.23	0	255	0
842	-143.52	-159.01	138.25	0	255	0
842	-143.51	-159.01	138.28	0	255	0
842	-143.5	-159.0	138.3	0	255	0
842	-143.49	-158.99	138.33	0	255	0
842	-143.48	-158.99	138.36	0	255	0
842	-143.47	-158.98	138.38	0	255	0
842	-143.46	-158.97	138.42	0	255	0
842	-143.45	-158.96	138.45	0	255	0
842	-143.43	-158.95	138.48	0	255	0
842	-143.42	-158.95	138.51	0	255	0
842	-143.4	-158.94	138.55	0	255	0
842	-143.39	-158.93	138.59	0	255	0
842	-143.38	-158.92	138.63	0	255	0
842	-143.36	-158.91	138.67	0	255	0
842	-143.34	-158.9	138.71	0	255	0
842	-143.33	-158.88	138.75	0	255	0
842	-143.31	-158.87	138.79	0	255	0
842	-143.29	-158.86	138.84	0	255	0
842	-143.27	-158.85	138.88	0	255	0
842	-143.26	-158.84	138.93	0	255	0
842	-143.24	-158.83	138.98	0	255	0
842	-143.22	-158.81	139.03	0	255	0
842	-143.2	-158.8	139.08	0	255	0
842	-143.18	-158.79	139.13	0	255	0
842	-143.16	-158.77	139.18	0	255	0
842	-143.14	-158.76	139.23	0	255	0
842	-143.12	-158.75	139.28	0	255	0
842	-143.1	-158.73	139.34	0	255	0
842	-143.07	-158.72	139.39	0	255	0
842	-143.05	-158.7	139.45	0	255	0
842	-143.03	-158.69	139.51	0	255	0
842	-143.01	-158.67	139.57	0	255	0
842	-142.98	-158.66	139.62	0	255	0
842	-142.96	-158.64	139.68	0	255	0
842	-142.94	-158.63	139.74	0	255	0
842	-142.91	-158.61	139.81	0	255	0
842	-142.89	-158.59	139.87	0	255	0
842	-142.86	-158.58	139.93	0	255	0
842	-142.84	-158.56	139.99	0	255	0
842	-142.81	-158.54	140.06	0	255	0
842	-142.79	-158.53	140.12	0	255	0
842	-142.76	-158.51	140.18	0	255	0
842	-142.74	-158.49	140.25	0	255	0
842	-142.71	-158.48	140.32	0	255	0
842	-142.69	-158.46	140.38	0	255	0
842	-142.66	-158.44	140.45	0	255	0
842	-142.63	-158.42	140.51	0	255	0
842	-142.61	-158.41	140.58	0	255	0
842	-142.58	-158.39	140.65	0	255	0
842	-142.55	-158.37	140.72	0	255	0
842	-142.53	-158.35	140.79	0	255	0
842	-142.5	-158.34	140.86	0	255	0
842	-142.47	-158.32	140.93	0	255	0
842	-142.45	-158.3	140.99	0	255	0
842	-142.42	-158.28	141.06	0	255	0
842	-142.39	-158.26	141.13	0	255	0
842	-142.36	-158.25	141.2	0	255	0
842	-142.34	-158.23	141.27	0	255	0
842	-142.31	-158.21	141.34	0	255	0
842	-142.28	-158.19	141.42	0	255	0
842	-142.25	-158.17	141.49	0	255	0
842	-142.23	-158.15	141.56	0	255	0
842	-142.2	-158.14	141.63	0	255	0
842	-142.17	-158.12	141.7	0	255	0
842	-142.14	-158.1	141.77	0	255	0
842	-142.12	-158.08	141.84	0	255	0
842	-142.09	-158.06	141.91	0	255	0
842	-142.06	-158.04	141.98	0	255	0
842	-142.03	-158.02	142.05	0	255	0
842	-142.01	-158.01	142.12	0	255	0
842	-141.98	-157.99	142.19	0	255	0
842	-141.95	-157.97	142.26	0	255	0
842	-141.92	-157.95	142.33	0	255	0
842	-141.9	-157.93	142.4	0	255	0
842	-141.87	-157.92	142.47	0	255	0
842	-141.84	-157.9	142.54	0	255	0
842	-141.82	-157.88	142.61	0	255	0
842	-141.79	-157.86	142.67	0	255	0
842	-141.76	-157.84	142.74	0	255	0
842	-141.74	-157.83	142.81	0	255	0
842	-141.71	-157.81	142.88	0	255	0
842	-141.68	-157.79	142.94	0	255	0
842	-141.66	-157.77	143.01	0	255	0
842	-141.63	-157.76	143.08	0	255	0
842	-141.61	-157.74	143.14	0	255	0
842	-141.58	-157.72	143.2	0	255	0
842	-141.56	-157.71	143.27	0	255	0
842	-141.53	-157.69	143.33	0	255	0
842	-141.51	-157.67	143.4	0	255	0
842	-141.48	-157.66	143.46	0	255	0
842	-141.46	-157.64	143.52	0	255	0
842	-141.43	-157.63	143.58	0	255	0
842	-141.41	-157.61	143.64	0	255	0
842	-141.39	-157.59	143.7	0	255	0
842	-141.36	-157.58	143.76	0	255	0
842	-141.34	-157.56	143.82	0	255	0
842	-141.32	-157.55	143.87	0	255	0
842	-141.3	-157.53	143.93	0	255	0
842	-141.27	-157.52	143.99	0	255	0
842	-141.25	-157.51	144.04	0	255	0
842	-141.23	-157.49	144.09	0	255	0
842	-141.21	-157.48	144.15	0	255	0
842	-141.19	-157.47	144.2	0	255	0
842	-141.17	-157.45	144.25	0	255	0
842	-141.15	-157.44	144.3	0	255	0
842	-141.13	-157.43	144.35	0	255	0
842	-141.11	-157.41	144.4	0	255	0
842	-141.1	-157.4	144.44	0	255	0
842	-141.08	-157.39	144.49	0	255	0
842	-141.06	-157.38	144.53	0	255	0
842	-141.04	-157.37	144.58	0	255	0
842	-141.03	-157.36	144.62	0	255	0
842	-141.01	-157.35	144.66	0	255	0
842	-141.0	-157.33	144.7	0	255	0
842	-140.98	-157.32	144.74	0	255	0
842	-140.97	-157.32	144.77	0	255	0
842	-140.95	-157.31	144.81	0	255	0
842	-140.94	-157.3	144.84	0	255	0
842	-140.92	-157.29	144.88	0	255	0
842	-140.91	-157.28	144.91	0	255	0
842	-140.9	-157.27	144.94	0	255	0
842	-140.89	-157.26	144.97	0	255	0
842	-140.88	-157.26	145.0	0	255	0
842	-140.87	-157.25	145.02	0	255	0
842	-140.86	-157.24	145.05	0	255	0
842	-140.85	-157.24	145.07	0	255	0
842	-140.84	-157.23	145.09	0	255	0
842	-140.83	-157.23	145.11	0	255	0
842	-140.83	-157.22	145.13	0	255	0
842	-140.82	-157.22	145.15	0	255	0
842	-140.81	-157.21	145.16	0	255	0
842	-140.81	-157.21	145.17	0	255	0
842	-140.8	-157.21	145.19	0	255	0
842	-140.8	-157.21	145.2	0	255	0
842	-140.8	-157.2	145.2	0	255	0
842	-140.79	-157.2	145.21	0	255	0
842	-140.79	-157.2	145.21	0	255	0
842	-140.79	-157.2	145.22	0	255	0
842	-140.79	-157.2	145.22	0	255	0
842	-140.79	-157.2	145.22	0	255	0
842	-140.79	-157.2	145.22	0	255	0
842	-140.79	-157.2	145.22	0	255	0
842	-140.79	-157.2	145.22	0	255	0
842	-140.79	-157.2	145.22	0	255	0
842	-140.79	-157.2	145.22	0	255	0
842	-140.79	-157.2	145.22	0	255	0
842	-140.79	-157.2	145.22	0	255	0
842	-140.79	-157.2	145.22	0	255	0
842	-140.79	-157.2	145.22	0	255	0
842	-140.79	-157.2	145.22	0	255	0
842	-140.79	-157.2	145.22	0	255	0
842	-140.79	-157.2	145.22	0	255	0
842	-140.79	-157.2	145.22	0	255	0
842	-140.79	-157.2	145.22	0	255	0
842	-140.79	-157.2	145.22	0	255	0
842	-140.79	-157.2	145.22	0	255	0
842	-140.79	-157.2	145.22	0	255	0
842	-140.79	-157.2	145.22	0	255	0
842	-140.79	-157.2	145.22	0	255	0
842	-140.79	-157.2	145.22	0	255	0
842	-140.79	-157.2	145.22	0	255	0
842	-140.79	-157.2	145.22	0	255	0
842	-140.79	-157.2	145.22	0	255	0
842	-140.79	-157.2	145.22	0	255	0
842	-140.79	-157.2	145.22	0	255	0
842	-140.79	-157.2	145.22	0	255	0
842	-140.79	-157.2	145.22	0	255	0
842	-140.79	-157.2	145.22	0	255	0
842	-140.79	-157.2	145.22	0	255	0
842	-140.79	-157.2	145.22	0	255	0
842	-140.79	-157.2	145.22	0	255	0
842	-140.79	-157.2	145.22	0	255	0
842	-140.79	-157.2	145.22	0	255	0
842	-140.79	-157.2	145.22	0	255	0
842	-140.79	-157.2	145.22	0	255	0
842	-140.79	-157.2	145.22	0	255	0
842	-140.79	-157.2	145.22	0	255	0
842	-140.79	-157.2	145.22	0	255	0
842	-140.79	-157.2	145.22	0	255	0
842	-140.79	-157.2	145.22	0	255	0
842	-140.79	-157.2	145.22	0	255	0
842	-140.79	-157.2	145.22	0	255	0
842	-140.79	-157.2	145.22	0	255	0
842	-140.79	-157.2	145.22	0	255	0
842	-140.79	-157.2	145.22	0	255	0
842	-140.79	-157.2	145.22	0	255	0
842	-140.79	-157.2	145.22	0	255	0
842	-140.79	-157.2	145.22	0	255	0
842	-140.79	-157.2	145.22	0	255	0
842	-140.79	-157.2	145.22	0	255	0
842	-140.79	-157.2	145.22	0	255	0
842	-140.79	-157.2	145.22	0	255	0
842	-140.79	-157.2	145.22	0	255	0
842	-140.79	-157.2	145.22	0	255	0
842	-140.79	-157.2	145.22	0	255	0
842	-140.79	-157.2	145.22	0	255	0
842	-140.79	-157.2	145.22	0	255	0
842	-140.79	-157.2	145.22	0	255	0
842	-140.79	-157.2	145.22	0	255	0
842	-140.79	-157.2	145.22	0	255	0
842	-140.79	-157.2	145.22	0	255	0
842	-140.79	-157.2	145.22	0	255	0
842	-140.79	-157.2	145.22	0	255	0
842	-140.79	-157.2	145.22	0	255	0
842	-140.79	-157.2	145.22	0	255	0
842	-140.79	-157.2	145.22	0	255	0
842	-140.79	-157.2	145.22	0	255	0
842	-140.79	-157.2	145.22	0	255	0
842	-140.79	-157.2	145.22	0	255	0
842	-140.79	-157.2	145.22	0	255	0
842	-140.79	-157.2	145.22	0	255	0
842	-140.79	-157.2	145.22	0	255	0
842	-140.79	-157.2	145.22	0	255	0
842	-140.79	-157.2	145.22	0	255	0
842	-140.79	-157.2	145.22	0	255	0
842	-140.79	-157.2	145.22	0	255	0
842	-140.79	-157.2	145.22	0	255	0
842	-140.79	-157.2	145.22	0	255	0
842	-140.79	-157.2	145.22	0	255	0
842	-140.79	-157.2	145.22	0	255	0
842	-140.79	-157.2	145.22	0	255	0
842	-140.79	-157.2	145.22	0	255	0
842	-140.79	-157.2	145.22	0	255	0
842	-140.79	-157.2	145.22	0	255	0
842	-140.79	-157.2	145.22	0	255	0
842	-140.79	-157.2	145.22	0	255	0
842	-140.79	-157.2	145.22	0	255	0
842	-140.79	-157.2	145.22	0	255	0
842	-140.79	-157.2	145.22	0	255	0
842	-140.79	-157.2	145.22	0	255	0
842	-140.79	-157.2	145.22	0	255	0
842	-140.79	-157.2	145.22	0	255	0
842	-140.79	-157.2	145.22	0	255	0
842	-140.79	-157.2	145.22	0	255	0
842	-140.79	-157.2	145.22	0	255	0
842	-140.79	-157.2	145.22	0	255	0
842	-140.79	-157.2	145.22	0	255	0
842	-140.79	-157.2	145.22	0	255	0
842	-140.79	-157.2	145.22	0	255	0
842	-140.79	-157.2	145.22	0	255	0
842	-140.79	-157.2	145.22	0	255	0
842	-140.79	-157.2	145.22	0	255	0
842	-140.79	-157.2	145.22	0	255	0
842	-140.79	-157.2	145.22	0	255	0
842	-140.79	-157.2	145.22	0	255	0
842	-140.79	-157.2	145.22	0	255	0
842	-140.79	-157.2	145.22	0	255	0
842	-140.79	-157.2	145.22	0	255	0
842	-140.79	-157.2	145.22	0	255	0
842	-140.79	-157.2	145.22	0	255	0
842	-140.79	-157.2	145.22	0	255	0
842	-140.79	-157.2	145.22	0	255	0
842	-140.79	-157.2	145.22	0	255	0
842	-140.79	-157.2	145.22	0	255	0
842	-140.79	-157.2	145.22	0	255	0
842	-140.79	-157.2	145.22	0	255	0
842	-140.79	-157.2	145.22	0	255	0
842	-140.79	-157.2	145.22	0	255	0
842	-140.79	-157.2	145.22	0	255	0
